 zone
   4287.5197691162730        2271.7241523838170        576.62995706218726     
   4197.7452658400071        2192.6241719467562        745.50444077551458     
   4116.6045628988477        2161.6341203581928        857.63519530523695     
   4039.6246563085901        2164.5476136390084        931.70160861467889     
   3962.3325420850306        2187.1582678100822        986.38306866716482     
   3880.2552162439642        2215.2596988922946        1040.3589634260188     
   3790.0478665746086        2237.4749830271871        1108.3510289604817     
   3692.8783983224739        2253.7450444439851        1189.2504357958180     
   3591.0429209824047        2266.8402625432236        1277.9906950366494     
   3486.8375376446575        2279.5310186708812        1369.5053222467388     
   3382.5583513994875        2294.5876941729412        1458.7278329898490     
   3279.9278877692723        2314.2065841552658        1541.7394066377396     
   3178.3743093345583        2338.2876504234227        1619.2119188042957     
   3076.7522167093480        2366.1567661917716        1692.9648956611577     
   2973.9162027925117        2397.1398059534204        1764.8178698163454     
   2868.7208604829198        2430.5626442014791        1836.5903738778779     
   2760.6352533315039        2465.6651029497598        1909.5735222810133     
   2651.5862700819985        2501.3428129341542        1982.9447955461246     
   2544.1152859528611        2536.4053472323458        2055.3532453770704     
   2440.7636682085481        2569.6622814863617        2125.4479288673674     
   2344.0727841135167        2599.9231913382268        2191.8779031105337     
   2254.7144473204985        2627.1978315330480        2253.9615997087308     
   2165.8822132781920        2656.2966859734383        2313.6949793106469     
   2068.9000977984874        2693.2304133495199        2373.7433674142703     
   1955.0921098004917        2744.0096744648536        2436.7720942969322     
   1815.7822582033098        2814.6451301230004        2505.4464902359673     
 zone
   3807.2662331686261        3350.4130155393591        1728.1981099690001     
   3897.9713035001341        3305.3903725337873        1682.5156826430639     
   3956.4593370831212        3292.6376013985550        1636.7804201953095     
   3993.9774265751867        3300.4959046411414        1591.4040274606564     
   4021.7726646339320        3317.3064847690275        1546.7982092740251     
   4051.0921439169565        3331.4105442896921        1503.3746704703360     
   4090.8259923175033        3333.5177272953365        1461.5336390641455     
   4140.4365037006119        3323.8114406811674        1421.6294142952056     
   4197.0290029637808        3304.8435307375485        1384.0048249756558     
   4257.7088175250883        3279.1658444153004        1349.0026967365970     
   4319.5812748026110        3249.3302286652452        1316.9658552091298     
   4380.2336268979343        3217.5140807267835        1288.1296510522686     
   4439.1808555312482        3184.3969824547908        1262.2995206909459     
   4496.4198577257921        3150.2840708117405        1239.1734301394526     
   4551.9475350871944        3115.4804804456621        1218.4493431441283     
   4605.7607892210908        3080.2913460045825        1199.8252234513113     
   4658.0313339348913        3044.5883360655707        1183.2576886765230     
   4709.6301586930531        3006.5092365313280        1169.7379634526039     
   4761.6030572706695        2963.7583725134896        1160.5159288928257     
   4814.9958273882894        2914.0400664951117        1156.8414647935842     
   4870.8542667664615        2855.0586409592502        1159.9644509512732     
 zone
   3566.4381530266783        4565.3010072510751        4256.1023681231000     
   3712.1275851851628        4537.7112978310479        4138.0026453846431     
   3785.4898551886540        4553.9918611039693        4048.3598121082300     
   3812.1166275712581        4598.4253760191077        3977.2995248104880     
   3817.5995668670821        4655.2945215257287        3914.9474400080430     
   3827.5303376102320        4708.8819765730996        3851.4292142175227     
   3862.2413228612763        4746.5653201622818        3779.0348853772966     
   3921.0278078169822        4768.1017450260915        3698.7119755577796     
   3997.9257950249671        4776.3433358181519        3613.5723975577343     
   4086.9712885740164        4774.1421806720618        3526.7280591547742     
   4182.2002925529187        4764.3503677214230        3441.2908681265112     
   4278.0410259423888        4750.0654609511448        3359.7350415073174     
   4370.4906167417475        4735.3669194676422        3281.9839921914645     
   4455.9383930431850        4724.5796803241101        3207.3234550335574     
   4530.7736901162507        4722.0286796322580        3135.0391586523442     
   4591.3858432304887        4732.0388535037955        3064.4168316665705     
   4637.5230767884204        4754.1019696820076        2996.2164819304253     
   4682.3691904891466        4768.3771398778144        2937.0951980338914     
   4742.4668651028651        4750.1903051136142        2895.1843581843746     
   4834.3587852962046        4674.8674077329688        2878.6153353716809     
   4974.5876357357938        4517.7343900794413        2895.5195025856178     
 zone
   2271.7241523838170        1245.4802308837270        576.62995706218726     
   2306.4474812149128        1371.6506626289056        668.07705997626999     
   2335.4734999103844        1478.9313840801306        746.33176273202366     
   2360.8442561377597        1573.7874951819922        815.81711760650933     
   2384.6017975645691        1662.6840958790801        880.95617687678816     
   2408.7881718583408        1752.0862861159846        946.17199281992100     
   2435.1099196772370        1847.0959541420282        1014.8599130270679     
   2463.9315681318249        1947.3621933876366        1086.3045038180887     
   2495.2821337380169        2051.1708723888964        1158.7626172131572     
   2529.1906348804409        2156.8078665222747        1230.4911102041110     
   2565.6860899437265        2262.5590511642386        1299.7468397827881     
   2604.3523573442003        2367.0241846742310        1365.5457058923080     
   2642.9926765122359        2470.0586112582855        1429.9398133083262     
   2678.9651212796375        2571.8315422961768        1495.7402995788163     
   2709.6277682944242        2672.5121970084433        1565.7583072762964     
   2732.3386942046145        2772.2697946156218        1642.8049789732847     
   2745.4423963068225        2871.0795807482350        1728.5110630036895     
   2751.2290586744457        2968.1409581813250        1819.7857780691565     
   2752.9752831721212        3062.4593413078560        1912.3579366980116     
   2753.9576729947457        3153.0401519231264        2001.9563574906576     
   2757.4528313372148        3238.8888118224377        2084.3098590475001     
   2765.8361113460574        3320.2497621098287        2157.2875293260481     
   2777.8778720983914        3402.3235617827099        2227.3195682465953     
   2791.4472219963081        3491.5497766826556        2302.9764332486252     
   2804.4132698772914        3594.3679788464792        2392.8285875314650     
   2814.6451245788262        3717.2177403109908        2505.4464942944423     
 zone
   3350.4130155393591        1725.7337668313739        1728.1981099690001     
   3362.7828531578289        1649.8941320083086        1639.9886375274655     
   3339.2672581720535        1596.2604970996372        1609.8705976045692     
   3293.1962579019482        1556.7655320605718        1616.4466328356089     
   3237.8998796674268        1523.3419068463224        1638.3193858558811     
   3186.7081507884031        1487.9222914121008        1654.0914993006829     
   3149.9281266663861        1444.0940218190867        1647.0432538296861     
   3125.7749614986851        1392.0630724558146        1619.1654696341147     
   3109.4408452176008        1333.6900890430795        1577.1266025024636     
   3096.1179644253184        1270.8357143879996        1527.5951086396660     
   3080.9985057240228        1205.3605912976930        1477.2394442506554     
   3060.8350837483008        1139.2234225562518        1431.2656974849365     
   3038.6220124038100        1074.7751162852485        1389.0304625584242     
   3018.9140358960358        1014.4646505812535        1348.4279733622031     
   3006.2658971176475        960.74099861113962        1307.3524601704776     
   3005.2323389613130        916.05313354177986        1263.6981532574528     
   3016.5389775731142        880.83627901295256        1217.1746601168240     
   3025.5949333012718        847.47064553054213        1174.7530709062555     
   3013.9801991491986        806.32270011995195        1145.2198596477383     
   2963.2747685890963        747.75890687450999        1137.3614969623991     
   2855.0586350931644        662.14572988754401        1159.9644534713650     
 zone
   4565.3010072510751        1966.5618469733217        4256.1023681231000     
   4587.7570713344412        1859.2823269019027        4126.3667839683158     
   4589.8111517091938        1779.4402121618903        4044.4705888535491     
   4578.6894712147978        1718.0183911850343        3994.1704483710905     
   4561.6182526907132        1665.9997524030834        3959.2230281132233     
   4545.8237189764041        1614.3671842477875        3923.3849936722368     
   4537.0260240125090        1555.8798731164657        3873.6953775048100     
   4534.9210443739466        1490.4021636712866        3810.3226476981927     
   4537.6985901747266        1419.5747059811347        3736.7176442072614     
   4543.5484705790996        1345.0381460584081        3656.3312038801614     
   4550.6604947513151        1268.4331299155047        3572.6141635650429     
   4557.2969128589439        1191.4596647460385        3489.0042802879475     
   4562.0097422917415        1116.0551623149147        3408.8869484240258     
   4563.4234402440197        1044.2164071781503        3335.6344953349844     
   4560.1624644420335        977.94017814793267        3272.6192421067522     
   4550.8512726120425        919.22325403644936        3223.2135098252602     
   4535.3330145084556        868.05839213539912        3187.5669060277964     
   4518.3255978007273        816.42223991908247        3152.9381705192077     
   4505.7656239905546        754.28743157719316        3103.3633359874912     
   4503.5896936263443        671.62659725586946        3022.8784320303776     
   4517.7344072565056        558.41236710124974        2895.5194882455971     
 zone
   1245.4802308837270        3261.2758476161830        576.62995706218726     
   1314.4897114389307        3324.3559456599219        708.71953566112927     
   1385.6450901639091        3365.8572138743561        821.37618260054228     
   1459.7773477856831        3390.8597121326138        920.51093848057405     
   1537.7174650312732        3404.4435003078224        1012.0348439013732     
   1620.2964226277004        3411.6886382731095        1101.8589394630874     
   1708.0699536584477        3416.6544522951563        1194.5982845158815     
   1800.4928476242912        3419.3173374180683        1289.6840636046372     
   1896.7446337522626        3418.6329545983281        1385.2514669128682     
   1996.0048476154543        3413.5569652222521        1479.4356913999836     
   2097.4530247869570        3403.0450306761581        1570.3719340253926     
   2200.4099353356619        3386.3082315162164        1656.5920454141549     
   2304.7613411399811        3363.5793148439834        1738.2145345462416     
   2410.5342232737794        3335.3464488763416        1815.7545507123980     
   2517.7555704305287        3302.0978008185325        1889.7272498113382     
   2626.4523713037024        3264.3215378757964        1960.6477877417767     
   2736.5025274383756        3222.5647196005607        2028.9411256012136     
   2847.1876495409356        3177.6099524033034        2094.6714805065162     
   2957.6402448630279        3130.2987410202486        2157.8128644455533     
   3066.9928288104743        3081.4725872165259        2218.3392945892770     
   3174.3779167890984        3031.9729927572639        2276.2247881086396     
   3279.4543268536709        2981.9576942087892        2331.2858996247378     
   3383.9861415999785        2928.8493416973602        2382.7093618596159     
   3490.2637303961751        2869.3868275975192        2429.5244365559720     
   3600.5774705163894        2800.3090405916150        2470.7603896702813     
   3717.2177392347489        2718.3548693619937        2505.4464871590203     
 zone
   1725.7337668313739        2182.5869844606409        1728.1981099690001     
   1699.9866205345279        2126.7060349605408        1646.5700141720542     
   1661.1667227077101        2113.7772653010893        1594.8213466857851     
   1612.7395042661844        2130.6045513378385        1563.2214142810083     
   1558.1703961252131        2163.9917689263416        1542.0395237285397     
   1500.9248292000586        2200.7427939221511        1521.5449817991948     
   1443.8080599774053        2230.3772526334715        1494.0626712878616     
   1386.9846181473299        2253.2777845675801        1460.1397613918955     
   1329.9588677870631        2272.5427736297252        1422.3790000937731     
   1272.2351686950656        2291.2706062608995        1383.3831336329499     
   1213.3178806697990        2312.5596689020977        1345.7549082488815     
   1153.0054511290659        2338.6469371007147        1311.5297469067657     
   1092.2726460138590        2368.3237581311350        1280.4737628219789     
   1032.3883277404905        2399.5200650879492        1251.7857515054247     
   974.62135427881969        2430.1657928242698        1224.6645057800745     
   920.24058359870594        2458.1908761932077        1198.3088184688991     
   869.86372461834890        2483.0563446310116        1172.7974279263456     
   821.50386506118434        2510.3476170740569        1151.7288408122265     
   772.52295148157566        2547.1812030096353        1139.5815131681961     
   720.28292653986148        2600.6736138640331        1140.8338990808797     
   662.14573289638020        2677.9413610635356        1159.9644526369013     
 zone
   1966.5618469733213        967.69899274892543        4256.1023681231000     
   1992.3925910658188        826.72049787166634        4140.9546173383387     
   1977.9848425095147        757.97283137182455        4057.7992022821923     
   1933.8705361991731        739.16283249347475        3994.8748970935012     
   1870.5816070295575        747.99734048069161        3940.4204759111021     
   1798.6499898954312        762.18319457754956        3882.6747128738343     
   1726.6160076969775        764.21766366572126        3812.6751997635524     
   1655.0534998319174        755.75972920012509        3732.6547574328961     
   1582.5447053275323        743.25879920705756        3647.6450329354434     
   1507.6718577913775        733.16428241544008        3562.6776686076710     
   1429.0171908310078        731.92558755419395        3482.7843067860554     
   1345.7144942305060        744.12108857537976        3411.6771112067386     
   1259.1037376901306        766.84503091113731        3347.7902970021219     
   1171.0764590536826        795.32062490168823        3288.2386123562242     
   1083.5241901286390        824.77108128504176        3230.1367998145338     
   998.33846272247683        850.41961079920736        3170.5996019225372     
   916.48522090094889        869.57598225310574        3107.9027315549079     
   835.22801646641960        887.89620374741276        3044.9657486146857     
   750.90482604384761        913.12283779641916        2985.8691922411199     
   659.85362004649733        952.99844856511459        2934.6935970124650     
   558.41236888763297        1015.2656002184889        2895.5194975069749     
 zone
   3261.2758476161830        4287.5197691162730        576.62995706218726     
   3241.5522284121225        4152.8602392102157        691.56586776418430     
   3212.5958948565553        4043.2562808289831        772.21349258984958     
   3177.7266500736364        3950.1646029012495        830.43592573466435     
   3140.2642971875207        3865.0419143556883        878.09626139410955     
   3103.5286393223614        3779.3449241209723        927.05759376366655     
   3070.0814886915600        3686.3441455814441        986.61122167239250     
   3039.4526777766137        3586.5652582657463        1055.7612980731446     
   3010.4140536506143        3482.3477587586508        1130.9401734542414     
   2981.7374607591519        3376.0311370264367        1208.5802022949927     
   2952.1947435478169        3269.9548830353847        1285.1137390747092     
   2921.0219119269632        3165.9710707276927        1357.9247197615475     
   2889.3116206996815        3063.9820565974492        1428.2034426645087     
   2858.6206945700642        2963.4027969614499        1498.0917761708915     
   2830.5059559783340        2863.6482403002474        1569.7315942403638     
   2806.5242273647118        2764.1333350943960        1645.2647708325928     
   2787.8332408488213        2664.5762574497830        1726.1308619613151     
   2773.9943588843994        2565.9080417917589        1810.9601956549175     
   2764.1698569088726        2469.3629649674986        1897.6807705036510     
   2757.5220087655193        2376.1752964041357        1984.2205909236604     
   2753.2130882976180        2287.5793055288050        2068.5076613310898     
   2750.2527526314798        2203.6821341747532        2149.4444970190034     
   2747.0401907888104        2120.0823717935336        2229.8316975575540     
   2741.8219755213586        2031.2514931331898        2313.4443609504460     
   2732.8446793261601        1931.6609665425574        2404.0575913458802     
   2718.3548747002501        1815.7822603704706        2505.4464928920570     
 zone
   2182.5869844606409        3807.2662331686261        1728.1981099690001     
   2259.0735884540541        3901.0807402228143        1710.8702069082251     
   2298.3790113819764        3964.0132654830072        1687.2431045759547     
   2312.5014900314554        4006.5882452618189        1658.7906034466216     
   2313.4392611895382        4039.3301158718655        1626.9865039946583     
   2313.1905616432732        4072.7633136257618        1593.3046066944967     
   2321.3870069625686        4115.2682616240354        1558.9961040155183     
   2338.1937361166383        4166.6493561476482        1524.4217386459745     
   2361.4092672809970        4224.5669754934133        1489.7196504645699     
   2388.8321188664072        4286.6815007362329        1455.0279768071593     
   2418.2608092836326        4350.6533129510190        1420.4848550095987     
   2447.4632184259995        4414.2070982283767        1386.1334788746080     
   2474.0846871901863        4475.3247955989491        1351.6372502682225     
   2495.7399133660952        4532.0526393800501        1316.5646326630299     
   2510.0435969562855        4582.4368686663511        1280.4840869669204     
   2514.6104379633198        4624.5237225525216        1242.9640740877840     
   2510.0154162859531        4658.1893464932664        1204.7034284696715     
   2508.6746250613055        4690.6295259563231        1170.9224577819684     
   2525.9644373083934        4730.8699470677102        1147.9718489176687     
   2577.2612259645239        4787.9362987315426        1142.2022859099670     
   2677.9413639670029        4870.8542698519313        1159.9644527920575     
 zone
   967.69899274892509        3566.4381530266783        4256.1023681231000     
   944.90794033176985        3675.7839412814310        4123.9655274511924     
   945.83650400784381        3756.9990617619455        4043.6789706467521     
   962.01184113732279        3819.3467564023076        3997.5066131358685     
   984.96110908038270        3872.0902671366025        3967.7123703446337     
   1006.2114651971991        3924.4928358989150        3936.5601576991376     
   1019.0259051295932        3983.9611230996907        3889.9063104307565     
   1023.6107810032065        4050.4754972752658        3827.9768121287943     
   1021.9082799749302        4122.1597378852066        3754.5900704905785     
   1015.8605905112148        4197.1376285107244        3673.5644904013448     
   1007.4099010785111        4273.5329527330341        3588.7184767463309     
   998.47610122683943        4349.5224814650410        3503.7951481626519     
   990.88988022754290        4423.4949743484722        3422.2364342799247     
   986.45962992205602        4493.8921668207495        3347.4089915021605     
   986.99374148090510        4559.1558000174009        3282.6794698643580     
   994.30060607461610        4617.7276150739517        3231.4145194015173     
   1008.7449787845528        4669.8006879144414        3193.7858192709632     
   1024.9170803323163        4722.5734582283403        3157.1851505048289     
   1035.9634938018410        4784.9956922256260        3105.8093299770690     
   1035.0308031186810        4866.0171601922293        3023.8551713273059     
   1015.2655922083906        4974.5876324140791        2895.5194881951652     
