 zone
   4287.5197691162730        2271.7241523838170        576.62995706218726     
   4202.4874158950806        2319.4111833266184        613.97527934057860     
   4119.3035801139413        2390.7798527310838        625.79044571725274     
   4043.6932094244107        2477.7023813825635        614.47828775530286     
   3981.3812514780475        2572.0509900664074        582.44163701782236     
   3938.0926539264092        2665.6978995679638        532.08332506790418     
   3917.9436496766261        2751.9133267299567        466.01690215569505     
   3918.6156079537832        2829.5595147110848        387.69875589740877     
   3936.1811884138760        2898.8966886233711        300.79600152503014     
   3966.7130483385004        2960.1850803280795        208.97574989569785     
   4006.2838450092527        3013.6849216864744        115.90511186655029     
   4051.5143181423937        3059.8244404901920        24.535119929691923     
   4064.6273928970490        3071.2464855084322       1.56796321704177899E-007
 zone
   4101.2175612047840        3099.7038708422692        5467.9524465152235     
   4154.7547434304506        3134.5914353907719        5379.5276997410538     
   4211.4870372408641        3165.7553604861337        5291.6314808352790     
   4270.7756150574924        3194.4638724787851        5203.6343910259984     
   4331.9891970898570        3221.8428097325314        5115.0418717398898     
   4394.5267269385859        3248.4484728757657        5025.8986787479253     
   4457.7946869513507        3274.6947704867948        4936.3844211241321     
   4521.1995639725274        3300.9956132228972        4846.6787013668527     
   4584.1478448464914        3327.7649117413548        4756.9611219744311     
   4646.0448041330101        3355.4611118563571        4667.3679625729119     
   4706.2908993033634        3384.7208146212470        4577.8621646376678     
   4764.2853661834815        3416.2251522327174        4488.3633601460779     
   4819.4274452575546        3450.6552589096614        4398.7911743950617     
   4871.1163770097710        3488.6922688709692        4309.0652326815371     
   4918.9656021664159        3530.7924170650926        4219.1158593307691     
   4963.4453864733587        3576.5123642739482        4128.9161278149704     
   5005.2401884586707        3625.1838660892381        4038.4498240143680     
   5045.0344703579904        3676.1386810879249        3947.7007271163616     
   5083.5126944069552        3728.7085678469725        3856.6526163083499     
   5121.5356989732763        3781.9968299340630        3765.3413496549388     
   5160.6698466163762        3834.1929789257697        3674.0110530201305     
   5202.6578704091053        3883.2580634189353        3582.9579447342367     
   5249.2425062591310        3927.1531359707333        3492.4782363324125     
   5302.1664900741262        3963.8392491383374        3402.8681393498136     
   5362.6069273470530        3991.8811643405888        3314.3857868746350     
   5429.4784353427995        4012.2584909039847        3227.1369523154926     
   5501.1299925962194        4026.5545420365065        3141.1893439295513     
 zone
  7.10133463144302368E-009   4031.2266397159979        3104.6472388391785     
   42.910581864750384        4036.3526333602708        3056.6106633372556     
   119.16918590583464        4043.2360804973937        2973.4686121590494     
   195.58884953165474        4048.4971125168045        2891.7879165138183     
   272.18890532038790        4052.2636150206677        2811.4213582212224     
   349.32273639041455        4054.3723862887286        2732.1787558831347     
   427.34373155588071        4054.6602250443320        2653.8699219620653     
   506.60527963093307        4052.9639300108215        2576.3046689205230     
   587.40271265533056        4049.0417492133970        2499.4294166935501     
   669.79917805954278        4042.3377254699622        2423.7369750327725     
   753.79975460510923        4032.2173512968207        2349.8567726603474     
   839.40952701400579        4018.0461190059223        2278.4182325423494     
   926.63358000820801        3999.1895209092186        2210.0507776448503     
   1015.4170844481104        3975.0436946853083        2145.4130994288585     
   1105.4656023851810        3945.1273458400692        2085.2809303370268     
   1196.4247688917635        3908.9898283892076        2030.4592812813059     
   1287.9402255991629        3866.1804947532014        1981.7531582099130     
   1379.6576141386831        3816.2486973525297        1939.9675670710642     
   1471.0126180318750        3758.8883180656958        1905.9729424647071     
   1560.6011360657251        3694.3713251735726        1880.9014173229798     
   1646.8090952266643        3623.1142243749500        1865.9505589606631     
   1728.0224293333238        3545.5335173718831        1862.3179318570703     
   1802.6270722043341        3462.0457058664288        1871.2011004915144     
   1868.9657578804297        3373.5120531356788        1893.3960675461688     
   1925.2084542797866        3282.5728213541720        1928.0926029283187     
   1969.4819188780270        3192.3130471625936        1974.0789125216572     
   1999.9129144229728        3105.8177607715897        2030.1432033677154     
   2014.6282036624466        3026.1719923918063        2095.0736825080248     
   2011.9855622915147        2956.2686421555318        2167.6196741152312     
   1991.2668129029937        2898.2320555663810        2246.3750100929033     
   1951.9847899685838        2853.9944594840440        2329.8946291096495     
   1893.6523284243833        2825.4880751659202        2416.7334749719739     
   1815.7822632064883        2814.6451238694108        2505.4464914863784     
 zone
   3807.2662331686261        3350.4130155393591        1728.1981099690001     
   3713.6331309560610        3375.0688713340774        1797.1753563868472     
   3618.1704288266237        3420.1327614291740        1847.5741684211871     
   3526.2653030689348        3481.7133039071091        1877.8987517009411     
   3443.3049299716154        3555.9191168503412        1886.6533118550292     
   3374.6764858232850        3638.8588183413290        1872.3420545123711     
   3324.5678148485804        3726.8111935403936        1834.4983502880109     
   3292.3694115154362        3816.7357423616722        1776.7722047998775     
   3276.2724475202158        3905.7621186908154        1703.8427924659541     
   3274.4680901137644        3991.0199828216842        1620.3892857415367     
   3285.1475065469276        4069.6389950481371        1531.0908570819211     
   3306.6247273015383        4139.3452884880980        1439.9073428873485     
   3337.7052487966075        4200.2509216498920        1347.9211882304853     
   3377.3174281157435        4253.0644145741062        1255.4955159871356     
   3424.3896235583652        4298.4942928402988        1162.9934422783208     
   3477.8501934238921        4337.2490820280309        1070.7780832250621     
   3536.7162700938579        4369.9474081857443        979.21368039738218     
   3600.3601138567919        4396.8483152704393        888.66892954975356     
   3668.2427506145041        4418.1209424480139        799.51366561446548     
   3739.8252104633025        4433.9344315407561        712.11771667292703     
   3814.5685234994903        4444.4579243709486        626.85091080654661     
   3892.0171233293095        4449.8223765790935        544.03785876858240     
   3972.0490984027383        4450.0060009529170        463.82225932132957     
   4054.6259292931818        4444.9488229285762        386.30260645522770     
   4139.7091022472205        4434.5908685334189        311.57738789634573     
   4227.2601035114367        4418.8721637947965        239.74509137075276     
   4317.1508581465559        4397.7502289382019        170.97627159222819     
   4408.8950938483868        4371.2525489432182        105.72971588537989     
   4501.9169638959429        4339.4241057277641        44.536289053278800     
   4574.9236016671730        4310.9537570098128       7.10542735760100186E-013
 zone
   4595.6406281822710        4302.3098798374258        5520.9268506572880     
   4689.4902466004223        4259.9548518177917        5469.4322602587717     
   4782.9263486842910        4212.4053977047388        5423.5456122879568     
   4875.5549911233702        4159.7134497305969        5383.6089178230186     
   4967.0185862396338        4101.9323423209617        5349.9264301163894     
   5056.9595533377851        4039.1154065516175        5322.8023987875813     
   5145.0203117225310        3971.3159734983474        5302.5410734561065     
   5230.7721484175399        3898.6398537352702        5289.4653565241751     
   5313.5018656434813        3821.4027369841051        5283.9727560493984     
   5392.4251203491240        3739.9728029403586        5286.4794353875031     
   5466.7575759653446        3654.7182260637987        5297.4015566478420     
   5532.9999999999563        3569.7121702344452        5316.1651884425828     
 zone
   2.7148959230262335        3566.0071808141934        5317.1552819397675     
   65.403225723763740        3474.3871691376517        5346.0869638155700     
   120.49067070767146        3381.1229544962002        5384.2637334731135     
   166.53580839113792        3287.6586413238510        5431.6829089619960     
   202.09722120855417        3195.4383273255112        5488.3418101429197     
 zone
   219.82430308037124        3133.0530555966116       1.81898940354585648E-012
   225.73349159431126        3105.9061102060864        21.237756876586900     
   236.30616249578051        3020.5391983683298        96.031997812874295     
   233.88862168911524        2940.9471993261377        178.04153766173224     
   218.85721479406450        2868.7728444681766        265.24729941474413     
   191.58828871137248        2805.6588586484495        355.63021131716368     
   152.45819034178348        2753.2479667209568        447.17120161424532     
   101.94046650609772        2712.7826458661284        538.15424630476002     
   40.897435191751207        2683.9043640761138        628.07555940912039     
 zone
   5533.0000000000000        2671.9141898087696        680.96316886821580     
   5503.2886210301476        2665.8543487226798        716.73438892415788     
   5424.0735453047546        2657.8738237121934        803.92998966003677     
   5337.2117292990406        2659.2040129510233        889.46161642692175     
   5244.0552571559701        2669.6949404724205        972.12716104859510     
   5147.5264144808552        2691.6318375169180        1046.7191066792120     
   5050.9400632754823        2727.9087345411731        1107.0285608603303     
   4957.6110588088932        2781.4196624289552        1146.8466374391367     
   4870.8542563501314        2855.0586520640354        1159.9644502628187     
 zone
   3566.4381530266783        4565.3010072510751        4256.1023681231000     
   3659.2902958863169        4478.9736583475715        4249.5775741669650     
   3718.7239394582634        4380.7712541818937        4288.3463347606958     
   3749.2856391075834        4277.5363887499934        4361.0195005432761     
   3755.5219501993438        4176.1116560478204        4456.2079221536887     
   3741.9794280986093        4083.3396500713243        4562.5224502309193     
   3712.7183664683516        4004.7507911970188        4670.3723707354820     
   3669.8539946009914        3940.6267683317988        4777.3607654680636     
   3615.0152836913985        3889.9371101124866        4882.8891345969678     
   3549.8312033015432        3851.6513387561290        4986.3589863431807     
   3475.9307229933979        3824.7389764797708        5087.1718289276841     
   3394.8378846089881        3808.1831706314274        5184.8204731604374     
   3307.6569756530816        3801.0215623038916        5279.1629904438796     
   3215.3873676124122        3802.3054208582025        5370.1487399302387     
   3119.0284261834404        3811.0860140483710        5457.7270881690420     
   3030.3541459118937        3824.4873824889614        5532.9999999999982     
 zone
   3019.5795170626302        3826.4146096284094        8.8474017098133118     
   2917.9589915010179        3847.4833509311961        89.399185968639088     
   2814.7610896836022        3874.0478955038529        166.03254321339793     
   2710.4990524240388        3906.0047736768042        238.33770230001062     
   2605.6861130361717        3943.2505171429120        305.90489822176994     
   2500.8355048338449        3985.6816575950406        368.32436597196880     
   2396.3717326058095        4033.3203927443919        425.14940305065210     
   2292.3643327250720        4086.6916100956819        475.78558558009888     
   2188.7941286790569        4146.4458564603228        519.60154326147415     
   2085.6419361545522        4213.2336820016908        555.96591024461122     
   1982.8885708383471        4287.7056368831636        584.24732067934281     
   1880.6806573486376        4369.7666363086691        604.39423474354714     
   1779.8280027067183        4456.3391004241912        618.67442526994398     
   1681.3062381465438        4543.5998027627238        629.93548749158606     
   1586.0909872607292        4627.7255227082624        641.02501843186167     
   1495.1578736418874        4704.8930396448068        654.79061511415944     
   1409.8997012119532        4771.0589708594653        673.88285632943541     
   1333.3779515668675        4821.2993176292703        700.16425920471590     
   1269.0712998871675        4850.4699080589862        735.30032045469932     
   1220.4584147620967        4853.4265756486429        780.95653799011302     
   1191.0179647808991        4825.0251538982684        838.79840972168472     
   1182.4866459272387        4762.6054195383877        909.74946293522692     
   1189.6332646566200        4673.4428812531278        991.76538249110479     
   1205.4846578638728        4567.2969973978616        1082.0598731391185     
   1223.0676610509649        4453.9272229159496        1177.8466444339388     
   1235.4091097198634        4343.0930127507545        1276.3394059302357     
   1236.8726518798749        4242.6982973950608        1375.2705791259182     
   1227.1691829276324        4153.2248610432207        1474.4474844300007     
   1207.3464091454348        4073.2989800080582        1574.1961392473604     
   1178.4520373666460        4001.5469226814412        1674.8425683527664     
   1141.5337744246310        3936.5949574552360        1776.7127965209863     
   1097.5051700633694        3877.3749725457596        1879.9613857917243     
   1046.7431215421989        3824.0413053475440        1984.0571015111102     
   989.49037515616908        3777.0539222174034        2088.2972310272808     
   925.98967417681104        3736.8727848920598        2191.9790693319815     
   856.48376187565623        3703.9578551082359        2294.3999114169605     
   781.27944215748767        3678.5954171444919        2394.9666690988729     
   700.93972114630367        3660.3770337774527        2493.5247734770969     
   616.09167640999374        3648.7205947003345        2590.0292572905250     
   527.36238012017088        3643.0439874361136        2684.4351608445686     
   435.37890444844720        3642.7650995077643        2776.6975244446417     
   340.64817089807491        3647.6206850613007        2866.5726724414772     
   243.19644850519435        3658.6229679618104        2953.0221119338489     
   142.92986960221964        3677.1030383223570        3034.8086204762767     
   39.754559562607824        3704.3919864218506        3110.6949824163949     
 zone
   5532.9999999302836        3717.2684875544583        3137.5730409161115     
   5466.5766437598159        3741.8209025392011        3179.4439821018364     
   5358.0666445092384        3790.4817722103517        3239.2931116812620     
   5250.9526143203984        3850.5101897219970        3286.3787243584575     
   5149.7270186878704        3921.8026383180954        3316.3118713948852     
   5058.8823150811795        4004.2556044420771        3324.7036088775949     
   4982.9109609698480        4097.7655745373713        3307.1649928936331     
   4926.2349947375378        4200.5505221282774        3261.0560115350368     
   4892.9947527884924        4304.1144255783265        3190.7323500340335     
   4887.2601627651284        4398.2827355714671        3102.2986300642578     
   4913.1011473152030        4472.8809101680181        3001.8594709176327     
   4974.5876290864735        4517.7344074282964        2895.5194918860834     
 zone
   2271.7241523838170        1245.4802308837270        576.62995706218726     
   2310.8185896271398        1348.8437559146194        640.89904484975659     
   2344.4871141688900        1451.3193938257180        709.70615821910530     
   2374.3762711181844        1553.1629382324204        781.66054567651361     
   2402.1326055841391        1654.6301827501234        855.37145572826137     
   2429.4026626758728        1755.9769209942240        929.44813688062879     
   2457.5275217578537        1857.4187486087701        1002.7651054131934     
   2486.6264143618855        1959.0105223204951        1075.2579865208872     
   2516.5131022886894        2060.7668857982744        1147.1276620718620     
   2547.0013493935444        2162.7024902637663        1218.5750194324987     
   2577.9049195317275        2264.8319869386301        1289.8009459691787     
   2608.8596102387114        2367.0943613603699        1361.1086296839355     
   2638.7893700387958        2469.1259897430773        1433.2104982665585     
   2666.4401764959157        2570.4875673841248        1506.9212694504865     
   2690.5580094873476        2670.7397971977134        1583.0556662726437     
   2709.8888488903685        2769.4433820980448        1662.4284117699544     
   2723.6751779611118        2866.3095286728162        1745.5082292739824     
   2733.1454991992305        2961.6515082472893        1831.3798876103363     
   2740.0248159282314        3055.9330812167159        1918.7821438507615     
   2746.0381327024070        3149.6180152617362        2006.4537611216065     
   2752.9104540760491        3243.1700780629908        2093.1335025492190     
   2761.9996864709592        3336.9894187042491        2177.8636107955672     
   2773.1953492992520        3431.2217609360105        2260.9002901990352     
   2786.0198627953350        3525.9491959929737        2342.8032117599164     
   2799.9956477804844        3621.2538220865822        2424.1320528683750     
   2814.6451250759787        3717.2177374282765        2505.4464909145754     
 zone
   3350.4130155393591        1725.7337668313739        1728.1981099690001     
   3346.5198605828336        1658.0754181184682        1664.4329162126203     
   3317.2404023223016        1599.5201761415165        1635.1571324961999     
   3273.1679274870353        1546.9046134181665        1626.6140446081167     
   3224.8957228063041        1497.0653024660658        1625.0469383367476     
   3183.0170750093775        1446.8388158028622        1616.6990994704699     
   3155.3142909285170        1393.6855255084329        1591.2485932569007     
   3138.3257486476186        1337.5609730068720        1552.1125830362389     
   3125.7788523807012        1279.0445067191170        1506.1430130154008     
   3111.4010037228495        1218.7154712309502        1460.1918261850860     
   3088.9196042691469        1157.1532111281563        1421.1109655359940     
   3054.5520057285976        1095.1925067763382        1393.5178597247261     
   3014.4753379759563        1034.6898491263137        1373.0918698273431     
   2977.3566847978659        977.75717418848160        1353.2778480676006     
   2951.8631278483163        926.50641335494288        1327.5206441836119     
   2946.6617487812923        883.04949801779799        1289.2651079134907     
   2965.0330123863728        847.94280590218057        1235.7871521927932     
   2988.7109343183993        815.52048454329406        1179.6869089018801     
   2994.0429128462356        778.56113375672396        1137.3955795874738     
   2957.3763468224024        729.84335046305614        1125.3443623176386     
   2855.0586350994231        662.14573158287715        1159.9644551604395     
 zone
   4565.3010072510751        1966.5618469733217        4256.1023681231000     
   4634.1995183551526        1927.1918674633046        4147.8338775090051     
   4646.5766967050167        1867.1719269763416        4075.4367586721783     
   4621.7267209708743        1792.9726820017902        4026.0874894317694     
   4578.9437698229331        1711.0647890290072        3986.9625476069273     
   4537.5220219314024        1627.9189045473506        3945.2384110168009     
   4512.5018226960410        1548.5830010150439        3890.9227067198558     
   4501.9081786496145        1472.4142755072792        3825.3476252585178     
   4499.5122696045191        1397.3472537107552        3752.6765125070883     
   4499.0852728168775        1321.3164552319008        3677.0727108158767     
   4494.3983655428083        1242.2563996771457        3602.6995625351901     
   4481.4761834353094        1159.1961504243041        3532.5614953898466     
   4465.3571854797547        1075.5429009693739        3465.0272438904722     
   4453.3332899194893        995.79840053500686        3397.3066390163717     
   4452.6964143352661        924.46439228927352        3326.6095063548610     
   4470.7384763078426        866.04261940024594        3250.1456714932569     
   4510.1224646070195        822.10069995622655        3166.8197637500602     
   4554.9956810035010        782.46973386231923        3082.3155812596719     
   4584.8764945579660        734.04670379914705        3004.0117376420349     
   4579.2832765522744        663.72858868739161        2939.2868405359695     
   4517.7343982682878        558.41236744773425        2895.5194975802992     
 zone
   1245.4802308837270        3261.2758476161830        576.62995706218726     
   1337.1731153400081        3221.4392254031386        628.48621930542345     
   1424.5958288602046        3163.1534874574377        657.62319487991965     
   1505.1074193093366        3090.9076544386389        665.88895231025231     
   1576.0669345524220        3009.1907470062988        655.13156012099796     
   1634.8334224544813        2922.4917858199751        627.19908683673361     
   1679.4184388590181        2834.7435240046311        584.03584142592649     
   1710.4435915090528        2747.6535992595627        527.97106933089287     
   1729.1829882120637        2662.3733951513027        461.43026192564355     
   1736.9107406341598        2580.0542887126967        386.83890790913318     
   1734.9009604414496        2501.8476569765903        306.62249598031639     
   1724.3437653873416        2428.6929762221694        222.91062017178839     
   1706.0932906149148        2360.6820827233169        136.64925190050869     
   1680.9196784111741        2297.6949233761397        48.488480349591043     
 zone
   1664.6051351109395        2265.5209863267414        5532.9999999999582     
   1649.5930705822755        2239.6114394316960        5492.0783885762485     
   1612.8836089343752        2186.3115721410427        5402.0690596376953     
   1571.5493299023451        2137.5712968457055        5311.9945053103283     
   1526.2998260733607        2092.7507007444729        5221.9244053801103     
   1477.8325905536301        2051.1059127095118        5131.8123818254189     
   1426.8451135328926        2011.8930578170618        5041.6120499122317     
   1374.0348852008879        1974.3682611433628        4951.2770249065288     
   1320.0171113979679        1937.8821209114774        4860.7731108717226     
   1265.0778322710912        1902.1631089831669        4770.1148198165356     
   1209.4208116402940        1867.0341758144023        4679.3288660169737     
   1153.2498093403638        1832.3182691097491        4588.4419570123900     
   1096.7685852060874        1797.8383365737743        4497.4808003421385     
   1040.1409064763793        1763.4886587384590        4406.5034437771155     
   983.37054048670382        1729.4488294934713        4315.6932485424522     
   926.42127042118545        1695.9697806718270        4225.2649296552900     
   869.25687524927253        1663.3024415419793        4135.4331953535293     
   811.84113394041367        1631.6977413723826        4046.4127538750736     
   754.05682347703180        1601.4188945010646        3958.3495965403740     
   695.46268274301497        1572.7782400065464        3871.1148013118386     
   635.53645720866439        1546.1004066734495        3784.5107424443913     
   573.75588805621248        1521.7100209774801        3698.3397875959695     
   509.59871646789156        1499.9317093943446        3612.4043044245132     
   442.69599215866782        1481.0092672092235        3526.5791379301681     
   373.29196342961467        1464.8631556856872        3441.0289976775789     
   301.78419683880304        1451.3330079554496        3355.9910833565300     
   228.57025406271637        1440.2584556329832        3271.7025882579769     
   154.04769677783801        1431.4791303327600        3188.4007056728756     
   78.539934224642977        1424.8812318768187        3106.2950446637387     
   2.0737264128661366        1420.5372298397915        3025.4848348149353     
  1.42108547152020037E-014   1420.4524918169416        3023.3263703792190     
 zone
   5457.6016921283335        1418.5661631371074        2946.0417338277184     
   5379.0764445656314        1419.0870701116055        2868.0373932395146     
   5299.4505969193469        1422.2189891061253        2791.5434645877499     
   5218.7193136801015        1428.0004854457466        2716.5936776881258     
   5137.0479221790492        1436.1482359576721        2643.0700366989986     
   5054.6443129893778        1446.2984437930722        2570.8166353447273     
   4971.7163707095115        1458.0873124366883        2499.6775617084772     
   4888.4719799378727        1471.1510453732626        2429.4969038734134     
   4805.0365241585014        1485.2488275358792        2360.1592302566582     
   4721.2053389186276        1500.6317770865344        2291.7109945674401     
   4636.6912710842189        1517.6739915849005        2224.2391412313959     
   4551.2071613124235        1536.7495696024303        2157.8306094771310     
   4464.4658502603934        1558.2326097105777        2092.5723385332485     
   4376.3281499630739        1582.6830756247675        2028.8851041501184     
   4287.2467116165244        1611.4044048326241        1968.5249950114264     
   4197.8221708066039        1645.8858965944430        1913.5819459633237     
   4108.6551566024682        1687.6168518701049        1866.1458870348499     
   4020.3462980732752        1738.0865716194933        1828.3067482550455     
   3933.6181702118215        1798.3128872233885        1801.8049359974866     
   3849.6810867186182        1867.4277854001255        1786.9827506810209     
   3769.8673203278408        1944.0917751542620        1783.8329740443799     
   3695.5091372410266        2026.9653696131743        1792.3483854164781     
   3627.9388036597120        2114.7090819042396        1812.5217641262288     
   3568.6933416146449        2205.6908506522977        1844.2580708292198     
   3520.1287670429128        2297.1083646497850        1887.1110102549753     
   3484.8058613069311        2385.8667247156523        1940.5464645848604     
   3465.2854010206875        2468.8710383544235        2004.0303179373873     
   3464.1281627981689        2543.0264130706237        2077.0284544310693     
   3483.0453230419921        2605.6028075208187        2158.5220091250872     
   3520.3496716748518        2655.3296149987123        2245.5531652358418     
   3573.5043972759481        2691.3010694824729        2334.6793453206978     
   3639.9726890859370        2712.6114100687623        2422.4579777169761     
   3717.2177363454757        2718.3548758542433        2505.4464907619963     
 zone
   1725.7337668313739        2182.5869844606409        1728.1981099690001     
   1812.0893146755284        2179.1950586954799        1811.1617320479934     
   1904.1279352144400        2156.4034463691642        1880.4087402605896     
   1997.7783019890187        2116.0425632958804        1933.6982239618847     
   2088.9690885401728        2059.9428252898147        1968.7892725069735     
   2173.6289684088115        1989.9346481651542        1983.4409752509516     
   2248.2207730806394        1908.1971057364644        1976.2952374940899     
   2311.3440022170212        1818.3038588724762        1949.5252197664831     
   2362.1323011942909        1724.1772379560496        1906.1868978273258     
   2399.7193213520259        1629.7395676813576        1849.3362477103690     
   2423.2387140298060        1538.9131727425736        1782.0292454493651     
   2432.2513339181578        1454.9132188167928        1707.0419114119352     
   2428.0268507535834        1378.1261937189945        1626.0304031495634     
   2412.2621351454777        1308.2314396096190        1540.3709334320815     
   2386.6540589099873        1244.9082921139541        1451.4397097009266     
   2352.8994938632618        1187.8360868572895        1360.6129393975361     
   2312.4638047275944        1136.7426786546464        1269.0838420592256     
   2265.8863057857670        1091.5499734920766        1177.3136379548289     
   2213.4748099056324        1052.2284045760916        1085.5805731587095     
   2155.5371271787949        1018.7484010858935        994.16288694167372     
   2092.3810676968574        991.08039220068440        903.33881857452718     
   2024.3757403602285        969.18816512944352        813.44126416665745     
   1952.1354129094705        953.00892886125825        725.02170044771401     
   1876.3356617013803        942.47325410408575        638.68627448245138     
   1797.6520582005064        937.51170972023510        555.04112659772716     
   1716.7601738713986        938.05486457201550        474.69239712039916     
   1634.2145849637345        943.98170749703536        398.07365113775495     
   1550.0858436363935        954.96491136017664        324.92811367355557     
   1464.3235190685225        970.62556850882879        254.82644625433664     
   1376.8771743468658        990.58477153419085        187.33930455804182     
   1287.6963725581677        1014.4636130274615        122.03734426261460     
   1196.8120953940268        1041.9870187842539        58.676472855265914     
   1108.0803353056108        1072.0423060174044       6.82121026329696178E-013
 zone
   1104.5809511875511        1073.2952623542460        5530.7535722187822     
   1011.4409802936515        1108.6324466318592        5472.9507856024957     
   917.83021635688578        1148.2426764272345        5418.9502514611058     
   824.18669302181115        1192.3700565505139        5369.4341082493102     
   730.94802116157234        1241.2401923463901        5325.0655721849480     
   638.55007203881155        1295.0047176971837        5286.4321484129805     
   547.42830811205044        1353.7967601137827        5254.1024269028185     
   458.01818487248232        1417.7494505691620        5228.6449941186293     
   370.75515781130093        1486.9959200362953        5210.6284365245810     
   286.17877736498502        1561.5466793869025        5200.6028154288724     
   205.24493009491917        1640.9217990519987        5199.0440878239024     
   129.01361036182112        1724.5187186517062        5206.4096876905123     
   58.544806115606505        1811.7348831659262        5223.1570479585180     
  1.70577330038668151E-010   1894.2209610191378        5247.0983196962934     
 zone
   5527.8985053061906        1901.9677375745600        5249.7436015577359     
   5472.0804359324893        1994.4849587270269        5286.4427533365015     
   5424.8792586403606        2088.0351996822460        5332.7918169995910     
   5387.0293831267090        2181.2373316831859        5388.1440734868802     
   5359.2652146269029        2272.7102327931025        5451.8528060969902     
   5342.3211583763104        2361.0727810752514        5523.2712981285467     
 zone
   5340.9625105913592        2372.1601307316623       6.36646291241049767E-012
   5336.7989944720621        2444.9160149648924        68.592368113939301     
   5342.7700018452579        2522.7196572051157        152.36701772735887     
   5360.1728360257002        2592.9355779414091        239.98577264409505     
   5388.9461517020773        2654.0156537526123        329.83916413167572     
   5429.0286035630816        2704.4117612175651        420.31772345763147     
   5480.0592570109329        2743.1472035753941        510.08381926331214     
 zone
  1.40971678774803877E-010   2768.6896975032532        588.56705618037984     
   7.4788491640456414        2771.5310082359356        598.88721607696777     
   75.428521037497376        2791.4436225172781        686.74950223176086     
   149.04941705251167        2804.7654970558538        773.69227278535038     
   226.48268163031298        2813.3770824880971        859.73712279539507     
   306.32042254716055        2817.7695883069587        943.96736953110485     
   388.95864265134117        2812.8772620365303        1021.7132633648567     
   475.24429627750851        2792.2451091718408        1087.3667641263346     
   566.02434362540168        2749.4181357207617        1135.3198380231486     
   662.14574489476001        2677.9413476911636        1159.9644512629091     
 zone
   1966.5618469733213        967.69899274892543        4256.1023681231000     
   1820.1126444457595        1056.1108178112731        4198.0649906578865     
   1721.3341417749091        1162.5447875017155        4205.7204576774775     
   1663.5014179266871        1278.7013332491188        4264.0442795766594     
   1639.8895518670117        1396.2808864823492        4358.0119667502140     
   1643.7736225617998        1506.9838786302737        4472.5990295929269     
   1669.2173050826809        1603.8715128841625        4594.9303463676961     
   1713.4386752341227        1685.4481259639597        4720.7283295989355     
   1774.4444021319109        1751.5788101622045        4847.8647406949694     
   1850.2411560385060        1802.1286655571575        4974.2113499965162     
   1938.8356072163674        1836.9627922270790        5097.6399278443005     
   2038.2940239394482        1856.1645548913366        5216.3001072316383     
   2146.9211202569045        1860.6903837736052        5329.4530324313628     
   2263.0811940247745        1851.7149697155396        5436.6376921411675     
   2379.5374546679768        1831.6210169311607        5532.9999999999909     
 zone
   2385.1385501271461        1830.4130055653336        4.3930840933326181     
   2511.4574934481052        1797.9591841711801        98.258206020138459     
   2640.4580651952833        1755.4187968844253        184.71839048056202     
   2770.7833195080152        1703.4195051540867        263.04435306295505     
   2901.1320276680549        1642.4795746283808        332.45313069728911     
   3030.2029704867850        1573.1172681512626        392.16176703890090     
   3156.6949287755870        1495.8508485666864        441.38730574312706     
   3279.6261262366506        1411.2681239158978        479.73577855340159     
   3399.2926212788698        1320.2350375361627        508.36918721588540     
   3516.3098965130075        1223.6870900774052        528.83851499126638     
   3631.2934438458237        1122.5597761511726        542.69474839785039     
   3744.8587551840765        1017.7885903690126        551.48887395394297     
   3857.3176613963342        910.09891651875421        556.25810631594140     
   3967.7674078973555        799.37563859200259        555.98457489021143     
   4075.0015622621145        685.29354566349150        549.13663632645910     
   4177.8137004893106        567.52741888938090        534.18264777954482     
   4274.9973985776451        445.75203942583107        509.59096640432887     
   4365.1599199300299        320.04503584719527        474.04648417807755     
   4446.1633233388202        192.09535980163650        427.10021154130908     
   4515.6833409084738        63.994828792092036        368.51969810141861     
   4545.6500815831714       2.41584530158434063E-013   334.49160998402488     
 zone
   4571.3957117445616        5470.8352510910936        298.07249123650757     
   4610.9761749526524        5348.7084349711713        215.52613832467736     
   4632.8595411094811        5232.3294637870813        121.03053329741563     
   4638.5169141115757        5121.9064619932460        16.264904505675737     
 zone
   4638.1109995103998        5106.0474720887451        5532.9999999999991     
   4630.1784645728794        5017.2708470761136        5436.2908400498454     
   4610.0743653976215        4918.2540276251548        5317.1699214236296     
   4580.4347894900338        4824.6874122298441        5193.9637301207313     
   4543.4817973856025        4736.1623670293939        5068.4856928158497     
   4501.4049796543304        4651.3100432910596        4941.5565513462425     
   4456.3858196799456        4568.5215633640964        4813.7489114448936     
   4410.6057983380233        4486.1880428253444        4685.6353695642201     
   4366.2463965041361        4402.7005972516490        4557.7885221566394     
   4324.8625841149251        4316.9489831339042        4430.6530956496827     
   4285.5032669010852        4229.8174750216767        4304.1622703236162     
   4246.5908462127754        4142.6890008652053        4178.1213754788341     
   4206.5477202022230        4056.9464823114790        4052.3357309145558     
   4163.7962870216543        3973.9728410074899        3926.6106564299980     
   4116.9290838267889        3894.9627022633949        3800.7333144910381     
   4065.2191783591638        3820.3574657924169        3674.4181725524350     
   4008.1097838968731        3750.4102471630272        3547.3615594607541     
   3945.0441103927078        3685.3741558991728        3419.2597946927344     
   3875.4653677994606        3625.5023015248016        3289.8091977251161     
   3799.0996524468978        3570.9942728815622        3158.9354537293129     
   3716.8045648458924        3521.8355487064446        3027.4816419531908     
   3629.7206027237689        3477.9580955972624        2896.5202267218842     
   3538.9882583673698        3439.2938758896962        2767.1236626579198     
   3445.7480240635405        3405.7748519194288        2640.3644043838217     
   3350.8441222676524        3377.3787801041008        2517.0644307726066     
   3253.9356465835854        3354.2665792970802        2397.0437542815184     
   3154.3854348928026        3336.6449670433799        2279.8719303370362     
   3051.5563180647246        3324.7206585806380        2165.1185050462159     
   2944.8111269687747        3318.7003691464888        2052.3530245161169     
   2833.7062006100746        3318.8249862975026        1941.3727153084310     
   2718.5718516022248        3325.4720880641958        1832.8854680672741     
   2599.9319168767443        3339.0534252583598        1727.8268705359569     
   2478.3102252503049        3359.9807484683170        1627.1325021194755     
   2354.2306055395820        3388.6658082823883        1531.7379422228234     
   2228.1805462650536        3425.3065725010342        1442.3286471669410     
   2100.5021087134155        3469.2458985416642        1358.5895356559329     
   1971.5010325606124        3519.6128561916503        1279.9554171531161     
   1841.4830481593824        3575.5365176747910        1205.8610942350267     
   1710.7538858624625        3636.1459552148845        1135.7413694782006     
   1579.5833289674297        3700.6912068073311        1069.1160641756135     
   1448.0973041026507        3768.9062077903091        1005.8450402938131     
   1316.3858103820753        3840.6458498713432        945.87318865427187     
   1184.5388371606703        3915.7650294266405        889.14539498816384     
   1052.6463737934032        3994.1186428324072        835.60654502666387     
   920.92354798105805        4075.6415395344775        785.40661591638866     
   790.08597205748879        4160.5884242994152        739.51592475775783     
   660.97441636149892        4249.2939430432289        699.10988780558057     
   534.42964140567778        4342.0927476366078        665.36391744313926     
   411.29240770261487        4439.3194899502478        639.45342605371604     
   292.14506024665877        4541.1266823576980        622.11327100521055     
   176.53622079729314        4646.9383333434025        612.31608254154935     
   63.756113711637354        4755.9962970851529        608.59393919764375     
  1.61686841693153838E-009   4819.7915318059177        608.63306020838729     
 zone
   5486.0949543201932        4867.5424351779620        609.47891789900848     
   5376.8429579534632        4980.8186092168417        613.50309557115827     
   5268.5026737461785        5095.1781558439652        619.52235799099742     
   5161.4259295215916        5210.4203716091097        627.68782953155562     
   5056.1769030643827        5326.4560110820212        638.47444254725747     
   4953.3197640541903        5443.1958373177968        652.35712977284106     
 zone
   4876.5338762852725       7.81892595114186406E-009   665.37540469394582     
   4853.4186821706535        27.550613371536201        669.81082394304326     
   4757.1199378285228        145.53766264440372        691.49912887377968     
   4665.3982048071766        264.60061149367948        718.84034470170991     
   4579.3102823012969        385.28962908745331        753.44143978960358     
   4499.9129621864831        508.15489335811947        796.90938394545651     
   4428.2630363383396        633.74658223807216        850.85114697726510     
   4365.4692745435623        762.17432378856984        916.48512673298626     
   4312.8483271621535        891.78561444085517        993.47547000386191     
   4271.7688325908985        1020.4873818509441        1081.0977428426957     
   4243.5994242031084        1146.1865631473938        1178.6275157513551     
   4229.7087353720926        1266.7900954587626        1285.3403592317079     
   4231.2181913844688        1380.2614380700315        1400.3211578553535     
   4248.2603890957735        1484.7901965733679        1521.8921140699945     
   4280.7207183148657        1578.6224810737094        1648.1847277894283     
   4328.4845683815829        1660.0044104198480        1777.3305072022849     
   4391.4373286357632        1727.1821034605766        1907.4609604971934     
   4468.9694233453774        1779.1308821204505        2036.9418338666815     
   4558.4914599859103        1817.7429042588449        2165.0758926456087     
   4656.9190704457824        1845.6395218153818        2291.4001206620178     
   4761.1678918667430        1865.4420911621053        2415.4515114297019     
   4868.1535613905435        1879.7719686710586        2536.7670584624552     
   4975.4712520524226        1890.4881990676952        2654.8009795209709     
   5083.4343358214801        1896.4005861092908        2768.6764503316240     
   5193.0357043376880        1895.5566202440621        2877.4338529826036     
   5305.2682572374242        1886.0037928491142        2980.1135784873923     
   5421.1248941570693        1865.7895953015507        3075.7560178594731     
   5533.0000000000000        1835.5309398830807        3157.3724682839334     
 zone
   8.0031733577689010        1832.9310060990124        3162.7757078576333     
   129.91935135326185        1785.3229326293585        3237.0838123834733     
   251.29432577271473        1720.8297731589780        3293.9656273325459     
   369.54900303695467        1637.3159240025261        3328.7064554403337     
   482.10428956680607        1532.6457814746577        3336.5915994423162     
   583.89541064513332        1407.8682406203473        3313.6051796663337     
   659.91491968543323        1276.7701201973923        3258.5265682836789     
   692.66967255178076        1156.3227548142038        3170.8339557668382     
   664.66653321790250        1063.4974704394886        3050.0055320582442     
   558.41236565752524        1015.2655930419522        2895.5194871003305     
 zone
   3261.2758476161830        4287.5197691162730        576.62995706218726     
   3232.0903779650603        4185.9397845804097        649.02447194692718     
   3203.1804529370079        4084.6556831729031        721.39864832638136     
   3174.5609045104848        3983.6237288595557        793.81105421320706     
   3146.2465646639525        3882.8001856061678        866.32025762006174     
   3118.2522653758701        3782.1413173785436        938.98482655960333     
   3090.5445649973781        3681.5912365466224        1011.8272070130331     
   3062.8969130081246        3581.0453966820874        1084.7253948883149     
   3035.0344894084392        3480.3871147467462        1157.5212532239707     
   3006.6824721252028        3379.4997002077835        1230.0566504796971     
   2977.5660390852981        3278.2664625323841        1302.1734551151910     
   2947.6830752200849        3176.6690282488398        1373.8879255335223     
   2918.1222775407946        3075.0822389979999        1445.9139171050724     
   2890.2450544519525        2973.9792685896164        1519.1396644246131     
   2865.4128121534386        2873.8332832751976        1594.4534074405180     
   2844.9869568451327        2775.1174493062504        1672.7433861011596     
   2829.8103370723843        2678.1320863112760        1754.5521293233858     
   2818.6515642765116        2582.4860773189907        1839.0393655197977     
   2809.7606949934998        2487.6154733501080        1925.0191002056692     
   2801.3877844354529        2392.9563181354652        2011.3053448622650     
   2791.7828878144728        2297.9446554059009        2096.7121109708496     
   2779.6306560364164        2202.1599120475266        2180.3446225511675     
   2765.3541155535263        2105.7549973314053        2262.4729967843987     
   2749.8108899913700        2009.0262178539717        2343.6585506996757     
   2733.8586021705378        1912.2698731056025        2424.4626076272125     
   2718.3548749116203        1815.7822625766742        2505.4464908972236     
 zone
   2182.5869844606409        3807.2662331686261        1728.1981099690001     
   2300.4301604104862        3871.1258055905851        1782.1817134968862     
   2348.1121084677984        3917.1164269843193        1783.8730401604641     
   2348.6935785405940        3952.0399945147751        1749.5309427028044     
   2325.2353205368931        3982.6984053468996        1695.4142738669784     
   2300.7980843647124        4015.8935566456403        1637.7818863960574     
   2293.7944628918940        4056.9626206329322        1589.7092009359474     
   2304.0444251419549        4105.3838941035365        1551.5378897154037     
   2326.7197873853261        4159.1709439426650        1520.4262021196464     
   2356.9923646079728        4216.3373397721880        1493.5323835127699     
   2390.0339717958614        4274.8966512139777        1468.0146792588689     
   2421.8977490590341        4333.2697768275948        1441.5053309084242     
   2452.1621524791303        4391.5069609209995        1413.5325502351166     
   2481.2869580120673        4450.0657678607113        1384.0985488283418     
   2509.7319440587971        4509.4037663788149        1353.2055363569673     
   2537.9568890202713        4569.9785252073962        1320.8557224898614     
   2566.3101140946023        4631.9550935044681        1287.2323792671193     
   2594.6941265872260        4694.3284749516379        1253.2430103125737     
   2622.8999724227037        4755.8011445493112        1219.9761865503779     
   2650.7186996317437        4815.0755818685075        1188.5204764402215     
   2677.9413562450504        4870.8542664802426        1159.9644484417934     
 zone
   967.69899274892509        3566.4381530266783        4256.1023681231000     
   1043.9075570052421        3674.0439380491157        4224.7051473569800     
   1061.1644347014756        3746.0001155360478        4170.0058475662809     
   1039.6280265480395        3795.1805790261501        4099.2889759227419     
   999.45673325534847        3834.4592220580971        4019.8390395981046     
   960.80895553381617        3876.7099381705634        3938.9405457641060     
   939.56818515025259        3931.9935574370093        3862.4161561140963     
   934.51827453883095        3999.1186901206793        3790.2411128190042     
   940.16817333621611        4074.0808768220472        3720.9288249150222     
   951.02682885698414        4152.8756617199524        3652.9926955378842     
   961.60318841571086        4231.4985889932404        3584.9461278233239     
   967.72665148330987        4306.9020092240935        3515.6661706600694     
   970.50842724471215        4379.8655364084825        3445.4844192370833     
   972.38017534984726        4452.1255791433423        3375.0961246073580     
   975.77355608975711        4525.4185517776214        3305.1965327129888     
   983.12022975548291        4601.4808686602673        3236.4808894960693     
   995.65989128897888        4681.1727820655506        3169.3286376242809     
   1009.8643827377171        4761.8499389356493        3102.8559722029222     
   1021.0135794711902        4839.9918126406828        3035.8632952313606     
   1024.3873576139231        4912.0778823641540        2967.1510036506229     
   1015.2655932904407        4974.5876272895584        2895.5194944017362     
 zone
   5076.3191653592385        3803.9918766566088        4950.1849205781245     
   5006.9159156691030        3916.1667087325668        4992.9565029639471     
   4948.2400386104391        4017.1662432357321        5035.2801604084489     
   4894.8602169616433        4115.1552127917248        5079.8893083156454     
   4841.3451335011141        4218.2983500261635        5129.5173620895557     
   4782.2634710072507        4334.7603875646691        5186.8977371341962     
   4728.0642735117453        4455.0005852836903        5252.9387373577129     
   4691.5329664899527        4566.0104979109637        5327.4173429631937     
   4670.7428334370115        4670.7532439788647        5411.3699559781517     
   4663.7671531038704        4772.1919513958028        5505.8329830619496     
   4663.9958338469796        4799.1302875907440        5533.0000000000000     
 zone
   4668.6792042414800        4873.2897480701913        78.842830873948515     
   4677.7980295150019        4969.1111715386642        183.78307961594317     
   4685.3525310142768        5056.1516532934329        278.37806286998722     
   4692.2807702154405        5139.5206198272208        368.67526860494002     
   4699.5208093556103        5224.3275052260133        460.72219314390168     
   4708.0107106718979        5315.6817435757957        560.56633280997210     
   4722.2332960816002        5404.7291369120094        663.83631155588705     
   4745.7316826045244        5481.7632340562823        764.36879522308254     
   4768.6685766897581        5532.9999999999982        838.54245525203464     
 zone
   4778.0343707792872        17.615047193655300        865.52329653521929     
   4818.6698618469127        82.115595686395864        970.65933609558704     
   4867.1666570484258        146.09589889677227        1083.1364345074746     
   4918.5455018813936        206.62499992800278        1195.0443803716739     
   4970.1526779945607        259.11391792196230        1299.1404744787997     
   5025.0049677845391        304.90660892420323        1399.7854552710189     
   5086.1191575423836        345.34703382294617        1501.3400699276067     
   5156.5120335591482        381.77915350641217        1608.1650656278380     
   5229.9786612529970        416.76659454366148        1716.6191343589358     
   5299.6936703319116        451.59564254331087        1821.1631914374998     
   5367.7431596145007        485.69423325690741        1923.3112714336846     
   5436.2132335846291        518.49030503445942        2024.5774171813657     
   5507.1899967261643        549.41179622597542        2126.4756715144163     
   5532.9999999990314        559.91541033889246        2162.7892889002001     
 zone
   46.817749252315480        578.54016926500651        2228.2317970795984     
   119.92792453566653        605.42893732217692        2328.2307404201201     
   195.13729588903698        628.71410319112715        2426.7252776424411     
   274.06264205861589        647.03167188528698        2523.9681925061795     
   358.32074179059146        659.01764841808699        2620.2122687709557     
   442.42268431655486        670.22298549137622        2715.5195483702087     
   522.11907815961865        685.05644645047244        2810.0494031723683     
   600.88594360899424        700.44075056606982        2904.2005727373416     
   682.19930747042463        713.29861773214202        2998.3718037648441     
   769.53519654965248        720.55276784266243        3092.9618429545926     
   860.79559081638479        723.95501590336767        3187.6244852820300     
   952.22262537105667        726.47543189235944        3281.5719358256938     
   1044.8025200949776        726.86411869838196        3374.5405173556373     
   1139.5215016871721        723.87117946547596        3466.2665597149253     
   1237.3657968466653        716.24671733768253        3556.4863927466254     
   1336.9675646073615        703.16001655709817        3643.0014597267373     
   1436.7498183777177        684.97432822122755        3724.5980251612232     
   1537.3850246296995        662.23071131587483        3802.4896145078519     
   1639.5456572661608        635.47022405519863        3877.8897598836370     
   1743.9041901899557        605.23392465335735        3952.0119934055901     
   1848.8870185929241        568.15251943745943        4019.9134165926612     
   1952.8246471791595        523.31608675907398        4079.0146125005108     
   2056.2456701718879        474.95475655356410        4134.0743052877297     
   2159.6786896682324        427.29865638746685        4189.8512246179771     
   2263.6523077653155        384.57791382731892        4251.1041001549120     
   2368.6726884368227        343.43343998626227        4314.9800069853618     
   2474.4231717772000        298.90965208135191        4376.2067024208291     
   2580.1980810362497        252.84195070351745        4435.9139103020443     
   2685.2917472436784        207.06573354965801        4495.2313593556137     
   2788.9985014291910        163.41639831667257        4555.2887783081414     
   2891.1824752008570        122.01152699471170        4616.0678807578461     
   2993.0387371792408        79.990627506038976        4675.9032432475569     
   3095.8579822639276        34.722002760310865        4733.4538635865165     
 zone
   3168.4766673368240        5532.9999999999991        4771.3505458991003     
   3200.9309130120655        5516.5739525398703        4787.3787441142131     
   3309.5482319808034        5456.9147766270589        4836.3368871701387     
   3419.8075055983527        5392.8310795374337        4882.5124636980645     
   3529.0553692937638        5328.4509284994210        4927.3801763554620     
   3637.4560826327784        5261.2048464058580        4968.5348076009141     
   3745.1739134378527        5188.5233513222056        5003.5711433223350     
   3852.3731295314456        5107.8369613139248        5030.0839694076467     
   3955.6347255360201        5023.7306298515578        5049.2392339498547     
   4052.8732699052334        4940.9619080291950        5063.7090564967057     
   4146.2533474430556        4857.2202477661021        5073.3474737714350     
   4237.9395509251781        4770.1950946079223        5078.0085240953786     
   4330.0964731272925        4677.5758941002996        5077.5462457898693     
   4421.1461292172417        4582.4353560744830        5073.4553638540010     
   4508.9810309700051        4487.9334072970823        5066.7883168293647     
   4594.9714773265841        4391.8903598990537        5056.7357157879151     
   4680.4877741654991        4292.1265188449070        5042.4881715726842     
   4766.9002273652723        4186.4621890991511        5023.2362950267006     
   4867.2152436021761        4057.4295051305626        4994.5186272950159     
   4975.4412868340260        3915.2746746374369        4960.5898400337401     
   5064.4517125740185        3799.3891590406470        4933.7147501769432     
   5107.1198828409897        3749.1644116145176        4926.1581730177850     
   5076.3191596537790        3803.9918856333707        4950.1849238494278     
 zone
   765.68990003756130        1101.2025261293636        5268.9814523953519     
   790.62072172496937        995.50837542672957        5349.7447814105781     
   809.62178657313075        895.61773171807454        5430.6343602710722     
   823.49565762535121        799.52246366864767        5512.8557572682776     
   826.16156708598203        776.71231147629499        5533.0000000000000     
 zone
   833.04489792493575        705.21443994369861        64.614540693642994     
   839.07207051518969        610.68552920847628        153.11627883861092     
   838.11069761523390        519.85884287105876        244.90433807598467     
   828.84710669799540        435.54202643911492        338.48474542516692     
   815.31306743753430        354.05378928130290        433.50702184344010     
   801.54034984569444        271.71283366522641        529.62069505135651     
   791.56072393431964        184.83786185848919        626.47529276946841     
   780.08147909182571        97.974708250652981        724.81769121979858     
   758.97868041559548        18.260843276079868        825.63435487060190     
   752.37555525037510       1.24344978758017533E-012   850.49832331190112     
 zone
   728.03726249351621        5478.9024621374565        928.93415393130465     
   687.04215941136806        5414.1057533044486        1034.7259658464602     
   635.77830525493198        5357.0769052467231        1143.0186680606230     
   580.01824796442509        5305.7123129641550        1250.1433176336980     
   524.16868877977299        5258.0320892951595        1353.6731004873452     
   465.96581721998712        5214.4280194345356        1455.4800419077542     
   403.14581859674183        5175.2918846225994        1557.4361753429362     
   333.44487822171152        5141.0154660996632        1661.4135342409029     
   258.73270559889085        5111.1334689609585        1766.0077040024285     
   182.46430544710671        5084.7672285833678        1868.6423445318028     
   104.75383822554679        5061.6884834525154        1969.4315568842151     
   25.715458887716515        5041.6689696910007        2068.4894499835605     
 zone
   5532.9999999689735        5035.8359345245390        2100.0379440687652     
   5478.4633223871215        5024.4804234214225        2165.9301327537341     
   5399.5064909213725        5006.7643771162975        2262.6030105246082     
   5323.1976592843366        4986.2056461543025        2359.4705731236381     
   5247.9164646886547        4964.1408969302220        2456.8165169434010     
   5172.0425383253369        4941.9067946579862        2554.9245455789542     
   5093.9555113853930        4920.8400045515255        2654.0783626253587     
   5013.2274758071417        4901.2199187191572        2754.4264840359774     
   4930.6866295869459        4882.9369953733167        2855.2502536020152     
   4846.5967965331465        4866.7445065354623        2955.5325754936694     
   4761.2217945134671        4853.3957227341371        3054.2563613146735     
   4674.8254413956274        4843.6439144978867        3150.4045226687635     
   4587.9471927430723        4838.0094504818762        3242.9172353373292     
   4500.3875374421550        4836.4260846624675        3332.0602564576570     
   4411.3018790911692        4838.7671677338767        3418.8048317372322     
   4319.8456148198893        4844.9060498164636        3504.1222139259253     
   4225.1741417580861        4854.7160810305841        3588.9836557736089     
   4126.5742255218001        4870.0071595382387        3672.2924935022402     
   4024.4797320188377        4891.7254743074645        3752.6686722359764     
   3919.7667492928454        4918.4488061205611        3830.6583231488721     
   3813.3113581931434        4948.7549366243466        3906.8075837447886     
   3705.9896395690530        4981.2216474656361        3981.6625915275886     
   3598.7430148760886        5017.4800709758256        4052.6507927103621     
   3491.9672772925760        5058.9475225086308        4117.9590787610705     
   3385.7201092862051        5103.8810445266199        4179.2727247494522     
   3280.0591853180640        5150.5376819564899        4238.2770112877242     
   3175.0421798492375        5197.1744797249357        4296.6572189881044     
   3071.0802302788543        5244.4373217232351        4353.3563265601897     
   2968.1192574180081        5293.2930263547914        4407.4615947894781     
   2865.5191535831750        5342.4800218397495        4460.8747031393532     
   2762.6398032918755        5390.7367398289316        4515.4973354414706     
   2658.8410910616303        5436.8016119731647        4573.2311755274832     
   2553.7427722223779        5481.5635965689444        4633.5675097709554     
   2447.6071422160744        5527.7508538257161        4693.5158825204880     
 zone
   2435.8442688433320       9.09494701772928238E-013   4700.0296097189448     
   2340.7579388874769        43.860600780487403        4751.2553388943124     
   2233.5188922975913        97.390057789387356        4804.9649284752995     
   2126.2137325074218        156.83644520853613        4852.8237008463193     
   2019.9124274659921        217.35361370338194        4898.6078373929031     
   1914.9714852160223        275.44497008997286        4945.4574232562827     
   1810.6444898425252        334.63204151625177        4990.5973472035002     
   1706.1850174412336        398.43635981686998        5031.2525013041750     
   1600.8466441078790        470.37945682647847        5064.6477776279207     
   1497.0394131652276        549.55738751999786        5089.2770778770519     
   1396.7113740807963        632.44044367332049        5106.7220608081598     
   1298.4231559785273        718.61147808670933        5118.8392444970405     
   1200.7353800827636        807.65334931125722        5127.4851491682575     
   1102.2086676178485        899.14891589805677        5134.5162950463719     
   999.07198346524012        996.89828538188397        5139.9036097151520     
   898.64901763476280        1089.3791421452058        5147.8457187823087     
   816.14252029551824        1153.1906716164553        5166.5406866503026     
   766.75523420879574        1164.9320661220647        5204.1865782314171     
   765.68990213588484        1101.2025179884656        5268.9814584379264     
 zone
   976.83270383775698        81.399772127258984        263.60905243583716     
   964.28852019653209        214.48382169777256        143.06918650654859     
   961.21352989913100        331.51987702514447        29.108121476577509     
 zone
   962.27681806791065        359.56471033294247        5533.0000000000000     
   970.22756738220312        436.22985109373610        5448.3841099249139     
   993.95046708239715        532.33565688790873        5328.5554044305472     
   1035.0020634363621        623.55920739202384        5196.2802575724672     
   1085.9171759664839        707.40825518652844        5061.5160972478407     
   1136.4333086279551        782.30362777133860        4936.1045920015604     
   1184.9742973172420        853.33681387954994        4816.5304172040615     
   1229.9639817000020        925.59930895149978        4699.2782377493513     
   1269.8262014418915        1004.1826084275247        4580.8327185314374     
   1303.2356314424171        1088.3361847649119        4463.2697121935234     
   1331.4002423339055        1174.9001013728721        4348.5411846940751     
   1356.5438038106658        1265.3517033762200        4232.9460212139675     
   1380.8900883068177        1361.1683421165983        4112.7830979774371     
   1406.6628682564808        1463.8273689356508        3984.3512912087212     
   1438.3743879320730        1564.0950780720607        3852.3720623967197     
   1479.8692123725816        1652.3071692252220        3722.6651468030500     
   1532.3695831888306        1729.2950563966865        3593.1768888153365     
   1597.0977440202357        1795.8901615282878        3461.8536228523303     
   1675.2759385062127        1852.9239065618594        3326.6416833327817     
   1755.6079408652765        1904.1461347861550        3195.0874527494225     
   1829.4478857164065        1952.8256277883138        3072.5680148961333     
   1901.9935190614528        1999.0721953831139        2953.7758139562861     
   1978.4425932584022        2042.9956512991378        2833.4032838433136     
   2063.9928606652411        2084.7058092649686        2706.1428584706432     
   2154.6852336639527        2121.4879081833469        2578.6683865535542     
   2244.9130783759178        2151.5288075659614        2458.3996424589745     
   2337.4027869404717        2176.2907358713978        2341.1480055889838     
   2434.8807583390726        2197.2359245861680        2222.7248454756123     
   2540.0733915531800        2215.8266051967830        2098.9415316508903     
   2650.3323437117047        2229.0296752109816        1975.4795094781666     
   2762.1533435417846        2232.8307228608946        1859.8574619981744     
   2876.9788500293430        2227.2200085836184        1750.6426697878921     
   2996.2513303528699        2212.1877941499679        1646.4024038980158     
   3121.4132516908544        2187.7243413307574        1545.7039353792413     
   3246.6534465605650        2158.2327298264690        1449.9553520138195     
   3367.1985666242640        2127.3115852780325        1360.3313764985573     
   3486.0477534463039        2093.7445024355407        1275.0492725190095     
   3606.2001581715513        2056.3150738748345        1192.3262963544685     
   3730.6549319448714        2013.8068921717550        1110.3797042842270     
   3855.9752524474188        1967.1293295467685        1031.7369464066664     
   3978.2615865041307        1917.6433819101735        958.93655998654936     
   4099.8189650530358        1864.8100974054680        890.21246594234913     
   4222.9524285395264        1808.0905207896367        823.79857907169094     
   4349.9670174089924        1746.9456968196625        757.92881417219883     
   4476.0263773611550        1683.1958067903784        695.61934424932019     
   4597.2882782194092        1618.6401710110692        638.91307917037500     
   4717.5488920735970        1552.7085699063393        584.58406642091802     
   4840.6044006787124        1484.8307791669090        529.40634855523240     
   4970.2509857897530        1414.4365744834990        470.15396812760213     
   5099.7767392763908        1339.9042321550642        415.16055696939929     
   5222.6862577679240        1259.1467288559238        373.00854177700580     
   5343.1004228412367        1170.8959209695181        340.84518459009814     
   5465.1401260724533        1073.8836595266032        315.81774280179627     
 zone
  8.45830072648823261E-009   1017.5488073601927        304.29272103220200     
   59.926259037696582        966.84179555793673        295.07347380521975     
   183.89094741874314        856.06144420350529        281.88913677860478     
   295.97282856895532        746.04777070394255        279.82092912795514     
   402.55250526158613        632.85374985823955        286.43527328102749     
   510.01059010711197        512.53234808501963        299.29859020872146     
   624.72769571600941        381.13653180290657        315.97730088193725     
   741.07452026775195        238.70895989848447        342.05804823461671     
   843.28420494479053        107.76276544757128        370.79455800849121     
   922.53097444551247        18.056686162017144        381.25386779332354     
 zone
   969.98906244427894        5532.3494494533415        352.50301650323291     
 zone
   976.83270261545181        81.399782733062565        263.60904305233879     
