 zone
   4287.5197691162730        2271.7241523838170        576.62995706218726     
   4266.3649581609880        2200.5565792649622        668.95234113632648     
   4220.9568262802386        2145.8476812078684        769.06937107416900     
   4156.3144112817490        2109.2938267726922        870.26564050783543     
   4077.4567509732397        2092.5913845195905        965.82574306944673     
   3989.4028831624332        2097.4367230087196        1049.0342723911242     
   3896.4648081128903        2124.3023321134328        1115.1067383359541     
   3800.1263273428485        2168.7652060445635        1166.9823451748657     
   3701.1642187572529        2225.1784580408239        1209.5312017642007     
   3600.3552534825881        2287.8952025467793        1247.6234225329097     
   3498.4762026453400        2351.2685540069956        1286.1291219099421     
   3396.4585273320181        2410.1254773109026        1329.2898739193568     
   3295.8523951758029        2461.1883682964149        1378.8331150900599     
   3198.3626790500807        2501.6534636137822        1435.8577358984144     
   3105.6942442170871        2528.7170045191569        1501.4626298260343     
   3019.5519559390527        2539.5752322686899        1576.7466903545346     
   2940.9591442379328        2532.7650527840829        1662.1496815402627     
   2868.2129591796479        2512.1860226834397        1755.4748966991897     
   2798.9290279821475        2483.0783627701712        1853.8664878099585     
   2730.7229717307368        2450.6822939833619        1954.4686128481785     
   2661.2104115107213        2420.2380372620951        2054.4254297894604     
   2588.1707940634037        2396.6043445460714        2151.0987399528017     
   2510.0388297399809        2383.1140813154529        2242.7209675068430     
   2425.4130649439498        2382.7186485722873        2327.7421650460410     
   2332.8920407918295        2398.3694452531986        2404.6123925172492     
   2231.0742984001404        2433.0178702948151        2471.7817098673213     
   2120.8167757332453        2488.1762916124439        2526.8808112165884     
   2012.0099373855414        2559.6009868255583        2564.2629543511771     
   1916.8026606291482        2641.6091960271651        2577.4620219059639     
   1847.3438147690370        2728.5181626727917        2560.0119011204488     
   1815.7822691101778        2814.6451302179667        2505.4464792341328     
 zone
   3807.2662331686261        3350.4130155393591        1728.1981099690001     
   3746.8857831839960        3312.2190587726914        1826.7725167202987     
   3669.1026023408081        3295.4475015171415        1921.3272548190359     
   3578.3254203033075        3297.5784791524852        2009.9734592211928     
   3478.9629667357417        3316.0921270584959        2090.8222648827477     
   3375.4239713023562        3348.4685806149487        2161.9848067596809     
   3271.6694198446567        3392.4797595716605        2221.7281792606682     
   3169.8692693514745        3447.0647459163924        2268.9433434091184     
   3071.7457488380805        3511.4544000870410        2302.6772097518638     
   2979.0210795593935        3584.8795853875827        2321.9766937300092     
   2893.4174827703328        3666.5711651219949        2325.8887107846572     
   2816.4052960423678        3755.5884555003545        2313.8836071342635     
   2748.4472839336695        3850.3046322214436        2287.1254425218717     
   2689.7543395871007        3948.9213110821588        2247.2017080077258     
   2640.5373500756095        4049.6401142547347        2195.6998943466415     
   2601.0072024721458        4150.6626639114056        2134.2074922934335     
   2571.4888480747172        4250.1702725933201        2064.2182380089471     
   2552.7634814837425        4346.2630658350718        1986.8508113581702     
   2545.7263666986610        4437.0208444193413        1903.1301475589844     
   2551.2727651397854        4520.5234166222208        1814.0811769149789     
   2570.2979382274311        4594.8505907198123        1720.7288297297423     
   2602.8923173586227        4658.9168192555708        1624.0682220627925     
   2645.9270339892269        4714.9751626343013        1524.9751620534571     
   2695.4683857348368        4766.1133150884925        1424.2956578536564     
   2747.5826721528897        4815.4189759989340        1322.8757105251611     
   2798.3361928008217        4865.9798447464218        1221.5613211297421     
   2844.8237935219595        4920.0537448514833        1120.9998203035429     
   2888.2545277815298        4976.5790260287768        1021.0438048666787     
   2930.8659877714767        5033.6641545817047        921.34721632380365     
   2974.8957693167890        5089.4176007041906        821.56398865600545     
   3022.5814682424557        5141.9478345901571        721.34805584437140     
   3075.7171978995561        5189.6574237633440        620.50273701408423     
   3134.3231709239521        5232.1253487257145        519.42883902731842     
   3197.9761101550571        5269.2246796746031        418.67656884732509     
   3266.2527421769114        5300.8284905541013        318.79612594597273     
   3338.7297935735551        5326.8098553083000        220.33770979512963     
   3414.9916038926749        5347.0718962509836        123.81385853332741     
   3494.6530049834732        5361.6379386477147        29.586415045797203     
   3520.7756285506744        5365.1017297989374       3.27372717379148526E-007
 zone
   3577.3364305354098        5370.5613526779798        5470.9795754635961     
   3662.6643197838703        5373.8955102444197        5382.3175286486949     
   3750.2591119642411        5371.6937832496769        5296.9244634630668     
   3839.8045436051771        5363.9758205224252        5215.0969945493825     
   3931.2295874064976        5350.6263735699395        5137.0213977005478     
   4024.5245001303756        5331.4964715673905        5062.8563869792197     
   4119.6795451403750        5306.4371433210044        4992.7606702156054     
   4216.6849858000642        5275.2994176370084        4926.8929552399122     
   4315.4457473611419        5238.2140348190687        4865.2175764967760     
   4415.5254545223561        5196.4305605039999        4806.9213436506298     
   4516.4023792775506        5151.4782769151134        4750.9967024843218     
   4617.5548009167242        5104.8864637256420        4696.4360940346205     
   4718.4609987298754        5058.1844006088204        4642.2319593382908     
   4818.7383988803495        5012.4301678947459        4587.7087919018895     
   4918.5610670756014        4966.7970252833175        4533.5192663180669     
   5018.2422008656195        4919.9870401366406        4480.6481176747266     
   5118.0950052963626        4870.7022763711220        4430.0800770095020     
   5218.4326854137880        4817.6447979031645        4382.7998753600323     
   5319.3782425884065        4759.7709329662484        4339.7281831223299     
   5420.2939164034351        4697.0540357208974        4301.5294065526532     
   5520.3517277868186        4629.7217327997369        4268.8038980904294     
   5532.9999999999991        4620.8204214903353        4265.0569371866495     
 zone
   85.723705168076776        4558.0016467095311        4242.1520067993761     
   181.58187697673657        4482.1213999570409        4222.1740817432074     
   274.18793582314879        4402.2854638358858        4209.4039590179500     
   363.16227861817799        4318.6056624431558        4204.1094176156512     
   448.21495233626638        4231.1706802854496        4206.4917260552684     
   529.05601097963677        4140.0691960665226        4216.7521516308261     
   605.39550855051255        4045.3898884901255        4235.0919616363472     
   676.99945371528804        3947.3476553692176        4261.5302495924807     
   743.85771020174082        3846.6622191103293        4295.3574293649153     
   806.01608535453954        3744.1795356062830        4335.6817377161633     
   863.52039203119159        3640.7455535646604        4381.6114130811329     
   916.41644308920456        3537.2062216930431        4432.2546938947380     
   964.66207773038013        3434.2952719677373        4486.9200089788683     
   1007.8632648946616        3332.2975160166975        4545.7165777656264     
   1045.5379923286405        3231.3855641940249        4608.9538021543203     
   1077.2042515494384        3131.7320191566232        4676.9410879709230     
   1102.3800340741766        3033.5094835613972        4749.9878410414112     
   1120.5945381040713        2937.0392902634553        4828.2435303094580     
   1131.4217967418249        2843.2376428294415        4911.2179191057185     
   1134.4470464943590        2753.1694895581704        4998.2608226244556     
   1129.2555254905760        2667.8997714879024        5088.7220616985060     
   1115.4324718593800        2588.4934296568999        5181.9514571607042     
   1092.7283344230837        2515.8183984590687        5277.3306257948325     
   1061.5543911395923        2449.9545492672737        5374.3684182701199     
   1022.4871333528149        2390.7847582320837        5472.6054670920867     
 zone
   994.98956583317283        2357.8877928435968       2.15550244320183992E-010
   976.10305104491215        2338.1918958327119        38.582411799361580     
   922.97863419804492        2292.0588325483691        137.83989193057187     
   863.69479351549035        2252.2421631613815        236.94040200011392     
   798.85009055143826        2218.4933600883678        335.53390803717991     
   729.04751601386067        2190.5376264392207        433.29221622390423     
   654.89005641587289        2168.1001621243904        529.88714013672222     
   576.98069827058976        2150.9061670543265        624.99049335206962     
   495.87720350531157        2138.7906426438285        718.20951252784550     
   411.95639287980703        2132.0277908575176        808.89317493966053     
   325.54987447194276        2131.0016173289773        896.32586687606522     
   236.98925043009214        2136.0961265992469        979.79198164764614     
   146.60612290262856        2147.6953232093665        1058.5759125649904     
   54.596619607814091        2166.5882118975883        1131.6925271715827     
 zone
   5532.9999999922002        2181.9232449726765        1170.9541137121087     
   5493.6149223703114        2195.1838091401605        1197.0786271665136     
   5397.1797521968310        2236.2961294070269        1252.4014770731278     
   5297.8098233003557        2292.7391882841957        1295.3283470924341     
   5195.0238498938697        2367.3270013576744        1323.5265074254417     
   5090.4033218316436        2460.8266221848398        1334.6474146605021     
   4993.7807751376085        2565.8173101185589        1326.2792734208185     
   4917.0515370358426        2672.8313500866179        1295.9944715545248     
   4872.1109269530689        2772.4010333198567        1241.3653984040598     
   4870.8542643160063        2855.0586510491166        1159.9644433118626     
 zone
   3566.4381530266783        4565.3010072510751        4256.1023681231000     
   3632.7749414895206        4584.5057973954508        4170.5607895158828     
   3714.1972535581190        4582.3979185739372        4091.2463562687976     
   3804.8077889575948        4560.7430988482174        4022.2906405950412     
   3898.7092474130691        4521.3070662799755        3967.8252147078092     
   3990.0043286496634        4465.8555489308947        3931.9816508202962     
   4073.8382497459343        4396.3841277377087        3917.6191509172108     
   4149.5263384231766        4315.8077562407334        3922.5074337369447     
   4217.4264261998223        4227.2712503553485        3943.1438518456830     
   4277.8963511527609        4133.9194213127093        3976.0257559353831     
   4331.2939513588808        4038.8970803439693        4017.6504966980028     
   4377.8004812373802        3944.8953804665171        4065.1456666969557     
   4416.8908836953697        3852.7907935234462        4118.1598511820357     
   4447.8635105612257        3763.0061475060843        4176.9718703335429     
   4470.0167173871714        3675.9642633419121        4241.8605476717694     
   4482.6488597254365        3592.0879619584107        4313.1047067170066     
   4485.3023557600036        3511.8055882475865        4390.7335843932633     
   4478.4958735108112        3435.5675417807847        4473.7781131092579     
   4462.9921424391696        3363.8297583670642        4561.0196275946200     
   4439.5538925754436        3297.0481676946401        4651.2394681307705     
   4408.9438539499961        3235.6786994517274        4743.2189749991303     
   4371.8860744075628        3180.0370844712183        4835.9183695220727     
   4328.9498525969675        3129.8782303397779        4929.0134454641093     
   4280.6658100959366        3084.8168545415974        5022.3588637633193     
   4227.5645659533475        3044.4676702014303        5115.8092922460755     
   4170.1767392180727        3008.4453904440275        5209.2193987387527     
   4109.0361778853594        2976.4022947746594        5302.4030557408350     
   4044.6896131803073        2948.1409121995675        5395.0110030209780     
   3977.6870141583968        2923.5013431413013        5486.6531711011548     
   3942.5883146167503        2912.2532137841040        5532.9999999999982     
 zone
   3908.5783454528696        2902.3236854901634        43.939497457819925     
   3837.9135716969690        2884.4480371364552        132.47991956742953     
   3766.1145349166463        2869.6988253671452        219.02816811706174     
   3693.0905491761314        2857.8377879470640        303.91319127765792     
   3618.6228165918324        2848.6109944513964        387.60771735762467     
   3542.4925339709098        2841.7645132425273        470.58448118741660     
   3464.4808981205256        2837.0444126828397        553.31621759748873     
   3384.5187905387734        2834.1737324069832        636.14900545509704     
   3303.1357893011577        2832.7833959865070        718.92234311318873     
   3221.0111689334944        2832.4812988038393        801.34906066351959     
   3138.8241980737585        2832.8753359626430        883.14199436445233     
   3057.2541453599247        2833.5734025665784        964.01398047434998     
   2976.7089695851791        2834.4606707574812        1043.6718880581930     
   2896.5113485810666        2836.5314211072609        1121.7987587125258     
   2815.7126624601324        2841.0572110895919        1198.0716548511284     
   2733.3642852973330        2849.3095982317454        1272.1676448717749     
   2648.5175911676220        2862.5601400609926        1343.7637971722388     
   2560.6181898300561        2881.4161136072303        1412.8072249635670     
   2470.6885870304354        2903.8276853382386        1480.3252560321798     
   2380.1455370043827        2927.0807389091251        1547.6152524873457     
   2290.4057875493222        2948.4611591800162        1615.9745816715147     
   2202.8860864626768        2965.2548310110392        1686.7006109271381     
   2118.7550831967637        2975.2343050406885        1760.8521401634014     
   2038.1889908405062        2978.1187984434196        1838.5337391169276     
   1961.1159370489513        2974.1141919439392        1919.6113994079631     
   1887.4640430743095        2963.4263672799038        2003.9511180466397     
   1817.1614301687912        2946.2612061889708        2091.4188920430915     
   1749.9180082730823        2923.2083645907046        2181.7151555370665     
   1684.5708077314027        2896.3925817537879        2273.8781389156625     
   1619.7386578010278        2868.3223741743309        2366.7804964254942     
   1554.0403826242655        2841.5062568333537        2459.2948889432341     
   1486.0948063434230        2818.4527447118762        2550.2939773455532     
   1414.8425451034591        2801.1319455017924        2638.8670377956014     
   1340.5113449695436        2789.3603303096247        2724.9698531216845     
   1263.6507542673119        2782.4159661699755        2808.7748079635658     
   1184.8103161420388        2779.5769186022917        2890.4542936565235     
   1104.5395737389993        2780.1212531260217        2970.1807015358327     
   1023.2769654775576        2783.4317831610474        3048.1327797622480     
   941.01646841969227        2789.3103158518356        3124.5147441293248     
   857.64096698295737        2797.6634058921645        3199.5371555257307     
   773.03333956463621        2808.3976081244778        3273.4105807117380     
   687.07646456201155        2821.4194773912209        3346.3455864476200     
   599.69627336916813        2836.7274805816646        3418.4177744500203     
   510.99086349221761        2854.6877411110950        3489.1629237975399     
   421.10139834026404        2875.7582923284508        3557.9818377321371     
   330.16903486495289        2900.3971686357768        3624.2753249001225     
   238.33493001792959        2929.0624044351175        3687.4441939478047     
   145.77496431033185        2962.1399198423819        3746.9266442481389     
   52.803864066465330        2999.7271959815371        3802.3104683528500     
  5.47117906535277143E-013   3023.0702467388078        3831.7712816620447     
 zone
   5492.7710929251662        3041.8495951303516        3853.2208403453351     
   5400.0261076530105        3088.5324818636882        3899.2829388841551     
   5307.9183650165733        3139.8012207564093        3940.1219426278712     
   5216.8081390488296        3195.6915316175573        3975.3418577344660     
   5127.0989255305185        3256.2805851970465        4004.4620176732883     
   5039.2050511950993        3321.6558994982884        4026.9805777074666     
   4953.5408359458879        3391.9049965159802        4042.3956959389861     
   4870.5205996862023        3467.1153982448204        4050.2055304698310     
   4790.6680156563089        3547.2142755974946        4049.9592371470503     
   4714.9441293362406        3631.4874379629482        4041.4099611016654     
   4644.4193517272588        3719.0603320734176        4024.3618446001774     
   4580.1640877539185        3809.0584104517502        3998.6190301951847     
   4523.2487423407756        3900.6071256207924        3963.9856604392853     
   4474.7033371019052        3992.7709240478421        3920.3672672511057     
   4435.3963367451170        4084.3702761486279        3868.0749155071085     
   4406.1558306285033        4174.1646325042575        3807.5210652680930     
   4387.8099041696514        4260.9134505527954        3739.1181736784065     
   4381.1866427861469        4343.3761877323077        3663.2786978823992     
   4387.0450736227940        4420.1148324446467        3580.6816223334122     
   4405.8679962138704        4488.9015359657024        3493.0719962212806     
   4438.0691519549737        4547.3109685357713        3402.4614079101084     
   4484.0622822054956        4592.9178063486315        3310.8614398467248     
   4544.2611283248343        4623.2967255980566        3220.2836744779620     
   4618.2935503100098        4636.4691877145087        3133.0787903763344     
   4702.6439244781122        4632.2437982734064        3052.9538056493352     
   4793.0107357653978        4610.8759446343774        2983.9548480010785     
   4885.0924741327681        4572.6210157929381        2930.1280384751485     
   4974.5876295411199        4517.7344007446054        2895.5194981151276     
 zone
   2271.7241523838170        1245.4802308837270        576.62995706218726     
   2291.1211214342597        1343.3312747721495        655.08403190016702     
   2318.8539830452619        1443.7549451331172        727.77484065013255     
   2351.5781218238344        1545.7697178928904        797.06547463133336     
   2385.9489223769879        1648.3940689777296        865.31902516301852     
   2418.6217693117342        1750.6464743138947        934.89858356443733     
   2447.0366257794326        1851.7692368192445        1007.6064896020891     
   2471.7717823722387        1951.9000196878849        1083.0021158779236     
   2494.1901034014654        2051.4002978720600        1160.0840730328721     
   2515.6544554664251        2150.6315539041789        1237.8509770000310     
   2537.5277051664307        2249.9552703166514        1315.3014437124980     
   2560.7907373095454        2349.6255835146881        1391.7087247674201     
   2584.8965222853117        2449.4672975398057        1467.4446538167711     
   2608.9160454360385        2549.1978555080232        1543.1556886342626     
   2631.9202937827963        2648.5347079479766        1619.4882927274573     
   2652.9802543466581        2747.1953053882989        1697.0889296039184     
   2671.4637393562043        2844.9917694070618        1776.4019086131345     
   2687.9258707622557        2942.1149565393939        1857.0629643394152     
   2703.2185927067530        3038.8503797116546        1938.5056655671783     
   2718.1938508052235        3135.4835591687793        2020.1635869258334     
   2733.7035906731926        3232.3000151557058        2101.4703030447895     
   2750.3242167092849        3329.4900053920583        2182.0396672450497     
   2767.5299775676840        3426.8627883394824        2262.2066893340757     
   2784.5195783558770        3524.1323455009774        2342.4866457073776     
   2800.4917253779840        3621.0126656068442        2423.3948187911369     
   2814.6451249381280        3717.2177373873865        2505.4464910115362     
 zone
   3350.4130155393591        1725.7337668313739        1728.1981099690001     
   3351.8756857743306        1683.9144516545414        1684.9161245571961     
   3332.8281577272282        1634.0364126462941        1654.0856135960516     
   3300.6952118873946        1578.6983503056811        1630.8804970952719     
   3262.9016287441746        1520.4989651317485        1610.4746950645595     
   3226.8721887869110        1462.0369576235439        1588.0421275136184     
   3198.3973876558784        1405.3968116007868        1559.8767826218937     
   3176.7305697692154        1350.6061154904046        1526.7529043981751     
   3159.4908001177528        1297.1782498356220        1490.5648083948552     
   3144.2971412580355        1244.6265908786602        1453.2068082976098     
   3128.7686557466095        1192.4645148617403        1416.5732177921159     
   3111.0021941928876        1140.2150343168532        1382.0901988009514     
   3091.0057492489568        1087.4396796315298        1349.3112890595582     
   3069.2651038995159        1033.7096252147137        1317.3218799921831     
   3046.2660399006936        978.59604159139849        1285.2073603676904     
   3022.4943390086191        921.67009928657819        1252.0531189549442     
   2998.0038647532965        863.04137135567805        1217.9148652793667     
   2971.1207951894357        804.97300967370575        1186.7295731612553     
   2939.7393937575102        750.26657725310849        1163.4045421725834     
   2901.7539221101465        701.72363278685418        1152.8470693536929     
   2855.0586418999687        662.14573496791036        1159.9644517449267     
 zone
   4565.3010072510751        1966.5618469733217        4256.1023681231000     
   4590.5023016424857        1917.5421006284027        4181.8813273867709     
   4591.0071098085164        1851.4847046654172        4115.3191232577547     
   4575.5069738000320        1774.1373371833204        4053.4718917841424     
   4552.6934356678958        1691.2476762810650        3993.3957690140219     
   4531.2580374629761        1608.5634000576053        3932.1468909954824     
   4517.9833639028302        1530.6133810973577        3867.4715455953806     
   4512.0161668593846        1457.0512313738473        3799.8765929153160     
   4510.5942441785592        1386.3117697944224        3730.5590540167163     
   4510.9553923764106        1316.8298092563682        3660.7159452808110     
   4510.3374079689938        1247.0401626569703        3591.5442830888301     
   4506.8864534063532        1175.8212569963737        3523.7763319908750     
   4502.3821517325432        1103.8259378652165        3456.2853145335271     
   4499.5124920220442        1032.1506753405174        3387.4797117193266     
   4500.9654631982185        961.89193424922564        3315.7679994518612     
   4509.4290541844257        894.14617941829169        3239.5586536347191     
   4525.7252400474708        829.42527149488296        3158.5415598482646     
   4543.2119518736536        765.90262169773655        3077.5321982249375     
   4553.3811051759621        701.16704700071034        3002.6274702256019     
   4547.7246164258995        632.80735945105687        2939.9242714260108     
   4517.7344020949668        558.41237109602866        2895.5194974019150     
 zone
   1245.4802308837270        3261.2758476161830        576.62995706218726     
   1244.4149341522145        3342.4532629681544        656.74207568264558     
   1276.3968903127557        3404.5793758307959        750.85014470582826     
   1334.3304094934856        3448.4848382370847        852.68912629284739     
   1411.1198018225402        3475.0003022199980        955.99398260481564     
   1499.6693774280545        3484.9564198125145        1054.4996758028458     
   1593.8731224375265        3479.2480006869737        1142.9950016867772     
   1691.5837760191007        3459.0264791844183        1220.4841337657958     
   1791.6437390929439        3425.5074470560744        1287.0250647112950     
   1892.8954194385581        3379.9064961987015        1342.6757941995363     
   1994.1812248354452        3323.4392185090596        1387.4943219067825     
   2094.3605360343195        3258.2869729999638        1422.5213875965610     
   2192.3606776283395        3190.4941509430964        1452.7287071337132     
   2287.1259320578224        3127.0709199802677        1484.0707306003676     
   2377.6005892819894        3075.0274431715352        1522.5019110158023     
   2462.7289392600605        3041.3738835769577        1573.9767013992957     
   2541.9691605879707        3030.8659026291371        1642.7089417793854     
   2616.8350262094791        3039.2411561127124        1725.9500608844692     
   2689.3541853920606        3059.9828020035798        1819.2108659579180     
   2761.5542935203607        3086.5739966294282        1918.0021687120668     
   2835.4630059790247        3112.4978963179478        2017.8347808592500     
   2912.9786920346696        3131.9147997135969        2114.7673703105443     
   2995.4826177986306        3141.6935827586954        2207.0500791196032     
   3084.2267521740123        3139.3802597372419        2293.4808904735314     
   3180.4630696845561        3122.5208466780091        2372.8577949248429     
   3285.4435448540048        3088.6613596097695        2443.9787830260520     
   3398.2752660400952        3036.4668711722675        2504.6160157746399     
   3509.4858388411744        2969.0786488679882        2548.4383662714404     
   3607.4579664258831        2890.7570230615020        2568.0888680496623     
   3680.5743601413506        2805.7623209004032        2556.2105596040315     
   3717.2177313347079        2718.3548695322893        2505.4464794292753     
 zone
   1725.7337668313739        2182.5869844606409        1728.1981099690001     
   1758.2191648563614        2250.0517277921022        1828.1482513254489     
   1813.2458906188765        2299.7618702306263        1932.8851195264881     
   1886.1934195332301        2330.9530400968974        2037.0238183071133     
   1972.4412270137320        2342.8608657116015        2135.1794514023200     
   2067.3687884746937        2334.7209753954226        2221.9671225471020     
   2166.9131923453915        2306.5275903548250        2293.3181413772013     
   2269.2420312098157        2261.3092843157465        2350.4286742025483     
   2373.0804957601708        2202.8532265775334        2395.8110810146904     
   2477.1537839699104        2134.9465850672409        2431.9777277141366     
   2580.1870938124857        2061.3765277119255        2461.4409802013970     
   2680.9079563844753        1985.1486075251169        2485.9339225865779     
   2778.0532872934523        1906.1418784035773        2504.0725243740153     
   2870.3623199627796        1823.4537908093489        2513.6934694491142     
   2956.5742954219977        1736.1817896061536        2512.6334437051369     
   3035.4284547006464        1643.4233196577131        2498.7291330353451     
   3105.8087552510451        1544.7812768050505        2470.4673907330816     
   3167.1780551637266        1441.8803078428614        2428.9357216835738     
   3219.1439177187053        1336.8505247515902        2375.8718011472811     
   3261.3139117656769        1231.8220323738353        2313.0133028164978     
   3293.2956061543382        1128.9249355521945        2242.0979003835178     
   3314.7080621392306        1030.0917369437016        2164.6771577599175     
   3325.2163197605764        936.46447994668415        2081.5581583842454     
   3324.4969074471401        848.98762100086844        1993.3618871249937     
   3312.2263556212197        768.60560901185147        1900.7093233100559     
   3288.0811947051116        696.26289288523037        1804.2214462673271     
   3252.1595669413418        632.51750278245618        1704.5544284007833     
   3206.2460406067162        576.38176257610530        1602.5051618598065     
   3152.5468002728703        526.48158759899366        1498.9057465488493     
   3093.2680282620900        481.44288811692746        1394.5882750560022     
   3030.6159068966585        439.89157439571306        1290.3848399693568     
   2966.4598313212573        400.63891031842007        1186.9761003166623     
   2901.3220146053677        363.23755397695868        1084.4369272593115     
   2835.3878922828867        327.42552297817400        982.69077393804582     
   2768.8428951488877        292.94083192888661        881.66108575475971     
   2701.8724539984446        259.52149543591707        781.27130811134725     
   2634.5013061666127        227.09242818840775        681.47109303200591     
   2566.1113800621947        196.32612832760941        582.31486706678947     
   2495.9239206496513        168.08199897108238        483.88327829771913     
   2423.1601678925135        143.21944077963352        386.25696734913237     
   2347.0413617543113        122.59785441406957        289.51657484536628     
   2266.9916237409711        106.87599538782318        193.74497780577948     
   2183.2465588546634        95.910031533262782        99.033949064911496     
   2096.2446652131712        89.355488313604894        5.4775122037614636     
 zone
   2091.0232496371596        89.099391685855366        5533.0000000000000     
   2006.4244351186583        86.867889834969986        5446.1696836306137     
   1914.2243608732877        88.102760203478638        5355.2044797537519     
   1820.0495852198155        92.801933672887216        5265.7288775696879     
   1724.1718032304066        101.05248810110358        5178.1016500084952     
   1626.8293743449019        113.02781102376072        5092.7345440456484     
   1528.2606510559356        128.90129019861436        5010.0392999315354     
   1428.7039858561416        148.84631338342010        4930.4276579165480     
   1328.3646721901491        172.88462366300749        4854.1266545301414     
   1227.3157148719563        200.43139884799137        4780.6244723969321     
   1125.5970745821819        230.75016880497301        4709.2246020641405     
   1023.2487045530107        263.10446504255657        4639.2305282725538     
   920.31055801662819        296.75781906934634        4569.9457357629599     
   816.82589689237068        331.32602702410333        4501.0292825934603     
   712.85116377506438        367.83396147028623        4433.5624839223365     
   608.44612533059990        407.65875447169219        4368.9822384792769     
   503.67054053440017        452.17754062959222        4308.7254398409777     
   398.58416836188724        502.76745454525695        4254.2289815841286     
   293.39450321168835        560.44302094625959        4206.7148828349336     
   188.89992619446562        624.76835680750003        4166.5456416789502     
   86.046569527815450        694.94496127356342        4133.8688894783636     
  5.68434188608080149E-014   759.07842350908561        4111.9557821860717     
 zone
   5518.7805575896955        770.17433751864576        4108.8322537853264     
   5422.0480147580629        849.65798871694324        4091.5833621519919     
   5329.5859384300229        932.72962116557858        4082.1929182725867     
   5241.2947708587326        1019.2517975037781        4080.4239270394946     
   5156.8658414909987        1109.2192713129089        4085.9624714808929     
   5075.9904727216253        1202.6268022349852        4098.4946336335952     
   4998.3599869454147        1299.4691499120213        4117.7064955344194     
   4923.7991411832918        1399.6228109803164        4143.2993108405935     
   4852.6663925323364        1502.4912829876796        4175.0350341970006     
   4785.4536440341617        1607.3597857895275        4212.6907885006740     
   4722.6527930596785        1713.5135465844201        4256.0436983210830     
   4664.7557369797969        1820.2377925709177        4304.8708882276987     
   4612.2118577505598        1926.8673513009198        4358.9565677284645     
   4565.3004493225253        2032.9355072542044        4418.1133152537132     
   4524.2582985055715        2138.0251293004808        4482.1607864830366     
   4489.3221879908078        2241.7190942645352        4550.9186409323293     
   4460.7289004693466        2343.6002789711538        4624.2065381174853     
   4438.7164193495455        2443.2549216375924        4701.8486996641232     
   4423.5275206679871        2540.2827575819310        4783.6876369269039     
   4415.4061849725385        2634.2868684579448        4869.5704121074696     
   4414.5963909228713        2724.8703434322574        4959.3440930321140     
   4421.3421171786531        2811.6362716714930        5052.8557475271318     
   4435.8536052900736        2894.1480287862155        5149.8789927532753     
   4458.2061574232275        2971.8101784070627        5249.8936945072755     
   4488.4413370726679        3043.9875579540503        5352.3062537037022     
   4526.6007085230631        3110.0450111596911        5456.5230783597390     
 zone
   4559.3033205757629        3153.8193207645845       1.73331500263884664E-008
   4572.7258360590868        3169.3473817564968        28.950576492567961     
   4626.7163211709803        3221.3500993349280        134.94377918289280     
   4687.9039438976070        3265.8709625755505        240.65226515014245     
   4755.4785140177601        3302.8183476676572        345.17422036240168     
   4828.6298450445993        3332.1006349514896        447.60783867307498     
   4906.5477504912888        3353.6262047672917        547.05131393556655     
   4988.5381182847977        3367.3251350652840        642.74061202706787     
   5074.3711773947280        3373.2142999012835        734.46283597299805     
   5163.9332192185593        3371.3322683091728        822.14284620471801     
   5257.1105411165536        3361.7176106353768        905.70551042891634     
   5353.7894404489725        3344.4088972263226        985.07569635228185     
   5453.7104992999175        3319.2214536636520        1059.8093116405553     
 zone
  9.09494701772928238E-013   3293.5546719352433        1113.4320306122293     
   23.031491461697442        3285.0776120264791        1127.9864621651625     
   126.76446078047138        3240.6764627825451        1187.3182822400013     
   230.92145843315393        3184.7170948243211        1235.5159119344601     
   334.51453559666243        3115.8985970442800        1270.2904913179286     
   435.37735863167052        3034.0764975923066        1289.3312149009626     
   526.63010750211083        2943.7320356529694        1290.2395018320660     
   600.21456193658139        2850.5029008487768        1270.5948214623434     
   648.07250933642206        2760.0267771635099        1227.9766451769169     
   662.14573710297270        2677.9413485809491        1159.9644443609077     
 zone
   1966.5618469733213        967.69899274892543        4256.1023681231000     
   2026.5334391188919        892.18778888364670        4240.5627564033921     
   2041.4863921991498        810.58664413424617        4173.9145647342493     
   2020.5356385373352        730.59549690196081        4072.9726638401494     
   1972.7961104566887        659.91428558802716        3954.5519244455686     
   1907.3827402804500        606.24294859368206        3835.4672172749852     
   1832.2120139220101        575.05091956508181        3729.1044618879455     
   1750.4065920475161        562.88560310408263        3635.1337235524520     
   1663.8907002037931        564.06390597900918        3549.7961345836557     
   1574.5885586319591        572.90273178425605        3469.3328188170681     
   1484.4243875731333        583.71898411421842        3389.9849000882050     
   1394.6726945729167        592.41523129927339        3308.9294542730440     
   1304.0090902418540        601.23670327909747        3227.0873219218047     
   1210.4594860424954        614.01429282913080        3146.3153072724799     
   1112.0497867353122        634.57889346321122        3068.4702085993767     
   1006.8058970807758        666.76139869517601        2995.4088241768050     
   894.74918752471035        713.42663259415417        2930.0173485197179     
   783.88283000826721        773.57516940751486        2879.2995278166354     
   684.20547830067210        845.24150837189131        2851.2885150734169     
   605.71577802624893        926.46015164964217        2854.0174580767448     
   558.41237480932182        1015.2656014031263        2895.5195046133017     
 zone
   3261.2758476161830        4287.5197691162730        576.62995706218726     
   3254.2021750959980        4195.5264429645349        661.54961069374019     
   3231.9447081674621        4097.5947422813379        737.22384444840100     
   3199.4926608263181        3995.6580048603296        806.70853452826566     
   3161.8352470683103        3891.6495684951569        873.05955713543062     
   3123.9616808891819        3787.5027709794672        939.33278847199199     
   3089.9198779732369        3684.7775660083739        1008.0161905271398     
   3059.9925446945831        3583.5403179566006        1079.3261053002595     
   3033.5210948995032        3483.4840226777419        1152.9109507840387     
   3009.8469397283361        3384.3016683087121        1228.4191499819012     
   2988.3114903214200        3285.6862429864264        1305.4991258972705     
   2968.3691465224983        3187.3941820402956        1383.8488430444797     
   2949.9262527640653        3089.4356583026679        1463.3644730236745     
   2933.0021452153524        2991.8843064433686        1543.9917173342603     
   2917.6161585043887        2894.8137537982957        1625.6762832683698     
   2903.7876272592043        2798.2976277033449        1708.3638781181364     
   2891.3378000957591        2702.3230209407407        1791.8886577172962     
   2879.2955754868458        2606.5308381900304        1875.6386158590919     
   2866.4917678382358        2510.4754639196344        1958.8901824808790     
   2851.7571905838977        2413.7112754294394        2040.9197937167353     
   2833.9226571577969        2315.7926500193357        2121.0038857007389     
   2812.3071888513250        2216.4539411095352        2198.7271263040670     
   2788.1826259898130        2116.1493543728038        2274.9071501792864     
   2763.3090196154999        2015.5130862681895        2350.6698119095877     
   2739.4464192973242        1915.1793259051581        2427.1409719544436     
   2718.3548746042270        1815.7822623931779        2505.4464907733263     
 zone
   2182.5869844606409        3807.2662331686261        1728.1981099690001     
   2179.1806293322761        3847.1106761147639        1684.9473118944975     
   2198.2014802891326        3896.1089888168954        1654.9698501492226     
   2231.9009321308013        3951.4149405845060        1633.3633502232801     
   2272.5303796568724        4010.1823007270823        1615.2254376067754     
   2312.3412176669362        4069.5648385541090        1595.6537377898123     
   2345.3095306250357        4127.2610111979729        1570.9258781040480     
   2372.3101758709745        4183.1480562971974        1542.0394782507624     
   2395.9426943452836        4237.6478903479974        1511.1721626742722     
   2418.8066297316991        4291.1824342231603        1480.5015541855248     
   2443.5015257139571        4344.1736087954760        1452.2052755954669     
   2471.7592713236891        4397.0322444635776        1427.6043855370974     
   2501.8411531608444        4450.1248373067629        1404.5936745310657     
   2531.1407994215838        4503.8067850848411        1380.2113730137282     
   2557.0518402747521        4558.4334894960011        1351.4957094557365     
   2576.9679058891934        4614.3603522384365        1315.4849123277424     
   2589.7429515138369        4671.5021160097076        1271.1181941811133     
   2600.0722368550851        4728.0109178668645        1224.9386776652057     
   2614.1113441136290        4781.5982274445232        1185.3904753460904     
   2638.0158566859636        4829.9755186014436        1160.9176967615053     
   2677.9413579685847        4870.8542651963835        1159.9644514491870     
 zone
   967.69899274892509        3566.4381530266783        4256.1023681231000     
   995.56587769805151        3641.7576031004128        4208.6498029984914     
   1001.7150053992212        3711.3502674991832        4145.2062663008901     
   993.67169545353477        3777.3229766967397        4071.1902471576482     
   978.96126746209222        3841.7825611668309        3992.0202346961146     
   965.10904102599409        3906.8358513832077        3913.1147180436396     
   958.09951649295454        3974.1598335274707        3838.7812113663367     
   957.75391637377561        4043.7121525828279        3768.8832921918001     
   962.35264611296861        4115.0205995547340        3702.1735749590871     
   970.17611034183676        4187.6129703699307        3637.4046683727588     
   979.50471369168372        4261.0170609551615        3573.3291811373765     
   988.89046948466830        4334.8190936580677        3508.9129042274553     
   997.97183041305698        4408.8390350041027        3443.9743238098085     
   1006.6588563150536        4482.9552669293553        3378.5451177865516     
   1014.8616077372608        4557.0461768574542        3312.6569592806586     
   1022.4901452262811        4630.9901522120317        3246.3415214151023     
   1029.1856796421896        4704.5082794409982        3179.5189286020441     
   1033.5140266018636        4776.6924794565602        3111.6630755461565     
   1033.7721509394617        4846.4773611846203        3042.1363181556940     
   1028.2570180338862        4912.7975390518459        2970.3010073828937     
   1015.2655932640404        4974.5876274849006        2895.5194941799937     
 zone
   2940.8488614634389        3140.2442533292192        1054.7807637696189     
   2926.2075995907808        3261.0089431711908        948.65733580030553     
   2921.0993457955128        3364.3020184428783        850.47251432388555     
   2925.4806788528558        3457.5421957895637        752.85100391985770     
   2939.3081775380297        3548.1481918565273        648.41750916771969     
   2962.5384206262561        3643.5387232890507        529.79673464696998     
   2992.3671788855172        3735.6661275756574        407.84057210110319     
   3026.8909763362758        3814.1233239414610        294.85957828454104     
   3067.4175081005601        3882.7898578260179        185.66651263569986     
   3115.2544713803886        3945.5452821385143        75.074125043375034     
   3150.8791489325577        3984.9947296297205       1.20792265079217032E-013
 zone
   3171.7095633777785        4006.2691497881383        5490.8951653963613     
   3233.5399901057258        4059.4150937434483        5375.9187947131040     
   3295.3885053015333        4102.2986815625200        5271.1866916982244     
   3355.3911004564020        4143.0923426285326        5170.3904354773440     
   3411.6837716212945        4189.9685108696112        5067.2215960713729     
   3462.4025148471733        4251.0996202138876        4955.3717435012186     
   3521.4456467321220        4303.3909654549770        4844.0372663751814     
   3594.8626093120101        4331.5504267005535        4742.4608425497145     
   3669.0160690700250        4355.4542817494885        4644.4035277427656     
   3730.2686960142528        4394.9788136892766        4543.6263688587487     
   3764.9831601527840        4470.0003056074129        4433.8904128020813     
   3793.4193060808748        4538.5655328224266        4336.8890396589777     
   3837.4615527212291        4568.3111945526916        4263.1011312883584     
   3885.9094336278740        4593.4984066281422        4189.4660383062619     
   3927.5624836139573        4648.3882922842513        4092.9231026640691     
   3951.2202374926251        4767.2419747564900        3950.4116663131626     
   3985.2585990144003        4867.4951900675242        3816.1200894803537     
   4058.8148617199518        4876.4166773093430        3733.6423395329848     
   4161.8306471558708        4843.0169758768607        3664.0262555295471     
   4284.2475776828478        4816.3066372540043        3568.3196636254243     
   4416.0072756615764        4845.2962129247026        3407.5703899760001     
   4519.6978055145773        4885.7219721826559        3263.4541008650449     
   4578.6164538581052        4882.2624404155486        3207.9949842886244     
   4613.7686219703182        4867.3414998573007        3187.7637567346601     
   4646.1597210444797        4873.3830381938933        3149.3311193239047     
   4696.7951622738519        4932.8109431113144        3039.2677731771114     
   4781.1351143896836        4982.8911539355095        2904.8476102370864     
   4886.5137071731851        4964.8739363035384        2817.4862350855542     
   4991.7472572627639        4917.1596084682087        2759.9670128313051     
   5075.6520862707885        4878.1484959041009        2715.0732963873888     
   5117.0445158096300        4886.2409240857951        2665.5884386668540     
   5131.2904322349896        4945.1745343026032        2592.4089120246858     
   5151.6210823967413        5028.5849175405665        2488.6678786249695     
   5183.6508375277890        5129.7192864952876        2355.5037545392020     
   5232.9940698352002        5241.8248571737204        2194.0549515533576     
   5305.2651515260413        5358.1488455828267        2005.4598814534095     
   5420.1279426909605        5425.1690558827950        1823.5768799885218     
 zone
  3.36513039655983448E-011   5421.4394397903898        1714.4344387718547     
   43.836569887944279        5411.5258054930273        1680.5115031813077     
   217.39076356540227        5343.7100332663758        1574.7730817304987     
   382.79026054993119        5248.2126867119496        1504.8709313003956     
   515.03479766812052        5151.5247133388566        1469.3143675552990     
   619.29963118257979        5069.4103529373433        1447.1638944423541     
   719.16713487909465        4997.2040494436651        1419.5026942395180     
   817.24769088433982        4930.7520871773177        1387.8741005006195     
   916.15168932196957        4865.9007438675371        1353.8214453727703     
   1018.4895203156378        4798.4962972435587        1318.8880610030806     
   1123.7144328001916        4730.2921678374987        1281.8672779245878     
   1229.6958995244815        4664.2473398026013        1241.9306392351941     
   1336.6686019858603        4598.0164665104994        1201.1888100659182     
   1444.8672294991932        4529.2541961125262        1161.7524529505577     
   1554.5264713793458        4455.6151767600204        1125.7322304229103     
   1662.1443271092464        4377.1979543555381        1096.5315970974925     
   1766.1934949638944        4295.8502712256941        1073.8301123726885     
   1869.8706667996287        4211.8506032676878        1054.1526084949608     
   1976.3725427032800        4125.4774206522607        1034.0239152067365     
   2088.8958227616786        4037.0091935501559        1009.9688622504428     
   2193.3576855233750        3946.8496440048998        995.66654903400297     
   2280.7208358882308        3854.3276170306344        1000.8254256434120     
   2361.7502136292483        3758.1093043039632        1016.0143606290650     
   2447.2107672067741        3656.8608908389638        1031.8022205165396     
   2547.8674450811523        3549.2485616497111        1038.7578718314144     
   2652.0991229412093        3443.7783496845750        1039.9964059364927     
   2742.6240060347336        3342.3229132367337        1050.9269592908097     
   2821.7159855264981        3233.5984226417372        1080.5594703940419     
   2891.6489609142322        3106.3210399471932        1137.9038777008520     
   2954.6968316956672        2949.2069272007079        1231.9701196659023     
   2994.9966994190763        2835.4510749975439        1305.4261041456568     
   3002.6065827881412        2826.5333421418895        1306.7339536322465     
   2988.6817333286058        2893.5972742230088        1253.5948710106627     
   2964.3774070636287        3007.7864037325103        1163.7100677661379     
   2940.8488600163691        3140.2442631620038        1054.7807553839039     
 zone
   2627.9559951176097        2514.8926480372656        1212.7225217171526     
   2672.9235707872658        2369.0192973206931        1111.8167466702350     
   2689.9896116125065        2256.5380636941304        1016.4015538689142     
   2683.0360661932900        2166.0028401397308        918.91278489529805     
   2655.9448831295726        2085.9675196396447        811.78628133149527     
   2612.5980110213118        2004.9859951760250        687.45788475961365     
   2572.6896788416902        1929.5606810657384        572.12423846970569     
   2548.3413338673081        1867.6652635342027        485.88047596378743     
   2532.0757754821452        1810.0605811383948        412.01023518281727     
   2516.4157993314288        1747.5074660821822        333.79714397588828     
   2493.8842010603844        1670.7667505694319        234.52483019209333     
   2463.1269811131501        1593.3051457010047        126.30600537643234     
   2429.5367017268486        1528.8890560040402        28.299636293166145     
   2419.3130507086503        1510.8130708294184       1.00346305487164500E-007
 zone
   2395.7560161057081        1468.7288946739973        5467.3587893419826     
   2364.4275753335360        1404.0350684307200        5371.3365223265337     
   2338.1940304941409        1326.0179839940527        5267.0858930504710     
   2297.0882664588876        1263.2698337269751        5163.2319787481401     
   2231.7406598463895        1233.4515530689032        5068.0660914775699     
   2160.6901069770124        1211.3767041973538        4974.9406897366443     
   2102.4755024720021        1171.8588427624968        4877.2082237967761     
   2075.6357409526036        1089.7115244145020        4768.2211439293833     
   2040.7894576828346        1019.2046276826255        4662.8679639277370     
   1964.4109940623248        1006.3099303719864        4573.5948029965884     
   1873.8227947968753        1013.3938980417763        4490.0905714009295     
   1796.3473042217911        1002.8229879171520        4402.0441707012205     
   1759.3069666723773        936.96365722326993        4299.1445024579252     
   1726.0190288088031        864.51131011923928        4193.4042174903198     
   1657.2131272074255        843.59705441145525        4103.6840601811582     
   1576.3302790944126        850.74096702225665        4029.9451246789472     
   1506.8115011210996        862.46311697278668        3972.1484966561638     
   1472.0978099388212        855.28357328418861        3930.2552617852875     
   1497.3454413167494        767.85197874724486        3868.0712986262724     
   1566.7950697686583        582.51990469910038        3752.1888530300357     
   1642.5143609356653        341.36033247552234        3586.7485719734645     
   1686.5709797512689        86.446241590087240        3375.8910999036334     
   1687.4050725048953       3.78008735424373299E-012   3290.2789510671755     
 zone
   1661.0325911489692        5392.8506115563714        3123.7570812676172     
   1471.9446576723999        5424.6949342973730        2966.5134705320497     
 zone
   1352.6068366685156       5.39057509740814567E-009   2955.4807152361836     
   1128.5620770076396        244.57689274727636        2976.0128483171939     
   747.76672074196961        709.28381850841561        3059.9244178126623     
   446.44045502523818        1076.6030284002654        3125.9173619877811     
   341.46514600729301        1137.3218392423059        3081.6608638118760     
   356.65711193265827        1004.2276825350823        2963.7586730300181     
   349.92084842487884        912.56494978784747        2865.3596767750041     
   339.27040451044047        836.80657964170769        2778.9508627144260     
   342.71983161199347        751.42549864406749        2697.0192088183385     
   378.28318115218798        630.89463334233051        2612.0516930567960     
   419.80696425860299        495.14781833227102        2517.8286611531516     
   418.40929822711428        393.51815810318953        2414.8013348925811     
   358.01160891466219        344.57755768520235        2305.4630451621415     
   222.53532647158357        366.89791118477336        2192.3071162186338     
 zone
   5533.0000000000000        476.64567148921776        2079.5195500514942     
   5528.9018810482148        479.05111270836659        2077.8268723188580     
   5314.3232460645677        590.61194468698386        1974.8090693138286     
   5195.8581083582167        623.83660985096844        1889.5685967714624     
   5128.6981059187037        616.31904162434728        1814.8910261053281     
   5068.0348560548782        605.65318559498394        1743.5619202121391     
   4969.0599760755886        629.43298735074188        1668.3668419886080     
   4846.6366859430109        676.65335496113960        1593.1639194664276     
   4740.0425013254553        716.94695241452928        1526.8633323022616     
   4641.0905561981263        758.86432113767728        1469.8287558980805     
   4541.5939746219774        810.95600654593920        1422.4238597301928     
   4433.3658806579597        881.77255405467099        1385.0123132749079     
   4324.9547610537720        954.57482140298725        1349.4034610190372     
   4226.6383474055565        1013.5829862954427        1310.0952122632757     
   4132.8236820856864        1068.7865339751741        1271.4840946231379     
   4037.9177988743231        1130.1749558714741        1237.9666333080741     
   3936.3277315516234        1207.7377434136333        1213.9393535275342     
   3832.7986203304481        1289.2526669524743        1191.9251658451992     
   3734.5063051523807        1360.3000849843058        1164.6802686989638     
   3639.5039158980944        1427.5733288462568        1136.9511233066282     
   3545.8445744913029        1497.7657365049679        1113.4841895585482     
   3451.5814028557211        1577.5706459270809        1099.0259273450788     
   3359.5312031414260        1660.0436849585585        1089.4487666622613     
   3270.4626368019813        1737.6652076160744        1078.0017229803325     
   3179.3566543034544        1816.2656018913010        1065.4961347570325     
   3081.1941990179134        1901.6752622461638        1052.7433398263543     
   2970.9562143174244        1999.7245831425894        1040.5546760222908     
   2850.1630158280464        2147.9636939332986        1068.0005883236224     
   2736.3951127458477        2337.4735162392221        1143.7425075473473     
   2648.7237909521205        2504.3805852312330        1222.9782547456307     
   2606.2203275402890        2584.8114440011100        1260.9056501036764     
   2627.9559996037779        2514.8926356406337        1212.7225138066883     
 zone
   5076.3191653592385        3803.9918766566088        4950.1849205781245     
   5006.9159156691030        3916.1667087325668        4992.9565029639471     
   4948.2400386104391        4017.1662432357321        5035.2801604084489     
   4894.8602169616433        4115.1552127917248        5079.8893083156454     
   4841.3451335011141        4218.2983500261635        5129.5173620895557     
   4782.2634710072507        4334.7603875646691        5186.8977371341962     
   4728.0642735117453        4455.0005852836903        5252.9387373577129     
   4691.5329664899527        4566.0104979109637        5327.4173429631937     
   4670.7428334370115        4670.7532439788647        5411.3699559781517     
   4663.7671531038704        4772.1919513958028        5505.8329830619496     
   4663.9958338469796        4799.1302875907440        5533.0000000000000     
 zone
   4668.6792042414800        4873.2897480701913        78.842830873948515     
   4677.7980295150019        4969.1111715386642        183.78307961594317     
   4685.3525310142768        5056.1516532934329        278.37806286998722     
   4692.2807702154405        5139.5206198272208        368.67526860494002     
   4699.5208093556103        5224.3275052260133        460.72219314390168     
   4708.0107106718979        5315.6817435757957        560.56633280997210     
   4722.2332960816002        5404.7291369120094        663.83631155588705     
   4745.7316826045244        5481.7632340562823        764.36879522308254     
   4768.6685766897581        5532.9999999999982        838.54245525203464     
 zone
   4778.0343707792872        17.615047193655300        865.52329653521929     
   4818.6698618469127        82.115595686395864        970.65933609558704     
   4867.1666570484258        146.09589889677227        1083.1364345074746     
   4918.5455018813936        206.62499992800278        1195.0443803716739     
   4970.1526779945607        259.11391792196230        1299.1404744787997     
   5025.0049677845391        304.90660892420323        1399.7854552710189     
   5086.1191575423836        345.34703382294617        1501.3400699276067     
   5156.5120335591482        381.77915350641217        1608.1650656278380     
   5229.9786612529970        416.76659454366148        1716.6191343589358     
   5299.6936703319116        451.59564254331087        1821.1631914374998     
   5367.7431596145007        485.69423325690741        1923.3112714336846     
   5436.2132335846291        518.49030503445942        2024.5774171813657     
   5507.1899967261643        549.41179622597542        2126.4756715144163     
   5532.9999999990314        559.91541033889246        2162.7892889002001     
 zone
   46.817749252315480        578.54016926500651        2228.2317970795984     
   119.92792453566653        605.42893732217692        2328.2307404201201     
   195.13729588903698        628.71410319112715        2426.7252776424411     
   274.06264205861589        647.03167188528698        2523.9681925061795     
   358.32074179059146        659.01764841808699        2620.2122687709557     
   442.42268431655486        670.22298549137622        2715.5195483702087     
   522.11907815961865        685.05644645047244        2810.0494031723683     
   600.88594360899424        700.44075056606982        2904.2005727373416     
   682.19930747042463        713.29861773214202        2998.3718037648441     
   769.53519654965248        720.55276784266243        3092.9618429545926     
   860.79559081638479        723.95501590336767        3187.6244852820300     
   952.22262537105667        726.47543189235944        3281.5719358256938     
   1044.8025200949776        726.86411869838196        3374.5405173556373     
   1139.5215016871721        723.87117946547596        3466.2665597149253     
   1237.3657968466653        716.24671733768253        3556.4863927466254     
   1336.9675646073615        703.16001655709817        3643.0014597267373     
   1436.7498183777177        684.97432822122755        3724.5980251612232     
   1537.3850246296995        662.23071131587483        3802.4896145078519     
   1639.5456572661608        635.47022405519863        3877.8897598836370     
   1743.9041901899557        605.23392465335735        3952.0119934055901     
   1848.8870185929241        568.15251943745943        4019.9134165926612     
   1952.8246471791595        523.31608675907398        4079.0146125005108     
   2056.2456701718879        474.95475655356410        4134.0743052877297     
   2159.6786896682324        427.29865638746685        4189.8512246179771     
   2263.6523077653155        384.57791382731892        4251.1041001549120     
   2368.6726884368227        343.43343998626227        4314.9800069853618     
   2474.4231717772000        298.90965208135191        4376.2067024208291     
   2580.1980810362497        252.84195070351745        4435.9139103020443     
   2685.2917472436784        207.06573354965801        4495.2313593556137     
   2788.9985014291910        163.41639831667257        4555.2887783081414     
   2891.1824752008570        122.01152699471170        4616.0678807578461     
   2993.0387371792408        79.990627506038976        4675.9032432475569     
   3095.8579822639276        34.722002760310865        4733.4538635865165     
 zone
   3168.4766673368240        5532.9999999999991        4771.3505458991003     
   3200.9309130120655        5516.5739525398703        4787.3787441142131     
   3309.5482319808034        5456.9147766270589        4836.3368871701387     
   3419.8075055983527        5392.8310795374337        4882.5124636980645     
   3529.0553692937638        5328.4509284994210        4927.3801763554620     
   3637.4560826327784        5261.2048464058580        4968.5348076009141     
   3745.1739134378527        5188.5233513222056        5003.5711433223350     
   3852.3731295314456        5107.8369613139248        5030.0839694076467     
   3955.6347255360201        5023.7306298515578        5049.2392339498547     
   4052.8732699052334        4940.9619080291950        5063.7090564967057     
   4146.2533474430556        4857.2202477661021        5073.3474737714350     
   4237.9395509251781        4770.1950946079223        5078.0085240953786     
   4330.0964731272925        4677.5758941002996        5077.5462457898693     
   4421.1461292172417        4582.4353560744830        5073.4553638540010     
   4508.9810309700051        4487.9334072970823        5066.7883168293647     
   4594.9714773265841        4391.8903598990537        5056.7357157879151     
   4680.4877741654991        4292.1265188449070        5042.4881715726842     
   4766.9002273652723        4186.4621890991511        5023.2362950267006     
   4867.2152436021761        4057.4295051305626        4994.5186272950159     
   4975.4412868340260        3915.2746746374369        4960.5898400337401     
   5064.4517125740185        3799.3891590406470        4933.7147501769432     
   5107.1198828409897        3749.1644116145176        4926.1581730177850     
   5076.3191596537790        3803.9918856333707        4950.1849238494278     
 zone
   1466.7113111028825        1205.0759418517546        3993.6287813554904     
   1382.9520249788361        1299.3537055982886        4004.1472589779778     
   1316.9525135669767        1400.2432247732766        4039.0372667411061     
   1270.3085809818610        1504.2291873836643        4096.3792967663785     
   1244.6160313380469        1607.7962814363984        4174.2538411752985     
   1241.4706687500918        1707.4291949384251        4270.7413920893705     
   1252.2457581578051        1799.9079673585611        4373.9952539172200     
   1268.8452366265617        1884.3066807462367        4474.9934457736517     
   1293.6609075141098        1960.5510491028883        4576.0534850178519     
   1329.0845748234299        2028.5667936193197        4679.4928968436025     
   1377.5080425575027        2088.2796354863340        4787.6292064446898     
   1435.2169913141652        2139.0322810921757        4896.0908008071947     
   1496.7705812541303        2181.7618449159213        5000.3739545709041     
   1561.9708094510913        2218.7856393991597        5102.5979772511046     
   1630.6196771302530        2252.4209811212827        5204.8821866523886     
   1702.5191855168193        2284.9851866616805        5309.3459005793529     
   1778.4321626343556        2313.1581107862016        5413.4318018214108     
   1858.9669777367849        2333.0707243888251        5513.8792305264633     
   1875.0601451644400        2336.0983264347065        5533.0000000000000     
 zone
   1943.6939131104295        2346.2170045213070        78.752446032589432     
   2032.1832565147222        2354.0909306792737        175.11571559484946     
   2124.0052957090943        2358.1864823583528        271.03330646830000     
   2217.6019722935052        2356.0637276464640        362.50722834082200     
   2312.2249093505261        2345.2822715077195        446.34870925909888     
   2408.6588779634822        2327.3353981544406        524.83580451877606     
   2507.6886561704532        2303.7163920004382        600.24657657174509     
   2610.0990220095205        2275.9185374595231        674.85908786989751     
   2713.7563429803995        2243.2113712366549        745.80924261790733     
   2816.5509217704971        2203.5675364020144        808.95998657336486     
   2919.3033955026358        2156.5349895608128        864.67991346430176     
   3022.8344090752312        2101.6616851285703        913.33762260465437     
   3127.9646073866970        2038.4955775208080        955.30171330835844     
   3235.0449059620196        1979.2512572962421        1003.1376916591148     
   3340.6021535067412        1935.6927886888720        1065.1364705964661     
   3439.7208506290303        1906.6923662269676        1135.2547452568510     
   3527.4855058498224        1891.1221794123990        1207.4492136630747     
   3598.9806276900517        1887.8544177470369        1275.6765738379420     
   3661.5238283547319        1899.6208656104650        1349.9862223660500     
   3726.4327716894632        1925.3085660216370        1440.5828661119540     
   3794.7920231187850        1958.0225929162227        1541.6561444358604     
   3867.6861526658686        1990.8680204167156        1647.3957014834371     
   3946.1997303538883        2016.9499226456103        1751.9911814003517     
   4021.0616001312665        2044.8566520485606        1854.7597805806804     
   4086.2069540294438        2083.3359007157133        1958.3843831460113     
   4147.5298492246920        2125.7317469289010        2062.1031245544459     
   4210.9243489792734        2165.3882704900107        2165.1541478701365     
   4282.2845165554518        2195.6495512009296        2266.7755961572348     
   4359.6168589367071        2219.0591546291935        2367.5175419667539     
   4437.6790074297696        2241.6580514388447        2468.1785872694682     
   4517.4916770045975        2262.0364230978753        2568.3696285033266     
   4600.0755883910178        2278.7844528136184        2667.7015696054896     
   4686.4514623188597        2290.4923237934058        2765.7853145131185     
   4775.8013427753467        2295.6729895022754        2860.3158606784750     
   4866.8040392724924        2294.7226160876244        2950.3681837609715     
   4959.7253834399598        2289.0562036495930        3037.6231154904067     
   5054.8312135095221        2280.0887529378510        3123.7614948482269     
   5152.3873677129550        2269.2352647020671        3210.4641608158763     
   5251.8345204563902        2253.7433454411344        3294.4193942983784     
   5352.7460866597039        2229.0923068029701        3370.6799218635265     
   5455.5869742030618        2194.0447120067793        3438.4732146106944     
   5532.9999999999991        2160.7844731592286        3482.6260015600806     
 zone
   27.822098333020222        2147.3631234280010        3497.0267501618750     
   135.91637429613365        2087.8101034420738        3545.5680061390613     
   242.51471777681058        2021.0275311126752        3585.3837772903394     
   343.87243362895691        1951.4909119193974        3617.2048739492070     
   441.36997516598518        1876.2132782251458        3639.4247817919845     
   536.38780387301620        1792.2076574455523        3650.4369897194215     
   630.30638123517144        1696.4870769962461        3648.6349866322707     
   717.73511568153685        1592.0028969180862        3631.5795410004757     
   789.87208770545703        1485.7358962773844        3597.4495123836950     
   842.98072837611221        1380.7432763469449        3545.5655331239104     
   873.32447575349579        1280.0822307572350        3475.2482349115839     
   877.16676789760140        1186.8099531387211        3385.8182494371758     
   946.39803073399924        1117.6639526165736        3385.9035117514263     
   1121.2270808807446        1086.3731737694593        3529.4417830510565     
   1320.3949535610793        1091.4819973630438        3733.7184793249762     
   1462.6426832044635        1131.5347975648458        3916.0190091701625     
   1466.7113042403582        1205.0759485423846        3993.6287811835959     
 zone
   765.68990003756130        1101.2025261293636        5268.9814523953519     
   790.62072172496937        995.50837542672957        5349.7447814105781     
   809.62178657313075        895.61773171807454        5430.6343602710722     
   823.49565762535121        799.52246366864767        5512.8557572682776     
   826.16156708598203        776.71231147629499        5533.0000000000000     
 zone
   833.04489792493575        705.21443994369861        64.614540693642994     
   839.07207051518969        610.68552920847628        153.11627883861092     
   838.11069761523390        519.85884287105876        244.90433807598467     
   828.84710669799540        435.54202643911492        338.48474542516692     
   815.31306743753430        354.05378928130290        433.50702184344010     
   801.54034984569444        271.71283366522641        529.62069505135651     
   791.56072393431964        184.83786185848919        626.47529276946841     
   780.08147909182571        97.974708250652981        724.81769121979858     
   758.97868041559548        18.260843276079868        825.63435487060190     
   752.37555525037510       1.24344978758017533E-012   850.49832331190112     
 zone
   728.03726249351621        5478.9024621374565        928.93415393130465     
   687.04215941136806        5414.1057533044486        1034.7259658464602     
   635.77830525493198        5357.0769052467231        1143.0186680606230     
   580.01824796442509        5305.7123129641550        1250.1433176336980     
   524.16868877977299        5258.0320892951595        1353.6731004873452     
   465.96581721998712        5214.4280194345356        1455.4800419077542     
   403.14581859674183        5175.2918846225994        1557.4361753429362     
   333.44487822171152        5141.0154660996632        1661.4135342409029     
   258.73270559889085        5111.1334689609585        1766.0077040024285     
   182.46430544710671        5084.7672285833678        1868.6423445318028     
   104.75383822554679        5061.6884834525154        1969.4315568842151     
   25.715458887716515        5041.6689696910007        2068.4894499835605     
 zone
   5532.9999999689735        5035.8359345245390        2100.0379440687652     
   5478.4633223871215        5024.4804234214225        2165.9301327537341     
   5399.5064909213725        5006.7643771162975        2262.6030105246082     
   5323.1976592843366        4986.2056461543025        2359.4705731236381     
   5247.9164646886547        4964.1408969302220        2456.8165169434010     
   5172.0425383253369        4941.9067946579862        2554.9245455789542     
   5093.9555113853930        4920.8400045515255        2654.0783626253587     
   5013.2274758071417        4901.2199187191572        2754.4264840359774     
   4930.6866295869459        4882.9369953733167        2855.2502536020152     
   4846.5967965331465        4866.7445065354623        2955.5325754936694     
   4761.2217945134671        4853.3957227341371        3054.2563613146735     
   4674.8254413956274        4843.6439144978867        3150.4045226687635     
   4587.9471927430723        4838.0094504818762        3242.9172353373292     
   4500.3875374421550        4836.4260846624675        3332.0602564576570     
   4411.3018790911692        4838.7671677338767        3418.8048317372322     
   4319.8456148198893        4844.9060498164636        3504.1222139259253     
   4225.1741417580861        4854.7160810305841        3588.9836557736089     
   4126.5742255218001        4870.0071595382387        3672.2924935022402     
   4024.4797320188377        4891.7254743074645        3752.6686722359764     
   3919.7667492928454        4918.4488061205611        3830.6583231488721     
   3813.3113581931434        4948.7549366243466        3906.8075837447886     
   3705.9896395690530        4981.2216474656361        3981.6625915275886     
   3598.7430148760886        5017.4800709758256        4052.6507927103621     
   3491.9672772925760        5058.9475225086308        4117.9590787610705     
   3385.7201092862051        5103.8810445266199        4179.2727247494522     
   3280.0591853180640        5150.5376819564899        4238.2770112877242     
   3175.0421798492375        5197.1744797249357        4296.6572189881044     
   3071.0802302788543        5244.4373217232351        4353.3563265601897     
   2968.1192574180081        5293.2930263547914        4407.4615947894781     
   2865.5191535831750        5342.4800218397495        4460.8747031393532     
   2762.6398032918755        5390.7367398289316        4515.4973354414706     
   2658.8410910616303        5436.8016119731647        4573.2311755274832     
   2553.7427722223779        5481.5635965689444        4633.5675097709554     
   2447.6071422160744        5527.7508538257161        4693.5158825204880     
 zone
   2435.8442688433320       9.09494701772928238E-013   4700.0296097189448     
   2340.7579388874769        43.860600780487403        4751.2553388943124     
   2233.5188922975913        97.390057789387356        4804.9649284752995     
   2126.2137325074218        156.83644520853613        4852.8237008463193     
   2019.9124274659921        217.35361370338194        4898.6078373929031     
   1914.9714852160223        275.44497008997286        4945.4574232562827     
   1810.6444898425252        334.63204151625177        4990.5973472035002     
   1706.1850174412336        398.43635981686998        5031.2525013041750     
   1600.8466441078790        470.37945682647847        5064.6477776279207     
   1497.0394131652276        549.55738751999786        5089.2770778770519     
   1396.7113740807963        632.44044367332049        5106.7220608081598     
   1298.4231559785273        718.61147808670933        5118.8392444970405     
   1200.7353800827636        807.65334931125722        5127.4851491682575     
   1102.2086676178485        899.14891589805677        5134.5162950463719     
   999.07198346524012        996.89828538188397        5139.9036097151520     
   898.64901763476280        1089.3791421452058        5147.8457187823087     
   816.14252029551824        1153.1906716164553        5166.5406866503026     
   766.75523420879574        1164.9320661220647        5204.1865782314171     
   765.68990213588484        1101.2025179884656        5268.9814584379264     
 zone
   976.83270383775698        81.399772127258984        263.60905243583716     
   964.28852019653209        214.48382169777256        143.06918650654859     
   961.21352989913100        331.51987702514447        29.108121476577509     
 zone
   962.27681806791065        359.56471033294247        5533.0000000000000     
   970.22756738220312        436.22985109373610        5448.3841099249139     
   993.95046708239715        532.33565688790873        5328.5554044305472     
   1035.0020634363621        623.55920739202384        5196.2802575724672     
   1085.9171759664839        707.40825518652844        5061.5160972478407     
   1136.4333086279551        782.30362777133860        4936.1045920015604     
   1184.9742973172420        853.33681387954994        4816.5304172040615     
   1229.9639817000020        925.59930895149978        4699.2782377493513     
   1269.8262014418915        1004.1826084275247        4580.8327185314374     
   1303.2356314424171        1088.3361847649119        4463.2697121935234     
   1331.4002423339055        1174.9001013728721        4348.5411846940751     
   1356.5438038106658        1265.3517033762200        4232.9460212139675     
   1380.8900883068177        1361.1683421165983        4112.7830979774371     
   1406.6628682564808        1463.8273689356508        3984.3512912087212     
   1438.3743879320730        1564.0950780720607        3852.3720623967197     
   1479.8692123725816        1652.3071692252220        3722.6651468030500     
   1532.3695831888306        1729.2950563966865        3593.1768888153365     
   1597.0977440202357        1795.8901615282878        3461.8536228523303     
   1675.2759385062127        1852.9239065618594        3326.6416833327817     
   1755.6079408652765        1904.1461347861550        3195.0874527494225     
   1829.4478857164065        1952.8256277883138        3072.5680148961333     
   1901.9935190614528        1999.0721953831139        2953.7758139562861     
   1978.4425932584022        2042.9956512991378        2833.4032838433136     
   2063.9928606652411        2084.7058092649686        2706.1428584706432     
   2154.6852336639527        2121.4879081833469        2578.6683865535542     
   2244.9130783759178        2151.5288075659614        2458.3996424589745     
   2337.4027869404717        2176.2907358713978        2341.1480055889838     
   2434.8807583390726        2197.2359245861680        2222.7248454756123     
   2540.0733915531800        2215.8266051967830        2098.9415316508903     
   2650.3323437117047        2229.0296752109816        1975.4795094781666     
   2762.1533435417846        2232.8307228608946        1859.8574619981744     
   2876.9788500293430        2227.2200085836184        1750.6426697878921     
   2996.2513303528699        2212.1877941499679        1646.4024038980158     
   3121.4132516908544        2187.7243413307574        1545.7039353792413     
   3246.6534465605650        2158.2327298264690        1449.9553520138195     
   3367.1985666242640        2127.3115852780325        1360.3313764985573     
   3486.0477534463034        2093.7445024355407        1275.0492725190095     
   3606.2001581715508        2056.3150738748345        1192.3262963544685     
   3730.6549319448709        2013.8068921717554        1110.3797042842270     
   3855.9752524474188        1967.1293295467688        1031.7369464066664     
   3978.2615865041307        1917.6433819101735        958.93655998654936     
   4099.8189650530358        1864.8100974054682        890.21246594234913     
   4222.9524285395264        1808.0905207896367        823.79857907169094     
   4349.9670174089924        1746.9456968196625        757.92881417219883     
   4476.0263773611550        1683.1958067903784        695.61934424932019     
   4597.2882782194092        1618.6401710110692        638.91307917037500     
   4717.5488920735970        1552.7085699063393        584.58406642091802     
   4840.6044006787124        1484.8307791669090        529.40634855523240     
   4970.2509857897530        1414.4365744834990        470.15396812760213     
   5099.7767392763908        1339.9042321550642        415.16055696939929     
   5222.6862577679240        1259.1467288559236        373.00854177700580     
   5343.1004228412376        1170.8959209695176        340.84518459009814     
   5465.1401260724542        1073.8836595266030        315.81774280179627     
 zone
  8.46011971589177847E-009   1017.5488073601909        304.29272103220171     
   59.926259037697491        966.84179555793628        295.07347380521975     
   183.89094741874354        856.06144420350483        281.88913677860478     
   295.97282856895561        746.04777070394232        279.82092912795514     
   402.55250526158630        632.85374985823944        286.43527328102749     
   510.01059010711197        512.53234808501963        299.29859020872146     
   624.72769571600941        381.13653180290657        315.97730088193725     
   741.07452026775195        238.70895989848447        342.05804823461671     
   843.28420494479053        107.76276544757128        370.79455800849121     
   922.53097444551247        18.056686162017144        381.25386779332354     
 zone
   969.98906244427894        5532.3494494533415        352.50301650323291     
 zone
   976.83270261545181        81.399782733062565        263.60904305233879     
 zone
   4769.9490570100379        5313.2628928109270        339.05347822181943     
   4810.5131032286736        5144.2769384542562        210.63157008378334     
   4828.1622975553437        5008.8548502726035        92.858676228800093     
 zone
   4826.0654719827635        4918.0929996163823        5533.0000000000000     
   4823.2578552089071        4896.6434795585064        5508.7428631682678     
   4796.1609914082237        4797.2896776045072        5382.2921974135843     
   4747.2329213721514        4700.4402957031434        5236.5147454761482     
   4692.2234582567080        4608.1459401261582        5089.2109267837204     
   4644.5678533116770        4525.8561316964369        4959.2655134089673     
   4601.1555081689912        4448.3161358757307        4838.3131724455743     
   4558.8758200108559        4370.2712107461184        4717.9885591578277     
   4514.6181860194774        4286.4666143896848        4589.9263288100155     
   4470.2908138068624        4200.0733282430310        4459.2056704507468     
   4428.9444802688513        4116.0659429087791        4333.8519515784828     
   4389.1824566169080        4031.8951689194387        4209.9191539371996     
   4349.6080106141098        3945.0117102185227        4083.4612492334854     
   4308.8244100235315        3852.8662707495423        3950.5322091739276     
   4262.5059441644999        3764.6631150444578        3816.0105876098105     
   4207.6078419352498        3688.6144779563660        3685.0638482924683     
   4144.6547982006032        3620.6830598423267        3554.1793864437841     
   4074.1715047070361        3556.8315539346968        3419.8445870425858     
   3996.6826532010214        3493.0226534658277        3278.5468350677024     
   3915.9805868687158        3432.2805879201564        3137.1027031897256     
   3834.0258835874783        3379.2753524683667        3002.1427644566979     
   3748.5956217064122        3332.4383164555466        2869.8754665628121     
   3657.4668735533032        3290.2008443739714        2736.5092463281271     
   3558.4167114559391        3250.9943007159141        2598.2525405727060     
   3456.9491518427330        3216.5755144689356        2462.3661947125220     
   3357.1039940160281        3190.1814148100711        2336.1269372269526     
   3254.4620293975722        3172.4635318483497        2215.7670896467753     
   3144.6040416789965        3164.0733928456380        2097.5189629254878     
   3023.1108145519338        3165.6625250638031        1977.6148680165902     
   2898.9179641336937        3170.9918204795617        1858.7513130141087     
   2779.8375302193112        3176.8874246111295        1745.5664832312934     
   2659.7649883787808        3188.5987398715997        1637.2052566512345     
   2532.5958045869493        3211.3751691804041        1532.8125021682079     
   2392.2254448186613        3250.4661154569753        1431.5330886764900     
   2247.9023928214015        3300.4403961612770        1337.1843173835321     
   2111.0610788973217        3352.3382735449732        1252.2408808431487     
   1978.8759542283087        3406.1162928166350        1173.8337754457968     
   1848.5214588944523        3461.7310028354677        1099.0939901307734     
   1717.1720329758430        3519.1389524606789        1025.1525138373747     
   1584.1379849628877        3579.2509509264019        952.23046429014289     
   1449.9682633135735        3643.8211548632798        882.63094657770648     
   1313.6953233277354        3714.0711099479477        816.60796167653598     
   1174.3516104116745        3791.2223661999915        754.41550501251925     
   1030.9695699716938        3876.4964736389970        696.30757201154381     
   891.74392260591446        3965.2251404402818        645.81059144704989     
   761.35825285866110        4053.5334596500347        603.73324090954873     
   633.57836288939063        4143.8330197305631        566.25291102080678     
   502.17004400029612        4238.5354158305299        529.54698823167985     
   360.89908749357090        4340.0522430986002        489.79285899302420     
   220.53792213908042        4445.4788360055591        454.85828654549272     
   93.552620872944544        4552.1371306328383        434.53127990663626     
  2.84217094304040074E-014   4639.3336830789431        428.17521147979676     
 zone
   5509.2495056072712        4662.7785791575016        427.86961316562582     
   5397.9348872064202        4780.1546416339534        433.93105724122836     
   5288.9150765347531        4907.0167781166037        451.77338305221122     
   5182.7776435559426        5033.7822874592830        472.40145941607983     
   5079.8888430296902        5152.1190818643572        487.84945329490176     
   4976.2230580357791        5266.6544843684715        498.71907080510442     
   4867.7546635251338        5382.0158278819563        505.61201980794334     
   4750.4580344486803        5502.8304453151395        509.13000816467417     
   4721.1882073621100        5532.9999991978566        510.02973496081995     
 zone
   4665.3887321334505        60.444007311209134        514.67426784551196     
   4643.6928943594748        83.988010116467194        516.52243287679698     
   4666.4808140549931        43.268471535696335        498.59081399154292     
 zone
   4688.5025226769640        5532.9999999997708        477.34405107758948     
   4714.8627749801035        5474.0914186931332        444.79572207409109     
   4769.9490608949109        5313.2628787130170        339.05346800878254     
