 zone
   4287.5197691162730        2271.7241523838170        576.62995706218726     
   4201.0743402351063        2288.8105174520833        645.98902087508782     
   4109.5422754380361        2326.5839806990007        699.74762242524059     
   4017.7644777289261        2381.3253727372230        736.78402809612794     
   3930.5818501116423        2449.3155241794034        755.97650427123165     
   3852.8352955900486        2526.8352656381944        756.20331733403418     
   3788.4213395788734        2610.4447339895628        737.00780499384189     
   3737.4589669941815        2697.8213354741520        700.59357609394397     
   3699.1227961652276        2786.9217702422011        649.82931215484859     
   3672.5874401004380        2875.7027444822593        587.58369397957949     
   3657.0275118082432        2962.1209643828738        516.72540237115993     
   3651.6047835818263        3044.4369142804121        439.83218070003892     
   3655.4296638712644        3122.1262329276378        358.31798176337480     
   3667.5997218917682        3194.9683244731100        273.30583219739890     
   3687.2125260876128        3262.7425993652791        185.91875310938534     
   3713.3656449030718        3325.2284680525972        97.279765606608578     
   3745.1132755036674        3382.4409574247848        8.3196456338250080     
 zone
   3748.3261637749038        3387.5477147894021        5532.9999999979718     
   3781.3361475143247        3435.3375888125693        5452.2001422353833     
   3820.8716148743961        3485.1114910653646        5362.8907726225170     
   3862.5570336930250        3532.9557974856575        5273.3610473835934     
   3905.2297600793577        3580.0636413759371        5183.5804771069816     
   3948.1617695963359        3627.1475373794747        5093.5645715864657     
   3992.3635376813686        3672.9975504686527        5003.5127904122555     
   4039.2801527644970        3715.9231200215231        4913.6706057762576     
   4090.3567064630324        3754.2336889281437        4824.2834831711016     
   4147.0382903942882        3786.2387000785720        4735.5968880894170     
   4210.1321329366883        3810.9787329948058        4647.7630126307831     
   4277.8940441547020        3830.4189246538631        4560.5609097537126     
   4347.9419620459767        3847.2555443234023        4473.6763721928992     
   4417.8938290759570        3864.1848633787513        4386.7951861075680     
   4485.3675877100959        3883.9031531952410        4299.6031376569399     
   4548.5115667694818        3908.5060781083039        4211.8562336844916     
   4607.5956721001403        3937.6868886275620        4123.5913178345745     
   4663.4201859748418        3970.5382251436554        4034.9154674437800     
   4716.7853955420651        4006.1527296872105        3945.9357533330012     
   4768.4915879502923        4043.6230442888541        3856.7592463231308     
   4819.3714263564843        4081.9932698344455        3767.5091823713483     
   4870.3871043602821        4120.1133627880527        3678.3734114139415     
   4922.5331840084718        4156.7847327246636        3589.5559618291409     
   4976.8042311583195        4190.8087920576181        3501.2608553463388     
   5034.1948116670910        4220.9869532002613        3413.6921136949250     
   5095.4290599117458        4246.4452161916734        3326.9996024588572     
   5160.1494172532730        4267.6079436681057        3241.1165176408986     
   5227.7278848127653        4285.2240816514250        3155.9219120980870     
   5297.5364681281599        4300.0425782389111        3071.2948321952058     
   5368.9471727373975        4312.8123815278404        2987.1143242970388     
   5441.4725970610425        4324.0888034596064        2903.3124780416292     
   5515.1877489442559        4333.6526171385594        2820.0335124794619     
   5532.9999999999991        4335.6385682125738        2800.2353103497039     
 zone
   57.308218338839652        4341.0909577815573        2737.4747024418793     
   134.04960056119580        4345.9909614991629        2655.8333165019194     
   212.62749092772447        4347.9397644019346        2575.3066232326187     
   293.16332899950953        4346.5887877761406        2496.1217617866282     
   375.40197376380502        4341.8465922205041        2418.6253125779690     
   458.99411661205414        4333.6860234286878        2343.1937385215351     
   543.59045486397861        4322.0799271193573        2270.2034965789417     
   628.84168583930023        4307.0011490111765        2200.0310437118005     
   714.46675015577489        4288.4451935502602        2132.9619348562424     
   800.45760627988966        4266.4981897494363        2068.9180825329513     
   886.87444321527437        4241.2689278539556        2007.7305074930462     
   973.77745633299264        4212.8661968555743        1949.2302253737098     
   1061.2268410041077        4181.3987857460424        1893.2482518121262     
   1149.2667573533890        4146.8930943675941        1839.7140268412945     
   1237.8772705619087        4109.0459474673971        1788.9506605329716     
   1327.0223974942585        4067.4717855631498        1741.3796955048690     
   1416.6661615523662        4021.7850467165772        1697.4226702933338     
   1506.7725861381591        3971.6001689894051        1657.5011234347128     
   1597.1022870196057        3916.5771341001000        1622.1944574425718     
   1686.6022967227757        3856.5580687399884        1592.7135130995132     
   1774.0162266775117        3791.4306510608299        1570.4270008239355     
   1858.0876950434497        3721.0825552981760        1556.7036282206516     
   1937.5603199802254        3645.4014556875763        1552.9121028944751     
   2011.1113672581234        3564.5307309135183        1560.2317803906355     
   2077.1527303158573        3479.6365341242545        1579.0846141221648     
   2134.0299386718830        3392.1407345888897        1609.7032053015046     
   2180.0885275633050        3303.4651957363840        1652.3201552625874     
   2213.6740322272299        3215.0317809957005        1707.1680653393464     
   2233.4444552034142        3128.4367002917834        1773.9927230670794     
   2239.3076756561586        3045.9735046779460        1850.5926982281717     
   2231.4840359360137        2970.1101048983651        1934.2797377278985     
   2210.1938803900971        2903.3144051527443        2022.3655930194357     
   2175.6575533655287        2848.0543096407873        2112.1620155559622     
   2128.1256980831681        2806.6655697605725        2201.0826107185371     
   2067.9701260406832        2780.9553069482704        2286.9484455733245     
   1995.5929537481879        2772.5984972746396        2367.6824275394492     
   1911.3962946546526        2783.2701131842714        2441.2074707233533     
   1815.7822622090473        2814.6451271217529        2505.4464892314768     
 zone
   3807.2662331686261        3350.4130155393591        1728.1981099690001     
   3728.4647287505481        3351.1726136237858        1806.2400163026512     
   3644.8017647698175        3369.2863414920862        1871.7892524150818     
   3558.9537666837332        3403.0258888959361        1923.8977030973160     
   3473.5971599495961        3450.6629455870129        1961.6172531403761     
   3391.4083700247065        3510.4692013169933        1983.9997873352856     
   3314.8935529812675        3580.5779388866995        1990.4058668090181     
   3245.8777487890670        3658.5688517677354        1981.4307581201829     
   3186.0157401103279        3741.8832166194234        1957.9784019472343     
   3136.9623036682128        3827.9623149674139        1920.9527400413583     
   3100.3722161858836        3914.2474283373599        1871.2577141537417     
   3077.4197495119438        3998.4262527153905        1810.0313564496510     
   3067.3571470091665        4079.1721851066272        1739.3480265611913     
   3068.9561517306192        4155.4050240402912        1661.5161829060746     
   3080.9885045085880        4226.0445744184726        1578.8442797499240     
   3102.2259461753583        4290.0106411432644        1493.6407713583626     
   3131.4670443063669        4346.5830339875274        1407.8272803830912     
   3167.6176900956202        4396.4816100129501        1321.7780585684138     
   3209.6105975993128        4440.7862220906973        1235.4805389869748     
   3256.3784827683644        4480.5767275823364        1148.9221483262843     
   3306.8540615536936        4516.9329838494405        1062.0903132738513     
   3360.1346913134726        4550.7131569418998        975.02951042161328     
   3415.9763231625780        4581.8886650247514        888.01237048965550     
   3474.2995417989405        4610.2092298165417        801.36858706150269     
   3535.0249357928315        4635.4245756434484        715.42784724070520     
   3598.0730937145213        4657.2844268316512        630.51983813081301     
   3663.3932033750543        4675.4945066267173        546.98964867521386     
   3731.0488840136645        4689.5845427848571        465.24393187846363     
   3801.1323445404219        4699.0402589680853        385.70475516847847     
   3873.7357986474071        4703.3473803358829        308.79417969369501     
   3948.9514600267003        4701.9916320477359        234.93426660254966     
   4026.7923268736549        4694.6792168795810        164.40581492375065     
   4106.9545765446665        4681.9982429619558        96.924539170362536     
   4189.0551594990657        4664.7572966530233        32.064902524896105     
   4231.3608170033276        4654.5165416736563       8.52651282912120223E-013
 zone
   4272.7110318997848        4643.7649639862020        5502.4013627909981     
   4357.5391499097586        4619.8298309949123        5441.5083777723139     
   4443.2021533988091        4593.5937625114411        5382.0814427667328     
   4529.5454618404401        4565.0317246200138        5324.3001722165300     
   4616.4601656778177        4533.9519660096694        5268.4652269894978     
   4703.8373617084508        4500.1627334965970        5214.8772634719371     
   4791.5681467298491        4463.4722738969858        5163.8369380501499     
   4879.5034861161266        4423.6290249651011        5115.7448475957590     
   4967.3338654694153        4380.1421668708072        5071.4013263367615     
   5054.7096258665015        4332.4610764007512        5031.7066564097331     
   5141.2811149310855        4280.0351274950799        4997.5611162508194     
   5226.6986802868714        4222.3136940939448        4969.8649842961677     
   5310.5977319538997        4158.9620689834564        4949.3175577396278     
   5392.5539730003347        4090.5091860573957        4935.8141996192535     
   5472.1281562397617        4017.6999070375387        4929.0492953996854     
   5532.9999999999991        3957.6092406269454        4928.2681180500404     
 zone
   15.881040798193681        3941.2790891341301        4928.7172287446610     
   89.373385801648510        3861.9915895574168        4934.5123833179205     
   159.12425274582233        3780.4976706651237        4946.2554352660409     
   224.48594828838173        3697.1191725976419        4964.2722377909613     
   284.76907073748094        3612.0933526896847        4989.0149352498202     
   339.28422374450713        3525.6574622802905        5020.9356726521883     
   387.34201096084792        3438.0487527084988        5060.4865950076401     
   428.28107296108470        3349.6825413051251        5107.9137444107773     
   461.55221797534762        3261.6863630291223        5162.6387776725151     
   486.63428445978263        3175.3658319792103        5223.8772422379925     
   503.00611419344318        3092.0265556889503        5290.8446887945920     
   510.14654895538246        3012.9741416919042        5362.7566680296995     
   507.67930977997480        2939.3451801523197        5438.8528687446906     
   495.80763151164177        2871.6001545675790        5518.4695725977645     
   492.72652977395654        2860.1508289030285        5533.0000000000000     
 zone
   474.87962786096733        2810.0305425585057        67.967188257512134     
   445.24341271370059        2754.9278160481826        152.70612991510097     
   407.24709995559022        2706.5834469596934        239.04681176170106     
   361.34984484507447        2665.1902979646466        326.33721586726404     
   308.45494266541874        2630.5467745231990        413.87564148836748     
   249.57673636599100        2602.3526795516082        500.94794275938608     
   185.72956576242078        2580.3078126232031        586.83998029136217     
   117.92777067033765        2564.1119733113105        670.83761469533749     
   46.993433548065404        2553.6770244111317        752.20690071778915     
 zone
   5532.9999997246305        2550.3601291207406        802.51722983161528     
   5505.9795700451423        2549.7630770674114        830.13471156443256     
   5428.7469488768884        2553.3423076168938        903.78810218320382     
   5348.1563335848668        2565.3868914000764        972.33413369204197     
   5264.0684877106423        2586.8690037574561        1034.9398672088869     
   5177.0206352861896        2618.6423374617757        1090.2143859290204     
   5090.2557958673524        2661.0866736469484        1134.5348891626847     
   5007.6934622875551        2714.4633069990446        1163.7205893903847     
   4933.2531209814542        2779.0335341803948        1173.5907035151356     
   4870.8542583837016        2855.0586518533305        1159.9644484399530     
 zone
   3566.4381530266783        4565.3010072510751        4256.1023681231000     
   3649.4985820662450        4518.5994221372384        4219.7435241973690     
   3728.5003339819646        4452.2088440408334        4207.1323503780559     
   3800.1454525600088        4371.9926254344173        4215.7034504064277     
   3861.1359815865480        4283.8141187905521        4242.8914280237532     
   3908.1739648477551        4193.5366765817989        4286.1308869712993     
   3938.8205332567800        4106.1394676633190        4342.8815274807548     
   3954.0731783521560        4023.0648823658366        4410.7034676828598     
   3955.7884727478331        3944.8711411570644        4487.1819144959554     
   3945.8229919606824        3872.1164578459475        4569.9020785942230     
   3926.0333115075759        3805.3590462414327        4656.4491706518447     
   3898.0718611342804        3745.0633759573529        4744.7062913092195     
   3862.7744716567572        3691.3189096850556        4833.7481470590392     
   3820.7728318468257        3644.1213754354399        4922.9473211185878     
   3772.6986286819833        3603.4664964828667        5011.6764032360043     
   3719.1835491397292        3569.3499961016978        5099.3079831594268     
   3660.8188998329933        3541.6908479668482        5185.3317806010127     
   3598.0344346413835        3520.1010141869124        5269.7060795725583     
   3531.2195354753685        3504.1157118675378        5352.5062810579466     
   3460.7635800712374        3493.2701558159624        5433.8077925136531     
   3387.0559461652747        3487.0995608394251        5513.6860213961536     
   3368.5900103887338        3486.2515180121190        5533.0000000000000     
 zone
   3310.4652565464289        3485.2814202388217        59.094851615601328     
   3231.2770737709957        3488.0623410225940        135.50211360726371     
   3149.7562166831640        3495.8312092524766        209.25410246521187     
   3066.1674985240143        3508.9769106930707        279.69711918376743     
   2980.7757325346238        3527.8883311089808        346.17746475724834     
   2893.8966211802463        3552.6312209815442        408.31368623906263     
   2806.0493782152203        3581.9788039025266        466.81334628310634     
   2717.8041194833390        3614.3811649424865        522.65624397502825     
   2629.7309544056197        3648.2883908054405        576.82218318979324     
   2542.3999924030809        3682.1505681954063        630.29096780236671     
   2456.0952402302414        3715.1480411577809        683.59824701283196     
   2369.9562493932458        3749.3821995388207        735.50307946878752     
   2282.8364817039273        3787.6846854451692        784.32036125175659     
   2193.5893925092646        3832.8871434662292        828.36499242535967     
   2101.0684371562347        3887.8212181914005        865.95187305321758     
   2005.1029442727274        3953.1937185857469        896.54486554237849     
   1909.4256841568608        4021.2121488354815        924.20369540851107     
   1818.7453143898074        4081.9591686619256        954.13704534912040     
   1737.7704855089569        4125.5174423121643        991.55360057973223     
   1671.2098480516975        4141.9696340332839        1041.6620463158720     
   1622.0944189569752        4124.6677220186784        1108.0793874251999     
   1586.7446598834849        4080.0409220063493        1188.0559465110191     
   1559.8034078527849        4017.7877630023022        1277.2503575457661     
   1535.9134955811917        3947.6067739822447        1371.3212588374170     
   1509.7177557850209        3879.1964839218854        1465.9272886939466     
   1476.9943696879595        3820.2232759997673        1557.6238827131269     
   1438.0628931245078        3770.2249232471627        1646.5537120291833     
   1394.3782343787580        3726.7070632010459        1733.7562308210495     
   1347.3952995641212        3687.1753286082562        1820.2709002284755     
   1298.5689947940093        3649.1353522156328        1907.1371813912108     
   1248.9823275920455        3610.7298603276813        1995.1293404811261     
   1198.2306854731746        3572.6499327756619        2083.9609101520168     
   1145.5375648117138        3536.2237484438056        2173.0802151453340     
   1090.1264583115999        3502.7794833757685        2261.9355867134846     
   1031.2208586767692        3473.6453136152081        2349.9753561088760     
   968.23230824750965        3449.8899222037908        2436.7192979495530     
   901.32451411660168        3431.5440090538350        2521.9730052304167     
   830.84924203187063        3418.3787851288571        2605.6135012401260     
   757.15825320286751        3410.1654594152569        2687.5178157827290     
   680.60330883914378        3406.6752408994362        2767.5629786622731     
   601.55100357079482        3407.7038219886804        2845.5867028413777     
   520.42722402727054        3413.1448301204173        2921.2694742531658     
   437.67270188825808        3422.9163763154606        2994.2524501971347     
   353.72816303170208        3436.9365715048516        3064.1767938643002     
   269.03433333554705        3455.1235266196295        3130.6836684456766     
   183.92654858631695        3477.4691422163023        3193.4458375982349     
   98.318539842538428        3504.2604897246820        3252.2624988336329     
   12.018660758453571        3535.8584271775021        3306.9644404648980     
 zone
   5533.0000000000000        3540.6343034582974        3314.2072249425560     
   5457.8352586611545        3572.6238141157169        3357.3824556239820     
   5369.5766808777344        3614.9175100802813        3403.3473374428381     
   5280.3338497168315        3663.1315743338537        3444.3761043501681     
   5191.3279404742743        3717.7828912745686        3478.7306966520105     
   5104.0627166543354        3779.4195383170827        3504.3592734294357     
   5020.0419351406999        3848.5895962420846        3519.2099970180680     
   4940.7693528170530        3925.8411458302658        3521.2310297535350     
   4868.1408933019738        4010.9201441016835        3508.7804909971969     
   4805.6211103282922        4100.3640994657735        3481.8563186067872     
   4757.0667358598494        4189.9083844714569        3440.8664080695476     
   4726.3344961684452        4275.2883777380121        3386.2186544943961     
   4717.2811175258830        4352.2394578847216        3318.3209529902492     
   4732.5025645940013        4416.9484792236917        3238.3904845831598     
   4769.5517691867690        4467.4082297221275        3150.8815294919559     
   4824.7209013378279        4502.0629620955524        3061.0576649674736     
   4894.3021313096770        4519.3569343728714        2974.1824627183055     
   4974.5876293648134        4517.7344045829932        2895.5194944530458     
 zone
   2271.7241523838170        1245.4802308837270        576.62995706218726     
   2306.1063735619737        1347.6997477789494        644.46725277925293     
   2341.4696446190001        1450.6109458467063        712.01517978998356     
   2376.6409368996083        1553.7729551740890        780.00589683675810     
   2410.4472217485113        1656.7449058481900        849.17156266195593     
   2441.7154705104208        1759.0859279560998        920.24433600795624     
   2469.6258256413603        1860.4710228972549        993.71907581817197     
   2494.7711276507180        1961.0387299094764        1069.1414808210359     
   2518.0973836598259        2061.0434443289873        1145.8199392314391     
   2540.5506029960020        2160.7395690825592        1223.0628446488352     
   2563.0767949865622        2260.3815070969631        1300.1785906726775     
   2586.3148200347764        2360.1381082944222        1376.6971668219228     
   2609.6749553760164        2459.8360627038019        1453.0349858900627     
   2632.2603259830003        2559.2164925119696        1529.8300450912468     
   2653.1740585329908        2658.0205273339966        1607.7203473632831     
   2671.5192797032500        2755.9892967849514        1687.3438956439788     
   2686.7320372811523        2852.9551119617931        1769.0969532429176     
   2699.5800705537927        2949.1150601932145        1852.4088682016995     
   2711.1640373538189        3044.7573957471159        1936.4672369555742     
   2722.5845967627479        3140.1703801530934        2020.4596619526230     
   2734.9424078620959        3235.6422749407448        2103.5737456409261     
   2749.0607831286629        3331.4072799753008        2185.2203754089146     
   2764.6536565762681        3427.4833985206337        2265.7036205066438     
   2781.1576137300585        3523.8345579526008        2345.5508227848190     
   2798.0092410981638        3620.4246927696208        2425.2893302337347     
   2814.6451251887120        3717.2177374701150        2505.4464908436812     
 zone
   3350.4130155393591        1725.7337668313739        1728.1981099690001     
   3381.1983588383964        1684.8517251704081        1656.5307250089975     
   3368.1177312214018        1635.4134744312753        1620.1731018868593     
   3327.5728773777923        1579.9367081747107        1605.2411894739039     
   3275.9655419969845        1520.9391199614488        1597.8509366414496     
   3229.6974697683950        1460.9384033522242        1584.1182922608145     
   3201.0337607595816        1401.9018009986578        1553.7453989160620     
   3185.6929288267356        1343.5947218514359        1510.7791517016851     
   3175.2568501082083        1285.2321330301997        1462.8526415989772     
   3161.3073979013525        1226.0289972093490        1417.5989579849818     
   3135.4264455035227        1165.2002770632812        1382.6511902367433     
   3092.4456083595660        1102.5334841912600        1362.9652345086790     
   3040.1954420800926        1040.1062924123669        1352.7882090092596     
   2989.7562489596676        980.56893363635390        1343.6900433536714     
   2952.2083287110258        926.57163516082460        1327.2406651267838     
   2938.6319810469013        880.76462428338323        1295.0100019134668     
   2954.0028971971847        844.15656160506796        1243.0310230848686     
   2978.8783528776203        811.18982488795530        1185.1888306873200     
   2987.7110158333053        774.66523147892758        1139.8315743226071     
   2954.9535539660114        727.38359568290991        1125.3074003938839     
   2855.0586351775096        662.14573180482728        1159.9644553043031     
 zone
   4565.3010072510751        1966.5618469733217        4256.1023681231000     
   4589.4376344287020        1904.0356870602966        4169.4395810324486     
   4584.7944803467481        1831.9471740821036        4101.9942221362089     
   4563.1831843428999        1754.4360884129621        4046.0944324709158     
   4536.4153857548445        1675.6422104270926        3994.0683530731012     
   4516.3027239202684        1599.7053204987133        3938.2441249792982     
   4511.5923746841827        1529.6074547345484        3872.8566084512199     
   4518.7736632355709        1463.6996377765461        3799.7675029418283     
   4531.2714540652642        1399.1751612045869        3722.7452355401765     
   4542.5106107068477        1333.2273111500560        3645.5582288440623     
   4545.9159966939096        1263.0493737443392        3571.9749054512836     
   4537.1292065122070        1186.9219780474873        3504.6342999361336     
   4520.6587496252905        1107.4750830786238        3441.6578618541866     
   4503.2298663618049        1028.4260014883253        3380.0376635273742     
   4491.5677968489890        953.49204047121600        3316.7657720230804     
   4492.3977812140838        886.39050722192087        3248.8342544086909     
   4509.2324372083012        828.91821145690244        3174.5273026494551     
   4532.7339075312766        775.18994638956110        3097.2975672591383     
   4550.3517116192334        717.40001726280173        3021.8898340444221     
   4549.5353696026223        647.74272470417623        2953.0488835024062     
   4517.7344016118959        558.41236934123674        2895.5194961301941     
 zone
   1245.4802308837270        3261.2758476161830        576.62995706218726     
   1323.3500909662532        3262.7835835633700        656.00755309190038     
   1407.9090411191114        3245.6681812134420        723.45110089483080     
   1495.7186149594445        3212.1164560564002        777.70894957812243     
   1583.3403461043968        3164.3152235822440        817.52944824891836     
   1667.3357681711120        3104.4512992809732        841.66094601436225     
   1744.8056976085538        3034.6984665511559        849.37804272198650     
   1815.0081207860230        2957.1783423497413        842.06034169804184     
   1877.7402945731333        2873.9995214157211        821.61369455113129     
   1932.7994818771583        2787.2705936328130        789.94395407224829     
   1979.9829456053728        2699.1001488847360        748.95697305238616     
   2019.0635436139473        2611.3766082200473        700.31403039627151     
   2049.7165324321691        2525.1076719652524        644.69808295969847     
   2071.5927570890894        2441.0808849098844        582.54752056125051     
   2084.3430658307725        2360.0837852729323        514.30072966598186     
   2087.6183069032841        2282.9039112733849        440.39609673894614     
   2081.3277288025083        2210.1932240716078        361.39483143639296     
   2066.4141757564716        2142.0613396491972        278.34939396794579     
   2044.0788924522467        2078.4823081649779        192.43507917950174     
   2015.5231234592864        2019.4301741891863        104.82717621074994     
   1981.9481133470438        1964.8789822920583        16.700974201379481     
   1975.1027390137017        1955.0233824536065       2.95855672183265028E-008
 zone
   1944.4962574190486        1914.6277063836480        5461.9978423649736     
   1904.0745337765920        1867.7750124484182        5374.7234247872875     
   1861.5310766619061        1823.2445036034198        5287.6494588276037     
   1817.7140176585401        1779.9597790683515        5200.5476752891682     
   1773.4714883500437        1736.8444380629107        5113.1898049752317     
   1729.4937202405727        1693.0272587135998        5025.3948575164495     
   1685.8393217942496        1648.4577115789075        4937.1709119354337     
   1642.4090080412168        1603.2904525094593        4848.5733391129543     
   1599.1034907205049        1557.6801341231162        4759.6575034058988     
   1555.8234815711442        1511.7814090377367        4670.4787691711581     
   1512.4016536230411        1465.8628164416534        4581.1383486269724     
   1468.3985024389333        1420.6484177819648        4491.9207987831760     
   1423.3064913172923        1376.9761679410130        4403.1565378205823     
   1376.6180803304610        1335.6840183745155        4315.1759772672531     
   1327.8257295507829        1297.6099205381902        4228.3095286512498     
   1276.4633741895989        1263.4424414051491        4142.7796941570241     
   1222.2308226871139        1233.2725930837810        4058.3772943331714     
   1164.8693660373078        1207.0420086543984        3974.7852532539828     
   1104.1202915078647        1184.6923185012654        3891.6864885714067     
   1039.7248863664677        1166.1651530086465        3808.7639179373914     
   971.61784312452971        1151.3276403965231        3725.8193620833299     
   900.50743890348224        1139.7488932257386        3643.1302106914982     
   827.29536592939701        1130.9235243673684        3561.0927688590423     
   752.88331148825182        1124.3461454530554        3480.1033355035847     
   678.17296286602516        1119.5113681144435        3400.5582095427462     
   603.89231068323966        1115.9239280064189        3322.6901172519356     
   530.07452041718113        1113.1290551996346        3246.0774541790934     
   456.57907205700815        1110.6821043660393        3170.1350549853255     
   383.26544003680556        1108.1384298697290        3094.2777484688118     
   309.99309879065805        1105.0533860747983        3017.9203634277333     
   236.55961751875873        1101.2882884200224        2940.7217845010587     
   162.51490619226425        1097.9282943084067        2863.3170790629483     
   87.346980460302461        1096.3645227066361        2786.5853817292164     
   10.543850510834602        1097.9880923203314        2711.4058213934431     
  7.10542735760100186E-015   1098.5285397535272        2701.4024183158044     
 zone
   5464.5935265318221        1104.1901218551127        2638.6575269492118     
   5383.1664476336337        1115.9501824028534        2568.9905085987643     
   5299.6627255264957        1132.6016621467165        2502.1382662354904     
   5214.6649127548226        1153.0664004253701        2437.6051917424707     
   5128.7555558880631        1176.2662372446798        2374.8956716950202     
   5042.5172014956697        1201.1230126105097        2313.5140926684553     
   4956.4313381018355        1226.6296317860586        2252.9348484501716     
   4870.5751772885760        1252.0632743703982        2192.5123302212514     
   4784.9248854821435        1276.7721813657568        2131.5709454101775     
   4699.4566226857460        1300.1045956612866        2069.4350969093098     
   4614.1465489025913        1321.4087601461392        2005.4291876110080     
   4528.9497908968488        1340.4914869748757        1939.3151564340017     
   4443.7372980774735        1358.9938745372858        1872.6050511770363     
   4358.3589993141959        1379.0155874489312        1807.2484653254044     
   4272.6648171259521        1402.6562918209111        1745.1949875091407     
   4186.5046740316775        1432.0156537643263        1688.3942063582811     
   4099.8257426299369        1468.7357929636707        1638.4354141558849     
   4012.9641504564424        1512.6286643733320        1595.4666933920516     
   3926.3532879963859        1563.0486717722786        1559.2758383309422     
   3840.4265392944453        1619.3502213921042        1529.6506392488270     
   3755.6172883952950        1680.8877194644028        1506.3788864219753     
   3672.4834643787376        1747.0988702952395        1489.4562132362544     
   3592.0811333582355        1817.7546057918639        1479.7096177123760     
   3515.5909190474413        1892.7091463600530        1478.1739439697712     
   3444.1934388936224        1971.8167171695047        1485.8840346254044     
   3379.0693103440449        2054.9315433899187        1503.8747322962406     
   3321.5001553264610        2141.5422094679225        1532.9162433566610     
   3273.1715850749606        2229.6747830297459        1572.7202466669830     
   3235.8702245702871        2316.9896782912901        1622.7337814238540     
   3211.3826942040841        2401.1473158066542        1682.4038885730167     
   3201.4956143679951        2479.8081161299397        1751.1776090602123     
   3207.3348646155478        2550.9785557778168        1828.1872989556416     
   3227.3833677010803        2614.0493704501378        1911.3066167134959     
   3259.4633059706634        2668.7573404393956        1998.0945249723368     
   3301.3968616219991        2714.8392516358936        2086.1099918201699     
   3351.0062168527920        2752.0318899299327        2172.9119853450020     
   3406.7475606287780        2779.4553304790848        2256.0767696701405     
   3469.6131386174029        2793.7628184129471        2333.2498355926268     
   3541.2291952357946        2790.9908832420156        2402.0939570400874     
   3623.2219788291263        2767.1760569101652        2460.2719143015693     
   3717.2177377425719        2718.3548713612727        2505.4464876661223     
 zone
   1725.7337668313739        2182.5869844606409        1728.1981099690001     
   1793.3528416517527        2201.4645609788117        1814.6947613075497     
   1870.0511132929448        2201.5567000765841        1891.4851720465140     
   1953.4046067816312        2184.7476137112012        1958.0295791698181     
   2040.9893471444927        2152.9215138399072        2013.7882196613855     
   2130.3813594082103        2107.9626124199458        2058.2213305051409     
   2219.2033987909872        2051.7193810763711        2090.8001385443436     
   2305.2651873116838        1985.8972988127705        2111.0398448014394     
   2386.4231636653826        1912.1661120252045        2118.4666343675722     
   2460.5337732145158        1832.1955633175955        2112.6066952090969     
   2525.4534613215174        1747.6553952938657        2092.9862152923683     
   2579.4320846745477        1660.2181208673960        2059.5275642189290     
   2622.2931709672475        1571.5672881493945        2013.7378177936271     
   2654.2536501767404        1483.3892285399263        1957.5202373936520     
   2675.5304567214184        1397.3702670115606        1892.7780824099646     
   2686.3405250196756        1315.1967285368653        1821.4146122335262     
   2686.9322228689030        1238.3394316821725        1745.1490132280605     
   2677.6796499789821        1167.4071305521222        1664.9641392080891     
   2658.9883386131905        1102.7930848453018        1581.6587821354772     
   2631.2638214556882        1044.8905483230265        1496.0317284557000     
   2594.9116311906364        994.09277474661224        1408.8817646142336     
   2550.5043027354868        950.57675528802849        1320.9584167005003     
   2499.2823551872229        913.65440960030799        1232.8141234645161     
   2442.6533159459027        882.42140179701619        1144.9520764199042     
   2382.0247093917988        855.97339248142941        1057.8754605502138     
   2318.8040599051860        833.40604225682353        972.08746083899507     
   2254.1282083435972        813.96175834132077        887.96732536190314     
   2188.0512277504472        797.46992469314171        805.39851112057386     
   2120.3565172950998        783.90667493655940        724.14055090864429     
   2050.8274713750088        773.24814113655452        643.95297118854864     
   1979.2474843876280        765.47045535810753        564.59529842272093     
   1905.5384126426798        760.41306395193533        485.82883527160027     
   1830.1759211486569        757.36866837602292        407.42194820166486     
   1753.7741476399972        755.49328531782476        329.14479163480729     
   1676.9472244362319        753.94293099203981        250.76751410525702     
   1600.3092838568916        751.87362161336648        172.06026414724323     
   1524.2614804669381        748.83076841907234        92.969607562995520     
   1448.3530184498370        745.91736064037377        14.147737767196091     
   1434.6021371500879        745.52050417292696       2.84217094304040074E-014
 zone
   1371.9201356556007        744.62578285711174        5469.4232771896977     
   1294.2990642465620        746.44841945465885        5393.6248423782063     
   1214.8260363850532        752.87765481838687        5320.5810498804249     
   1133.0088621830218        765.21026403219992        5251.0964848922076     
   1049.0416202806057        783.96059273678588        5185.8795716943769     
   963.28997923145766        809.44737600717940        5125.6147139156219     
   876.11960158255329        841.98934960610291        5070.9863098656406     
   787.89614988086760        881.90524929627929        5022.6787578541325     
   699.02366509894046        929.25637511029799        4981.1573988862228     
   610.05965543560239        983.07431044267696        4946.0113245552639     
   521.60002074910858        1042.1331964683839        4916.6105758944777     
   434.24065429440583        1105.2071776189689        4892.3251905903599     
   348.57744932644101        1171.0703983259818        4872.5252063294083     
   265.13318257907559        1238.7781953421263        4856.7887365981869     
   184.13812168430991        1308.5107100855232        4845.5261904468180     
   105.74943040629624        1380.7292662428047        4839.3560553260868     
   30.124266204766954        1455.8951924812557        4838.8968173630074     
  4.27166853000926494E-008   1487.6221584569012        4840.4995171766031     
 zone
   5490.4197865394544        1534.4698174681635        4844.7669626846027     
   5420.8880542579709        1616.6978681333619        4857.4632810683179     
   5355.1607180293822        1701.9577082046089        4876.9957849109760     
   5293.9643425307404        1789.4110877211690        4903.2527889288940     
   5238.0254871348989        1878.2197627150131        4936.1226085268972     
   5188.0707112147102        1967.5454892181122        4975.4935591098083     
   5144.7860476034020        2056.5777321585479        5021.2411384389352     
   5108.6954017171711        2144.6168383564504        5073.1895987506059     
   5080.2821594486268        2230.9908501581494        5131.1503682837611     
   5060.0297032094240        2315.0278165637033        5194.9348784501117     
   5048.4214154112196        2396.0557865731698        5264.3545606613734     
   5045.8336275946331        2473.3891742214610        5339.1001604930798     
   5052.2144682524959        2546.2878932951648        5418.3797202246451     
   5067.4050161043333        2613.9982107491164        5501.2805855304350     
 zone
   5075.3094098500733        2637.8132315269081       5.39657776243984699E-008
   5091.2463493388141        2675.7663994464215        53.890107462220840     
   5123.5795461446069        2730.8387322501867        141.29563707177931     
   5164.0930506865525        2778.6548734216030        229.62528278513997     
   5211.8647937854821        2819.4280762170119        318.17022867947935     
   5265.8200667837427        2853.5649775645857        406.26240302531295     
   5324.8841637450860        2881.4722182275445        493.23374064961592     
   5387.9823787332689        2903.5564389691103        578.41617637936372     
   5454.3150982145653        2920.0167829521652        661.20923984371541     
   5524.1831132015859        2930.2224106475637        741.28288252613447     
 zone
  9.09494701772928238E-013   2931.0007231692880        750.87808184627352     
   65.162297379836673        2933.3349820789667        818.37463813578893     
   143.82852925960287        2928.5161587086100        892.22204664519870     
   227.75768735116708        2914.9276019987315        962.56264802688418     
   316.85078431073384        2891.6657305018384        1028.3938734895573     
   408.30941731914930        2857.5659771918454        1085.7527531879796     
   498.66030481894626        2811.3985347903654        1129.9361982862968     
   584.43017171622796        2751.9335946590677        1156.2411250522807     
   662.14574291709789        2677.9413481596202        1159.9644497537038     
 zone
   1966.5618469733213        967.69899274892543        4256.1023681231000     
   1858.0260991940836        999.26998011386763        4179.1376077088044     
   1748.8255953647076        1055.1537307785761        4125.8208545441366     
   1644.9197593331471        1129.9256984348085        4096.6869861688092     
   1552.2680149473567        1218.1613367743216        4092.2708801225313     
   1476.8297860552896        1314.4360994888732        4113.1074139450166     
   1423.2205284487879        1413.7921072908127        4158.8541641404545     
   1390.6798031230785        1513.1382006998751        4225.6595322238072     
   1377.1032131239447        1609.8498721766484        4308.7946137014460     
   1380.3863566658417        1701.3026215195098        4403.5305065862049     
   1398.4248319632238        1784.8719485268371        4505.1383088909142     
   1429.1979429466812        1858.5150669628022        4609.5545383103363     
   1471.0198346428729        1922.5160824390423        4715.3774454827690     
   1522.2883539550301        1977.7408026023706        4821.8706849582541     
   1581.4013496277703        2025.0550409671384        4928.2979189957623     
   1646.7566704057103        2065.3246110476985        5033.9228098542617     
   1716.9959719366743        2099.2838771889824        5138.1213775265096     
   1791.7361747516345        2127.1414237407967        5240.7191268932838     
   1870.8379960411867        2148.9743804292630        5341.6539048713021     
   1954.1621580580340        2164.8598797398913        5440.8635661987782     
   2036.6810929286135        2174.4773786705323        5533.0000000000000     
 zone
   2041.5693830548798        2174.8750541581894        5.2859656139225990     
   2132.8580053479636        2178.9397696623564        100.63930341117282     
   2227.5768558768805        2176.3448273290046        192.76321160673842     
   2325.2123643124010        2166.2237606743502        280.27765338760389     
   2425.2509669862870        2147.7101037440243        361.80259913116447     
   2527.1791002303021        2119.9373905836605        435.95801921481535     
   2630.5438976813743        2082.2411741870105        501.62660026923749     
   2735.1353362987902        2034.7650616350143        558.74192633465805     
   2840.8040750049922        1977.8546837635245        607.50028716937049     
   2947.4007803742961        1911.8556689727177        648.09797774786762     
   3054.7761189810171        1837.1136456627721        680.73129304464283     
   3162.5647657503500        1755.1217102417470        706.52800439295004     
   3269.5374854477609        1671.9627862459724        730.34180009458669     
   3374.2490351277024        1594.8672770170792        757.95784054563546     
   3475.2541798700099        1531.0655800108650        795.16128828172930     
   3571.1076847545214        1487.7880926831258        847.73730583850124     
   3660.5321150014724        1470.3393803922756        919.71302379460190     
   3742.9212816251688        1476.3206776300010        1008.0834876560236     
   3817.8367818449678        1501.4073918898489        1108.0857021356703     
   3884.8402197940613        1541.2749283850985        1214.9566765800128     
   3943.4931996056421        1591.5986923290279        1323.9334203355227     
   3994.0081005980828        1648.3387149622977        1431.1883439612332     
   4039.2004271723772        1708.5935619524780        1536.6355175257083     
   4082.5364507859927        1769.7464166092450        1641.1243957960917     
   4127.4824469444211        1829.1804662738084        1745.5044416190829     
   4177.5046911531499        1884.2788982873783        1850.6251178413822     
   4235.2561524077810        1932.9391084557735        1957.0367892644090     
   4300.1366060146547        1975.1153500958762        2064.0934845113848     
   4370.7325130242034        2011.2760770369093        2170.8501184619658     
   4445.6303384889961        2041.8897469867463        2276.3616138765960     
   4523.4165474616057        2067.4248176532597        2379.6828935157182     
   4602.9933800323151        2088.2556346813753        2480.0905431145429     
   4684.5262179670744        2104.3801055478089        2577.7478519157366     
   4768.4962062281957        2115.7020222513274        2673.0397568803755     
   4855.3844956460043        2122.1251785156487        2766.3512025625059     
   4945.6722370508305        2123.5533680644917        2858.0671335161755     
   5039.6683548858864        2119.8056366506989        2948.3155199374387     
   5136.9929179112287        2110.3620352789358        3036.1964815910192     
   5237.0937548045495        2094.6178671399384        3120.5531503453412     
   5339.4187011090862        2071.9684353423854        3200.2286648523259     
   5443.4155923680810        2041.8090429949561        3274.0661637638905     
 zone
  1.77133188117295504E-008   2009.6858378681839        3331.5273662867507     
   15.470572537503358        2003.5271530788245        3340.8392540171808     
   120.72307422116319        1956.4788465546578        3399.0434491766741     
   225.25082280057541        1900.0123692942354        3447.1047204956644     
   328.13155145420023        1833.4759646275024        3483.4490444825551     
   428.44299336049244        1756.2178758844025        3506.5023976457483     
   524.67140971490596        1668.2347802776117        3514.7477183933706     
   612.93722356875503        1572.1170421668489        3506.8957941364570     
   688.76937121130027        1471.1034720895591        3481.7143717017120     
   747.69679628696940        1368.4328744114091        3437.9711990992309     
   785.24844244018959        1267.3440534980664        3374.4340243391084     
   797.45348822914059        1172.0060673588341        3291.3010839888279     
   782.34205287959901        1090.3089394687549        3194.4925207492070     
   738.44448641704207        1031.0729619725003        3091.3589767903954     
   664.29114075741302        1003.1184196223996        2989.2510887806652     
   558.41236781665464        1015.2655971707827        2895.5194933882904     
 zone
   3261.2758476161830        4287.5197691162730        576.62995706218726     
   3231.4794310018683        4186.5495649779732        647.80374458617302     
   3199.8491604222468        4084.8308196521689        717.89221933235535     
   3167.5899439128198        3982.7753490034211        787.68847347167605     
   3135.9066895090896        3880.7949688962913        857.98559917507578     
   3106.0043052465562        3779.3014951953378        929.57668861349612     
   3078.7850185456864        3678.6098734068264        1003.0490237011379     
   3053.9403209596503        3578.6475153325528        1078.1666841893748     
   3030.8590277796234        3479.2449775136765        1154.4879288282241     
   3008.9299521651469        3380.2328089578668        1231.5710217695573     
   2987.5419072757622        3281.4415586727955        1308.9742271652442     
   2966.2591000392813        3182.7481382920696        1386.3848403094894     
   2945.3473012142549        3084.2148584552965        1464.0063213212356     
   2925.2476784590831        2985.9504071283968        1542.1711498929637     
   2906.4013978436074        2888.0634649207896        1621.2118114850955     
   2889.2496254376715        2790.6627124418951        1701.4607915580539     
   2874.0088012432011        2693.7963706027276        1783.0863092027516     
   2859.9964535841509        2597.2707711500266        1865.5995609964011     
   2846.3053871570764        2500.8318006124473        1948.3474651069062     
   2832.0284054547110        2404.2253382825315        2030.6769457344567     
   2816.2583119697870        2307.1972634528224        2111.9349270792418     
   2798.3686763132723        2209.5650129478286        2191.6775419277214     
   2778.8561225890585        2111.4322026217674        2270.2977985295684     
   2758.4980434579120        2012.9740203442341        2348.3979016759554     
   2738.0718303274853        1914.3656467336507        2426.5800621561120     
   2718.3548746054294        1815.7822624084386        2505.4464907592683     
 zone
   2182.5869844606409        3807.2662331686261        1728.1981099690001     
   2150.2961466206953        3870.4083125022498        1632.7651927954314     
   2163.6742655319226        3916.9806576045389        1599.5709666043695     
   2206.7480607898478        3953.5267248857499        1606.0986945810839     
   2263.5442519899957        3986.5899707561371        1629.8316399108444     
   2318.0895587278915        4022.7138516259574        1648.2530657789198     
   2357.9175927156425        4066.9695976100943        1643.8253537825335     
   2384.5895486883742        4118.5395596861172        1618.9273476792423     
   2403.1735051409123        4175.1338570878197        1580.9170067300790     
   2418.7375441514741        4234.4626120169587        1537.1522908115019     
   2436.3497477982755        4294.2359466752923        1494.9911597999694     
   2459.7271229734251        4352.7250484672604        1459.8794331831511     
   2487.1823903616669        4410.4453953339626        1429.6143537046903     
   2515.6771928104808        4468.4735214222655        1400.0810300652008     
   2542.1731746817268        4527.8859652921892        1367.1645680665224     
   2563.6319803372639        4589.7592655037542        1326.7500735104952     
   2578.5265770032379        4654.3470500705789        1277.0568856096429     
   2591.3752286500267        4718.6113396607634        1225.6412476662485     
   2608.2075192145248        4778.6912350195489        1182.3936428719605     
   2635.0530339693237        4830.7258416205132        1157.2045510257956     
   2677.9413581870162        4870.8542649372321        1159.9644519267692     
 zone
   967.69899274892509        3566.4381530266783        4256.1023681231000     
   1001.4335539272370        3655.5606157593820        4200.7144665687092     
   1002.6459145253574        3724.9287017689117        4132.5587411572988     
   984.32288204015424        3782.3571566524970        4056.8072537885105     
   959.45126396849457        3835.6607260073629        3978.6320663619849     
   941.01786780724615        3892.6541554307378        3903.2052407773617     
   938.80528468001819        3959.2794605617864        3834.3673525190848     
   949.77924515908205        4033.9877755600405        3770.6329979998941     
   967.70126603308654        4113.3574960534525        3709.1852983804874     
   986.33286327965914        4193.9670222478544        3647.2073694326577     
   999.43555287642721        4272.3947543490804        3581.8823269282002     
   1002.6755830625486        4346.1441785165161        3511.3729329468861     
   999.33812924053507        4416.4191614484589        3437.7604961929292     
   994.61309737897750        4485.3486441876976        3364.1059815921335     
   993.69039406179093        4555.0615734540861        3293.4703490085576     
   1001.7599258728902        4627.6868959674821        3228.9145583062614     
   1021.2646191553077        4704.2781531684350        3171.8279943877255     
   1043.6594938575577        4781.5873069578138        3116.9137153005977     
   1057.6525879437368        4855.2909029710454        3057.2032133735447     
   1051.9519404430478        4921.0654924159371        2985.7279764279642     
   1015.2655903846937        4974.5876265002944        2895.5194922852529     
 zone
   5076.3191653592385        3803.9918766566088        4950.1849205781245     
   5006.9159156691030        3916.1667087325668        4992.9565029639471     
   4948.2400386104391        4017.1662432357321        5035.2801604084489     
   4894.8602169616433        4115.1552127917248        5079.8893083156454     
   4841.3451335011141        4218.2983500261635        5129.5173620895557     
   4782.2634710072507        4334.7603875646691        5186.8977371341962     
   4728.0642735117453        4455.0005852836903        5252.9387373577129     
   4691.5329664899527        4566.0104979109637        5327.4173429631937     
   4670.7428334370115        4670.7532439788647        5411.3699559781517     
   4663.7671531038704        4772.1919513958028        5505.8329830619496     
   4663.9958338469796        4799.1302875907440        5533.0000000000000     
 zone
   4668.6792042414800        4873.2897480701913        78.842830873948515     
   4677.7980295150019        4969.1111715386642        183.78307961594317     
   4685.3525310142768        5056.1516532934329        278.37806286998722     
   4692.2807702154405        5139.5206198272208        368.67526860494002     
   4699.5208093556103        5224.3275052260133        460.72219314390168     
   4708.0107106718979        5315.6817435757957        560.56633280997210     
   4722.2332960816002        5404.7291369120094        663.83631155588705     
   4745.7316826045244        5481.7632340562823        764.36879522308254     
   4768.6685766897581        5532.9999999999982        838.54245525203464     
 zone
   4778.0343707792872        17.615047193655300        865.52329653521929     
   4818.6698618469127        82.115595686395864        970.65933609558704     
   4867.1666570484258        146.09589889677227        1083.1364345074746     
   4918.5455018813936        206.62499992800278        1195.0443803716739     
   4970.1526779945607        259.11391792196230        1299.1404744787997     
   5025.0049677845391        304.90660892420323        1399.7854552710189     
   5086.1191575423836        345.34703382294617        1501.3400699276067     
   5156.5120335591482        381.77915350641217        1608.1650656278380     
   5229.9786612529970        416.76659454366148        1716.6191343589358     
   5299.6936703319116        451.59564254331087        1821.1631914374998     
   5367.7431596145007        485.69423325690741        1923.3112714336846     
   5436.2132335846291        518.49030503445942        2024.5774171813657     
   5507.1899967261643        549.41179622597542        2126.4756715144163     
   5532.9999999990314        559.91541033889246        2162.7892889002001     
 zone
   46.817749252315480        578.54016926500651        2228.2317970795984     
   119.92792453566653        605.42893732217692        2328.2307404201201     
   195.13729588903698        628.71410319112715        2426.7252776424411     
   274.06264205861589        647.03167188528698        2523.9681925061795     
   358.32074179059146        659.01764841808699        2620.2122687709557     
   442.42268431655486        670.22298549137622        2715.5195483702087     
   522.11907815961865        685.05644645047244        2810.0494031723683     
   600.88594360899424        700.44075056606982        2904.2005727373416     
   682.19930747042463        713.29861773214202        2998.3718037648441     
   769.53519654965248        720.55276784266243        3092.9618429545926     
   860.79559081638479        723.95501590336767        3187.6244852820300     
   952.22262537105667        726.47543189235944        3281.5719358256938     
   1044.8025200949776        726.86411869838196        3374.5405173556373     
   1139.5215016871721        723.87117946547596        3466.2665597149253     
   1237.3657968466653        716.24671733768253        3556.4863927466254     
   1336.9675646073615        703.16001655709817        3643.0014597267373     
   1436.7498183777177        684.97432822122755        3724.5980251612232     
   1537.3850246296995        662.23071131587483        3802.4896145078519     
   1639.5456572661608        635.47022405519863        3877.8897598836370     
   1743.9041901899557        605.23392465335735        3952.0119934055901     
   1848.8870185929241        568.15251943745943        4019.9134165926612     
   1952.8246471791595        523.31608675907398        4079.0146125005108     
   2056.2456701718879        474.95475655356410        4134.0743052877297     
   2159.6786896682324        427.29865638746685        4189.8512246179771     
   2263.6523077653155        384.57791382731892        4251.1041001549120     
   2368.6726884368227        343.43343998626227        4314.9800069853618     
   2474.4231717772000        298.90965208135191        4376.2067024208291     
   2580.1980810362497        252.84195070351745        4435.9139103020443     
   2685.2917472436784        207.06573354965801        4495.2313593556137     
   2788.9985014291910        163.41639831667257        4555.2887783081414     
   2891.1824752008570        122.01152699471170        4616.0678807578461     
   2993.0387371792408        79.990627506038976        4675.9032432475569     
   3095.8579822639276        34.722002760310865        4733.4538635865165     
 zone
   3168.4766673368240        5532.9999999999991        4771.3505458991003     
   3200.9309130120655        5516.5739525398703        4787.3787441142131     
   3309.5482319808034        5456.9147766270589        4836.3368871701387     
   3419.8075055983527        5392.8310795374337        4882.5124636980645     
   3529.0553692937638        5328.4509284994210        4927.3801763554620     
   3637.4560826327784        5261.2048464058580        4968.5348076009141     
   3745.1739134378527        5188.5233513222056        5003.5711433223350     
   3852.3731295314456        5107.8369613139248        5030.0839694076467     
   3955.6347255360201        5023.7306298515578        5049.2392339498547     
   4052.8732699052334        4940.9619080291950        5063.7090564967057     
   4146.2533474430556        4857.2202477661021        5073.3474737714350     
   4237.9395509251781        4770.1950946079223        5078.0085240953786     
   4330.0964731272925        4677.5758941002996        5077.5462457898693     
   4421.1461292172417        4582.4353560744830        5073.4553638540010     
   4508.9810309700051        4487.9334072970823        5066.7883168293647     
   4594.9714773265841        4391.8903598990537        5056.7357157879151     
   4680.4877741654991        4292.1265188449070        5042.4881715726842     
   4766.9002273652723        4186.4621890991511        5023.2362950267006     
   4867.2152436021761        4057.4295051305626        4994.5186272950159     
   4975.4412868340260        3915.2746746374369        4960.5898400337401     
   5064.4517125740185        3799.3891590406470        4933.7147501769432     
   5107.1198828409897        3749.1644116145176        4926.1581730177850     
   5076.3191596537790        3803.9918856333707        4950.1849238494278     
 zone
   765.68990003756130        1101.2025261293636        5268.9814523953519     
   790.62072172496937        995.50837542672957        5349.7447814105781     
   809.62178657313075        895.61773171807454        5430.6343602710722     
   823.49565762535121        799.52246366864767        5512.8557572682776     
   826.16156708598203        776.71231147629499        5533.0000000000000     
 zone
   833.04489792493575        705.21443994369861        64.614540693642994     
   839.07207051518969        610.68552920847628        153.11627883861092     
   838.11069761523390        519.85884287105876        244.90433807598467     
   828.84710669799540        435.54202643911492        338.48474542516692     
   815.31306743753430        354.05378928130290        433.50702184344010     
   801.54034984569444        271.71283366522641        529.62069505135651     
   791.56072393431964        184.83786185848919        626.47529276946841     
   780.08147909182571        97.974708250652981        724.81769121979858     
   758.97868041559548        18.260843276079868        825.63435487060190     
   752.37555525037510       1.24344978758017533E-012   850.49832331190112     
 zone
   728.03726249351621        5478.9024621374565        928.93415393130465     
   687.04215941136806        5414.1057533044486        1034.7259658464602     
   635.77830525493198        5357.0769052467231        1143.0186680606230     
   580.01824796442509        5305.7123129641550        1250.1433176336980     
   524.16868877977299        5258.0320892951595        1353.6731004873452     
   465.96581721998712        5214.4280194345356        1455.4800419077542     
   403.14581859674183        5175.2918846225994        1557.4361753429362     
   333.44487822171152        5141.0154660996632        1661.4135342409029     
   258.73270559889085        5111.1334689609585        1766.0077040024285     
   182.46430544710671        5084.7672285833678        1868.6423445318028     
   104.75383822554679        5061.6884834525154        1969.4315568842151     
   25.715458887716515        5041.6689696910007        2068.4894499835605     
 zone
   5532.9999999689735        5035.8359345245390        2100.0379440687652     
   5478.4633223871215        5024.4804234214225        2165.9301327537341     
   5399.5064909213725        5006.7643771162975        2262.6030105246082     
   5323.1976592843366        4986.2056461543025        2359.4705731236381     
   5247.9164646886547        4964.1408969302220        2456.8165169434010     
   5172.0425383253369        4941.9067946579862        2554.9245455789542     
   5093.9555113853930        4920.8400045515255        2654.0783626253587     
   5013.2274758071417        4901.2199187191572        2754.4264840359774     
   4930.6866295869459        4882.9369953733167        2855.2502536020152     
   4846.5967965331465        4866.7445065354623        2955.5325754936694     
   4761.2217945134671        4853.3957227341371        3054.2563613146735     
   4674.8254413956274        4843.6439144978867        3150.4045226687635     
   4587.9471927430723        4838.0094504818762        3242.9172353373292     
   4500.3875374421550        4836.4260846624675        3332.0602564576570     
   4411.3018790911692        4838.7671677338767        3418.8048317372322     
   4319.8456148198893        4844.9060498164636        3504.1222139259253     
   4225.1741417580861        4854.7160810305841        3588.9836557736089     
   4126.5742255218001        4870.0071595382387        3672.2924935022402     
   4024.4797320188377        4891.7254743074645        3752.6686722359764     
   3919.7667492928454        4918.4488061205611        3830.6583231488721     
   3813.3113581931434        4948.7549366243466        3906.8075837447886     
   3705.9896395690530        4981.2216474656361        3981.6625915275886     
   3598.7430148760886        5017.4800709758256        4052.6507927103621     
   3491.9672772925760        5058.9475225086308        4117.9590787610705     
   3385.7201092862051        5103.8810445266199        4179.2727247494522     
   3280.0591853180640        5150.5376819564899        4238.2770112877242     
   3175.0421798492375        5197.1744797249357        4296.6572189881044     
   3071.0802302788543        5244.4373217232351        4353.3563265601897     
   2968.1192574180081        5293.2930263547914        4407.4615947894781     
   2865.5191535831750        5342.4800218397495        4460.8747031393532     
   2762.6398032918755        5390.7367398289316        4515.4973354414706     
   2658.8410910616303        5436.8016119731647        4573.2311755274832     
   2553.7427722223779        5481.5635965689444        4633.5675097709554     
   2447.6071422160744        5527.7508538257161        4693.5158825204880     
 zone
   2435.8442688433320       9.09494701772928238E-013   4700.0296097189448     
   2340.7579388874769        43.860600780487403        4751.2553388943124     
   2233.5188922975913        97.390057789387356        4804.9649284752995     
   2126.2137325074218        156.83644520853613        4852.8237008463193     
   2019.9124274659921        217.35361370338194        4898.6078373929031     
   1914.9714852160223        275.44497008997286        4945.4574232562827     
   1810.6444898425252        334.63204151625177        4990.5973472035002     
   1706.1850174412336        398.43635981686998        5031.2525013041750     
   1600.8466441078790        470.37945682647847        5064.6477776279207     
   1497.0394131652276        549.55738751999786        5089.2770778770519     
   1396.7113740807963        632.44044367332049        5106.7220608081598     
   1298.4231559785273        718.61147808670933        5118.8392444970405     
   1200.7353800827636        807.65334931125722        5127.4851491682575     
   1102.2086676178485        899.14891589805677        5134.5162950463719     
   999.07198346524012        996.89828538188397        5139.9036097151520     
   898.64901763476280        1089.3791421452058        5147.8457187823087     
   816.14252029551824        1153.1906716164553        5166.5406866503026     
   766.75523420879574        1164.9320661220647        5204.1865782314171     
   765.68990213588484        1101.2025179884656        5268.9814584379264     
 zone
   976.83270383775698        81.399772127258984        263.60905243583716     
   964.28852019653209        214.48382169777256        143.06918650654859     
   961.21352989913100        331.51987702514447        29.108121476577509     
 zone
   962.27681806791065        359.56471033294247        5533.0000000000000     
   970.22756738220312        436.22985109373610        5448.3841099249139     
   993.95046708239715        532.33565688790873        5328.5554044305472     
   1035.0020634363621        623.55920739202384        5196.2802575724672     
   1085.9171759664839        707.40825518652844        5061.5160972478407     
   1136.4333086279551        782.30362777133860        4936.1045920015604     
   1184.9742973172420        853.33681387954994        4816.5304172040615     
   1229.9639817000020        925.59930895149978        4699.2782377493513     
   1269.8262014418915        1004.1826084275247        4580.8327185314374     
   1303.2356314424171        1088.3361847649119        4463.2697121935234     
   1331.4002423339055        1174.9001013728721        4348.5411846940751     
   1356.5438038106658        1265.3517033762200        4232.9460212139675     
   1380.8900883068177        1361.1683421165983        4112.7830979774371     
   1406.6628682564808        1463.8273689356508        3984.3512912087212     
   1438.3743879320730        1564.0950780720607        3852.3720623967197     
   1479.8692123725816        1652.3071692252220        3722.6651468030500     
   1532.3695831888306        1729.2950563966865        3593.1768888153365     
   1597.0977440202357        1795.8901615282878        3461.8536228523303     
   1675.2759385062127        1852.9239065618594        3326.6416833327817     
   1755.6079408652765        1904.1461347861550        3195.0874527494225     
   1829.4478857164065        1952.8256277883138        3072.5680148961333     
   1901.9935190614528        1999.0721953831139        2953.7758139562861     
   1978.4425932584022        2042.9956512991378        2833.4032838433136     
   2063.9928606652411        2084.7058092649686        2706.1428584706432     
   2154.6852336639527        2121.4879081833469        2578.6683865535542     
   2244.9130783759178        2151.5288075659614        2458.3996424589745     
   2337.4027869404717        2176.2907358713978        2341.1480055889838     
   2434.8807583390726        2197.2359245861680        2222.7248454756123     
   2540.0733915531800        2215.8266051967830        2098.9415316508903     
   2650.3323437117047        2229.0296752109816        1975.4795094781666     
   2762.1533435417846        2232.8307228608946        1859.8574619981744     
   2876.9788500293430        2227.2200085836184        1750.6426697878921     
   2996.2513303528699        2212.1877941499679        1646.4024038980158     
   3121.4132516908544        2187.7243413307574        1545.7039353792413     
   3246.6534465605650        2158.2327298264690        1449.9553520138195     
   3367.1985666242640        2127.3115852780325        1360.3313764985573     
   3486.0477534463034        2093.7445024355407        1275.0492725190095     
   3606.2001581715508        2056.3150738748345        1192.3262963544685     
   3730.6549319448709        2013.8068921717554        1110.3797042842270     
   3855.9752524474188        1967.1293295467688        1031.7369464066664     
   3978.2615865041307        1917.6433819101735        958.93655998654936     
   4099.8189650530358        1864.8100974054682        890.21246594234913     
   4222.9524285395264        1808.0905207896367        823.79857907169094     
   4349.9670174089924        1746.9456968196625        757.92881417219883     
   4476.0263773611550        1683.1958067903784        695.61934424932019     
   4597.2882782194092        1618.6401710110692        638.91307917037500     
   4717.5488920735970        1552.7085699063393        584.58406642091802     
   4840.6044006787124        1484.8307791669090        529.40634855523240     
   4970.2509857897530        1414.4365744834990        470.15396812760213     
   5099.7767392763908        1339.9042321550642        415.16055696939929     
   5222.6862577679240        1259.1467288559236        373.00854177700580     
   5343.1004228412376        1170.8959209695176        340.84518459009814     
   5465.1401260724542        1073.8836595266030        315.81774280179627     
 zone
  8.46011971589177847E-009   1017.5488073601909        304.29272103220171     
   59.926259037697491        966.84179555793628        295.07347380521975     
   183.89094741874354        856.06144420350483        281.88913677860478     
   295.97282856895561        746.04777070394232        279.82092912795514     
   402.55250526158630        632.85374985823944        286.43527328102749     
   510.01059010711197        512.53234808501963        299.29859020872146     
   624.72769571600941        381.13653180290657        315.97730088193725     
   741.07452026775195        238.70895989848447        342.05804823461671     
   843.28420494479053        107.76276544757128        370.79455800849121     
   922.53097444551247        18.056686162017144        381.25386779332354     
 zone
   969.98906244427894        5532.3494494533415        352.50301650323291     
 zone
   976.83270261545181        81.399782733062565        263.60904305233879     
 zone
   4769.9490570100379        5313.2628928109270        339.05347822181943     
   4810.5131032286736        5144.2769384542562        210.63157008378334     
   4828.1622975553437        5008.8548502726035        92.858676228800093     
 zone
   4826.0654719827635        4918.0929996163823        5533.0000000000000     
   4823.2578552089071        4896.6434795585064        5508.7428631682678     
   4796.1609914082237        4797.2896776045072        5382.2921974135843     
   4747.2329213721514        4700.4402957031434        5236.5147454761482     
   4692.2234582567080        4608.1459401261582        5089.2109267837204     
   4644.5678533116770        4525.8561316964369        4959.2655134089673     
   4601.1555081689912        4448.3161358757307        4838.3131724455743     
   4558.8758200108559        4370.2712107461184        4717.9885591578277     
   4514.6181860194774        4286.4666143896848        4589.9263288100155     
   4470.2908138068624        4200.0733282430310        4459.2056704507468     
   4428.9444802688513        4116.0659429087791        4333.8519515784828     
   4389.1824566169080        4031.8951689194387        4209.9191539371996     
   4349.6080106141098        3945.0117102185227        4083.4612492334854     
   4308.8244100235315        3852.8662707495423        3950.5322091739276     
   4262.5059441644999        3764.6631150444578        3816.0105876098105     
   4207.6078419352498        3688.6144779563660        3685.0638482924683     
   4144.6547982006032        3620.6830598423267        3554.1793864437841     
   4074.1715047070361        3556.8315539346968        3419.8445870425858     
   3996.6826532010214        3493.0226534658277        3278.5468350677024     
   3915.9805868687158        3432.2805879201564        3137.1027031897256     
   3834.0258835874783        3379.2753524683667        3002.1427644566979     
   3748.5956217064122        3332.4383164555466        2869.8754665628121     
   3657.4668735533032        3290.2008443739714        2736.5092463281271     
   3558.4167114559391        3250.9943007159141        2598.2525405727060     
   3456.9491518427330        3216.5755144689356        2462.3661947125220     
   3357.1039940160281        3190.1814148100711        2336.1269372269526     
   3254.4620293975722        3172.4635318483497        2215.7670896467753     
   3144.6040416789965        3164.0733928456380        2097.5189629254878     
   3023.1108145519338        3165.6625250638031        1977.6148680165902     
   2898.9179641336937        3170.9918204795617        1858.7513130141087     
   2779.8375302193112        3176.8874246111295        1745.5664832312934     
   2659.7649883787808        3188.5987398715997        1637.2052566512345     
   2532.5958045869493        3211.3751691804041        1532.8125021682079     
   2392.2254448186613        3250.4661154569753        1431.5330886764900     
   2247.9023928214015        3300.4403961612770        1337.1843173835321     
   2111.0610788973217        3352.3382735449732        1252.2408808431487     
   1978.8759542283087        3406.1162928166350        1173.8337754457968     
   1848.5214588944523        3461.7310028354677        1099.0939901307734     
   1717.1720329758430        3519.1389524606789        1025.1525138373747     
   1584.1379849628872        3579.2509509264023        952.23046429014289     
   1449.9682633135719        3643.8211548632812        882.63094657770648     
   1313.6953233277322        3714.0711099479504        816.60796167653598     
   1174.3516104116704        3791.2223661999956        754.41550501251925     
   1030.9695699716892        3876.4964736390016        696.30757201154381     
   891.74392260591037        3965.2251404402859        645.81059144704989     
   761.35825285865815        4053.5334596500365        603.73324090954873     
   633.57836288938904        4143.8330197305650        566.25291102080678     
   502.17004400029560        4238.5354158305308        529.54698823167985     
   360.89908749357090        4340.0522430986002        489.79285899302420     
   220.53792213908042        4445.4788360055591        454.85828654549272     
   93.552620872944544        4552.1371306328383        434.53127990663626     
  2.84217094304040074E-014   4639.3336830789431        428.17521147979676     
 zone
   5509.2495056072712        4662.7785791575016        427.86961316562582     
   5397.9348872064202        4780.1546416339534        433.93105724122836     
   5288.9150765347531        4907.0167781166037        451.77338305221122     
   5182.7776435559426        5033.7822874592830        472.40145941607983     
   5079.8888430296902        5152.1190818643572        487.84945329490176     
   4976.2230580357791        5266.6544843684715        498.71907080510442     
   4867.7546635251338        5382.0158278819563        505.61201980794334     
   4750.4580344486803        5502.8304453151395        509.13000816467417     
   4721.1882073621100        5532.9999991978566        510.02973496081995     
 zone
   4665.3887321334505        60.444007311209134        514.67426784551196     
   4643.6928943594748        83.988010116467194        516.52243287679698     
   4666.4808140549931        43.268471535696335        498.59081399154292     
 zone
   4688.5025226769640        5532.9999999997708        477.34405107758948     
   4714.8627749801035        5474.0914186931332        444.79572207409109     
   4769.9490608949109        5313.2628787130170        339.05346800878254     
