 DEFECT  PLANE  NODES Mil_1 Mil_2 Mil_3 BURG_1 BURG_2     BURG_3 RIGIN_x ORIGIN_y ORIGIN_z RADIUS Shift_x Shift_y Shift_z
  
 frs
 frs            1  2    1.0000000000000000        1.0000000000000000        1.0000000000000000       0.50000000000000000        0.0000000000000000      -0.50000000000000000        2378.6246261874257        2378.6246261874257        2378.6246261874257                1   0.0000000       0.0000000    
 1   -1425.3827500770160       -2206.9837292858060     
 2    706.30269769723759        155.32442096908107     
  
 frs
 frs            2  2    1.0000000000000000        1.0000000000000000        1.0000000000000000       0.50000000000000000        0.0000000000000000      -0.50000000000000000        2961.9591195589951        2961.9591195589951        2961.9591195589951                1   0.0000000       0.0000000    
 1   -323.04400819278021       -1511.0424690185173     
 2   -1425.3827500770160       -2206.9837292858060     
  
 frs
 frs            3  2    1.0000000000000000        1.0000000000000000        1.0000000000000000       0.50000000000000000        0.0000000000000000      -0.50000000000000000        4129.2805094669511        4129.2805094669511        4129.2805094669511                1   0.0000000       0.0000000    
 1    706.30269769723759        155.32442096908107     
 2   -323.04400819278021       -1511.0424690185173     
  
 frs
 frs            4  2    1.0000000000000000       -1.0000000000000000        1.0000000000000000        0.0000000000000000      -0.50000000000000000      -0.50000000000000000        2378.6246261874257        3154.3753738125743        2378.6246261874257                2   0.0000000       0.0000000    
 1   -1425.3827500770160       -2206.9837292858060     
 2    706.30269769723759        155.32442096908107     
  
 frs
 frs            5  2    1.0000000000000000       -1.0000000000000000        1.0000000000000000        0.0000000000000000      -0.50000000000000000      -0.50000000000000000        2961.9591195589951        2571.0408804410049        2961.9591195589951                2   0.0000000       0.0000000    
 1   -323.04400819278021       -1511.0424690185173     
 2   -1425.3827500770160       -2206.9837292858060     
  
 frs
 frs            6  2    1.0000000000000000       -1.0000000000000000        1.0000000000000000        0.0000000000000000      -0.50000000000000000      -0.50000000000000000        4129.2805094669511        1403.7194905330489        4129.2805094669511                2   0.0000000       0.0000000    
 1    706.30269769723759        155.32442096908107     
 2   -323.04400819278021       -1511.0424690185173     
  
 frs
 frs            7  2   -1.0000000000000000       -1.0000000000000000        1.0000000000000000      -0.50000000000000000        0.0000000000000000      -0.50000000000000000        3154.3753738125743        3154.3753738125743        2378.6246261874257                3   0.0000000       0.0000000    
 1   -1425.3827500770160       -2206.9837292858060     
 2    706.30269769723759        155.32442096908107     
  
 frs
 frs            8  2   -1.0000000000000000       -1.0000000000000000        1.0000000000000000      -0.50000000000000000        0.0000000000000000      -0.50000000000000000        2571.0408804410049        2571.0408804410049        2961.9591195589951                3   0.0000000       0.0000000    
 1   -323.04400819278021       -1511.0424690185173     
 2   -1425.3827500770160       -2206.9837292858060     
  
 frs
 frs            9  2   -1.0000000000000000       -1.0000000000000000        1.0000000000000000      -0.50000000000000000        0.0000000000000000      -0.50000000000000000        1403.7194905330489        1403.7194905330489        4129.2805094669511                3   0.0000000       0.0000000    
 1    706.30269769723759        155.32442096908107     
 2   -323.04400819278021       -1511.0424690185173     
  
 frs
 frs           10  2   -1.0000000000000000        1.0000000000000000        1.0000000000000000        0.0000000000000000       0.50000000000000000      -0.50000000000000000        3154.3753738125743        2378.6246261874257        2378.6246261874257                4   0.0000000       0.0000000    
 1   -1425.3827500770160       -2206.9837292858060     
 2    706.30269769723759        155.32442096908107     
  
 frs
 frs           11  2   -1.0000000000000000        1.0000000000000000        1.0000000000000000        0.0000000000000000       0.50000000000000000      -0.50000000000000000        2571.0408804410049        2961.9591195589951        2961.9591195589951                4   0.0000000       0.0000000    
 1   -323.04400819278021       -1511.0424690185173     
 2   -1425.3827500770160       -2206.9837292858060     
  
 frs
 frs           12  2   -1.0000000000000000        1.0000000000000000        1.0000000000000000        0.0000000000000000       0.50000000000000000      -0.50000000000000000        1403.7194905330489        4129.2805094669511        4129.2805094669511                4   0.0000000       0.0000000    
 1    706.30269769723759        155.32442096908107     
 2   -323.04400819278021       -1511.0424690185173     
  
 ENDDEFECT
