           1   2378.6246261874257        2378.6246261874257        2378.6246261874257                0
           1   2961.9591195589951        2961.9591195589951        2961.9591195589951                0
           1   4129.2805094669511        4129.2805094669511        4129.2805094669511                0
           2   2378.6246261874257        3154.3753738125743        2378.6246261874257                0
           2   2961.9591195589951        2571.0408804410049        2961.9591195589951                0
           2   4129.2805094669511        1403.7194905330489        4129.2805094669511                0
           3   3154.3753738125743        3154.3753738125743        2378.6246261874257                0
           3   2571.0408804410049        2571.0408804410049        2961.9591195589951                0
           3   1403.7194905330489        1403.7194905330489        4129.2805094669511                0
           4   3154.3753738125743        2378.6246261874257        2378.6246261874257                0
           4   2571.0408804410049        2961.9591195589951        2961.9591195589951                0
           4   1403.7194905330489        4129.2805094669511        4129.2805094669511                0
           1           1           2  -1425.3827500776383       -2206.9837292861193        0.0000000000000000       -844.52618078386149        134.79801188392636      -3.55271367880050093E-014           1          11          -1           2   0.0000000000000000        0.0000000000000000        0.0000000000000000        0.0000000000000000        0.0000000000000000        0.0000000000000000       5.37491077648110988E-016  -470415707429.57196       -515335446202.59784        0.0000000000000000      T
           2           1           1  -1819.1529281050061       -1863.1422139595161        0.0000000000000000       -142.53028648996855        496.61744307471969        0.0000000000000000                1          11           1           3   0.0000000000000000        0.0000000000000000        0.0000000000000000       -108412113921.09335       -6849380204.1705694        0.0000000000000000       5.37491077648110988E-016  -792975828942.19604       -245660589150.84070        0.0000000000000000      T
           3           1           1  -1891.7703206064289       -1310.6202532992725        0.0000000000000000        15.484615157361295        567.82264377773413      -5.68434188608080149E-014           1          11           2           4   0.0000000000000000        0.0000000000000000        0.0000000000000000       -128186902952.45505        24615578141.709366        0.0000000000000000       5.37491077648110988E-016  -662574629743.74377        64880896171.763794        0.0000000000000000      T
           4           1           1  -1781.3339141481088       -766.66950923275920        0.0000000000000000        194.04886773121413        521.51009599461372      -5.68434188608080149E-014           1          11           3           5   0.0000000000000000        0.0000000000000000        0.0000000000000000       -144966440081.41501        53953490820.463760        0.0000000000000000       5.37491077648110988E-016   132616136480.28320       -32284706461.459152        0.0000000000000000      T
           5           1           1  -1521.9055129924948       -273.55887868700461        0.0000000000000000        317.91433675958649        457.32109608061614        0.0000000000000000                1          11           4          59   0.0000000000000000        0.0000000000000000        0.0000000000000000       -159231627285.76605        105726319321.98933        0.0000000000000000       5.37491077648110988E-016   454726149663.80847       -184430875474.94214        0.0000000000000000      T
           6           2           2  -323.04400819254818       -1511.0424690182554        0.0000000000000000        827.42853483011584       -735.75657757754607       5.68434188608080149E-014           2          11          -1           7   0.0000000000000000        0.0000000000000000        0.0000000000000000        0.0000000000000000        0.0000000000000000        0.0000000000000000       5.37491077648110988E-016   10567962846831.033       -3052566341293.6563        0.0000000000000000      T
           7           2           1  -311.90727011467720       -1853.4897797902649        0.0000000000000000       -343.51114402765336       -241.74409111149237        0.0000000000000000                2          11           6           8   0.0000000000000000        0.0000000000000000        0.0000000000000000       -126718203569.93048       -234763461156.73352        0.0000000000000000       5.37491077648110988E-016   9772112081224.7227       -4956031989135.5342        0.0000000000000000      T
           8           2           1  -622.83063609817304       -2168.7379753253945        0.0000000000000000       -352.74384243637707       -270.35357689790186        0.0000000000000000                2          11           7          60   0.0000000000000000        0.0000000000000000        0.0000000000000000       -374315537142.63086       -101469837258.63684        0.0000000000000000       5.37491077648110988E-016   7743178402139.3145       -7674597026754.5547        0.0000000000000000      T
           9           3           2   706.30269769742085        155.32442096946727        0.0000000000000000        448.42627281806801       -250.82106750989897      -2.84217094304040074E-014           3          11          -1          10   0.0000000000000000        0.0000000000000000        0.0000000000000000        0.0000000000000000        0.0000000000000000        0.0000000000000000       5.37491077648110988E-016  -17077888878.191608        63552094494.535950        0.0000000000000000      T
          10           3           1   959.26943738631655       -442.81707759723082        0.0000000000000000        33.020622905308215       -724.11219456043591        0.0000000000000000                3          11           9          11   0.0000000000000000        0.0000000000000000        0.0000000000000000        62765044527.202881        9811998123.0339661        0.0000000000000000       5.37491077648110988E-016  -248876721303.38861       -32301069819.250076        0.0000000000000000      T
          11           3           1   779.26572059752164       -1082.2966908592621        0.0000000000000000       -361.61969573899853       -565.59348973454507        0.0000000000000000                3          11          10          12   0.0000000000000000        0.0000000000000000        0.0000000000000000        69891995689.968521       -27714471904.808254        0.0000000000000000       5.37491077648110988E-016  -343711987232.16614        163143510921.35394        0.0000000000000000      T
          12           3           1   297.00681111718899       -1547.1180654676814        0.0000000000000000       -573.32971875669455       -326.41681011273567       2.84217094304040074E-014           3          11          11          13   0.0000000000000000        0.0000000000000000        0.0000000000000000        39297957054.630005       -40888086276.140594        0.0000000000000000       5.37491077648110988E-016  -159763272749.98724        287391597801.95178        0.0000000000000000      T
          13           3           2  -323.04400819248940       -1511.0424690179063        0.0000000000000000       -651.99061560425639        585.02339570955507        0.0000000000000000                3          11          12          -1   0.0000000000000000        0.0000000000000000        0.0000000000000000        0.0000000000000000        0.0000000000000000        0.0000000000000000       5.37491077648110988E-016   95977278468.806854        207982530624.46539        0.0000000000000000      T
          14           4           2  -1425.3827500776383       -2206.9837292861193        0.0000000000000000        719.03886927058227        622.31131051215618        0.0000000000000000                4           7          -1          15   0.0000000000000000        0.0000000000000000        0.0000000000000000        0.0000000000000000        0.0000000000000000        0.0000000000000000       5.37491077648110988E-016  -71266293120.109802        82962964053.700745        0.0000000000000000      T
          15           4           1  -936.68357306598102       -1789.6726149658311        0.0000000000000000        423.20845647361466        368.86820426790337        0.0000000000000000                4           7          14          16   0.0000000000000000        0.0000000000000000        0.0000000000000000        4746748183.8319683       -5932570565.7118654        0.0000000000000000       5.37491077648110988E-016   178780977918.74963       -210059764205.51746        0.0000000000000000      T
          16           4           1  -452.74007817970175       -1366.2440236428224        0.0000000000000000        506.05532052876839        424.43498934612182        0.0000000000000000                4           7          15          17   0.0000000000000000        0.0000000000000000        0.0000000000000000       -11959111952.962397        12872299369.884537        0.0000000000000000       5.37491077648110988E-016   87912018751.690948       -114919632624.57214        0.0000000000000000      T
          17           4           1   17.811689742854014       -930.98003659072538        0.0000000000000000        416.05604983781791        509.46957347292658        0.0000000000000000                4           7          16          18   0.0000000000000000        0.0000000000000000        0.0000000000000000        29352937505.085819       -8734290973.5291119        0.0000000000000000       5.37491077648110988E-016   386892170918.91669       -390282222130.30920        0.0000000000000000      T
          18           4           1   364.06920958197736       -390.33064425342673        0.0000000000000000        280.14834340499863        465.42685493035771        0.0000000000000000                4           7          17          62   0.0000000000000000        0.0000000000000000        0.0000000000000000       -18881777453.224037        16930280653.017189        0.0000000000000000       5.37491077648110988E-016   511179859984.25934       -362756033451.56000        0.0000000000000000      T
          19           5           2  -323.04400819254818       -1511.0424690182554        0.0000000000000000       -1109.2084092796038        229.09088708571261       4.26325641456060112E-014           5           7          -1          20   0.0000000000000000        0.0000000000000000        0.0000000000000000        0.0000000000000000        0.0000000000000000        0.0000000000000000       5.37491077648110988E-016  -6419739520594.9746        6191649591473.4932        0.0000000000000000      T
          20           5           1  -606.46879261536935       -1636.9853052767298        0.0000000000000000       -23.827751924198566       -290.09434771285504      -3.99680288865056355E-014           5           7          19          21   0.0000000000000000        0.0000000000000000        0.0000000000000000       -246400858967.79044        420058398919.60077        0.0000000000000000       5.37491077648110988E-016  -7586611622033.5527        7290391000079.8398        0.0000000000000000      T
          21           5           1  -840.11181262480250       -1897.8926603432847        0.0000000000000000       -346.68399632036483       -229.26407020938103      -1.42108547152020037E-014           5           7          20          22   0.0000000000000000        0.0000000000000000        0.0000000000000000       -67266380305.335693        159161255458.38379        0.0000000000000000       5.37491077648110988E-016  -7553334378120.2783        7992944850031.0742        0.0000000000000000      T
          22           5           1  -1132.0571159832052       -2134.9143896261958        0.0000000000000000       -166.20123289785010       -286.63662449801876       4.97379915032070130E-014           5           7          21          23   0.0000000000000000        0.0000000000000000        0.0000000000000000        119424333796.73523        100120999192.98302        0.0000000000000000       5.37491077648110988E-016  -6795366063003.9004        8649333036524.4600        0.0000000000000000      T
          23           5           2  -1425.3827500766492       -2206.9837292854208        0.0000000000000000       -744.32388444377500        448.53736137504831        0.0000000000000000                5           7          22          -1   0.0000000000000000        0.0000000000000000        0.0000000000000000        0.0000000000000000        0.0000000000000000        0.0000000000000000       5.37491077648110988E-016  -6178160631244.4092        9101117031141.9277        0.0000000000000000      T
          24           6           2   706.30269769742085        155.32442096946727        0.0000000000000000       -329.69882554507473       -984.27463471516967       5.68434188608080149E-014           6           7          -1          25   0.0000000000000000        0.0000000000000000        0.0000000000000000        0.0000000000000000        0.0000000000000000        0.0000000000000000       5.37491077648110988E-016   9621834646770.2656       -5331069126377.1201        0.0000000000000000      T
          25           6           1   433.65994542417184       -245.04912478188083        0.0000000000000000       -244.14090621057557       -247.55685295734733      -5.68434188608080149E-014           6           7          24          26   0.0000000000000000        0.0000000000000000        0.0000000000000000       -253918567448.40005        48825965425.504501        0.0000000000000000       5.37491077648110988E-016   9430945588680.2090       -5661539968661.6133        0.0000000000000000      T
          26           6           1   190.92037997542556       -677.12260934374240        0.0000000000000000       -239.88450277860846       -522.83904439506944      -5.68434188608080149E-014           6           7          25          27   0.0000000000000000        0.0000000000000000        0.0000000000000000       -2407297039.3096447        1758640358.8459542        0.0000000000000000       5.37491077648110988E-016   9336776729600.3066       -5815882021030.5400        0.0000000000000000      T
          27           6           1  -48.066279818952864       -1108.3972810500670        0.0000000000000000       -241.49975840436406       -251.13143826693423        0.0000000000000000                6           7          26          28   0.0000000000000000        0.0000000000000000        0.0000000000000000        265030773456.29553       -48108287746.074860        0.0000000000000000       5.37491077648110988E-016   9445394934029.5020       -5637616041777.0430        0.0000000000000000      T
          28           6           2  -323.04400819248940       -1511.0424690179063        0.0000000000000000       -336.00962810768044       -974.39478155968595        0.0000000000000000                6           7          27          -1   0.0000000000000000        0.0000000000000000        0.0000000000000000        0.0000000000000000        0.0000000000000000        0.0000000000000000       5.37491077648110988E-016   9636194621907.5059       -5305068633742.7197        0.0000000000000000      T
          29           7           2  -1425.3827500776383       -2206.9837292861193        0.0000000000000000       -770.66707372263772        33.304733901532856      -2.13162820728030056E-014           7           8          -1          30   0.0000000000000000        0.0000000000000000        0.0000000000000000        0.0000000000000000        0.0000000000000000        0.0000000000000000       5.37491077648110988E-016  -606066955045.54358       -438772623273.22095        0.0000000000000000      T
          30           7           1  -1862.6683090048514       -1869.9546234867257        0.0000000000000000       -218.20064157113202        529.68253401838547        0.0000000000000000                7           8          29          31   0.0000000000000000        0.0000000000000000        0.0000000000000000       -171217487554.81012       -33413013155.158173        0.0000000000000000       5.37491077648110988E-016  -1203742777106.6313       -191448567072.03867        0.0000000000000000      T
          31           7           1  -1971.9350104633313       -1289.4937786340693        0.0000000000000000        3.8128588500854974        600.43498198107534      -5.68434188608080149E-014           7           8          30          32   0.0000000000000000        0.0000000000000000        0.0000000000000000       -255474926562.78992        48748858053.663681        0.0000000000000000       5.37491077648110988E-016  -2381166112836.9502        249076686670.51880        0.0000000000000000      T
          32           7           1  -1867.0339902534765       -705.57259411042151        0.0000000000000000        189.85216242491524        561.72362618622435        0.0000000000000000                7           8          31          33   0.0000000000000000        0.0000000000000000        0.0000000000000000       -162292340937.40576        100099120267.08337        0.0000000000000000       5.37491077648110988E-016  -2911806365949.3125        992872635531.42700        0.0000000000000000      T
          33           7           1  -1613.6599110213181       -172.61937212046115        0.0000000000000000        311.60378977629318        503.29373281485175        0.0000000000000000                7           8          32          63   0.0000000000000000        0.0000000000000000        0.0000000000000000       -35691257555.473053        58181231359.579437        0.0000000000000000       5.37491077648110988E-016  -1408557137590.7876        875636745405.55298        0.0000000000000000      T
          34           8           2  -323.04400819254818       -1511.0424690182554        0.0000000000000000        882.39790844000913       -464.19920430012542      -5.68434188608080149E-014           8           8          -1          35   0.0000000000000000        0.0000000000000000        0.0000000000000000        0.0000000000000000        0.0000000000000000        0.0000000000000000       5.37491077648110988E-016   10929240953065.930       -1245669374202.6978        0.0000000000000000      T
          35           8           1  -288.99856246367051       -1851.4195766925097        0.0000000000000000       -339.55588393101948       -325.85527554468121        0.0000000000000000                8           8          34          36   0.0000000000000000        0.0000000000000000        0.0000000000000000       -282806357018.22772       -267299092031.88824        0.0000000000000000       5.37491077648110988E-016   10302024524394.305       -3781797908087.2656        0.0000000000000000      T
          36           8           1  -599.31177305199810       -2202.9424193544610        0.0000000000000000       -352.97766729428128       -308.07954452976645       5.68434188608080149E-014           8           8          35          37   0.0000000000000000        0.0000000000000000        0.0000000000000000       -629878497913.82300        162143844495.41943        0.0000000000000000       5.37491077648110988E-016   7344067816320.9727       -6574847839482.3682        0.0000000000000000      T
          37           8           1  -1021.6120291935365       -2387.7895823967629        0.0000000000000000       -446.37384708145419       -50.936563449011516      -1.42108547152020037E-014           8           8          36          38   0.0000000000000000        0.0000000000000000        0.0000000000000000        37178088870.272079       -31705852107.472931        0.0000000000000000       5.37491077648110988E-016  -600444530642.14600        1388070977677.1326        0.0000000000000000      T
          38           8           2  -1425.3827500766492       -2206.9837292854208        0.0000000000000000       -339.73987545385501        499.70186853293291       2.84217094304040074E-014           8           8          37          -1   0.0000000000000000        0.0000000000000000        0.0000000000000000        0.0000000000000000        0.0000000000000000        0.0000000000000000       5.37491077648110988E-016   107169949697.94600        57315684970.723747        0.0000000000000000      T
          39           9           2   706.30269769742017        155.32442096946733        0.0000000000000000        769.38484877919893       -413.18586187508043       5.68434188608080149E-014           9           8          -1          40   0.0000000000000000        0.0000000000000000        0.0000000000000000        0.0000000000000000        0.0000000000000000        0.0000000000000000       5.37491077648110988E-016   307640252159.18713        209014739334.57516        0.0000000000000000      T
          40           9           1   981.73896676677487       -400.63472869779446        0.0000000000000000       -46.172224222778183       -641.03157941491270        0.0000000000000000                9           8          39          41   0.0000000000000000        0.0000000000000000        0.0000000000000000        41170813515.854599       -22709718011.921402        0.0000000000000000       5.37491077648110988E-016   540111562193.24377       -6333984601.7800388        0.0000000000000000      T
          41           9           1   781.40622717715189       -1024.4708329985128        0.0000000000000000       -359.38536344889070       -562.07358236920902        0.0000000000000000                9           8          40          42   0.0000000000000000        0.0000000000000000        0.0000000000000000        56119226151.262146       -50556258555.308853        0.0000000000000000       5.37491077648110988E-016   393682384420.86938       -245175575734.70871        0.0000000000000000      T
          42           9           1   302.98340811745885       -1473.8178570578486        0.0000000000000000       -552.55299792960727       -330.22347618841252       5.68434188608080149E-014           9           8          41          43   0.0000000000000000        0.0000000000000000        0.0000000000000000        21752465645.447113       -59614043049.319389        0.0000000000000000       5.37491077648110988E-016   92085430032.742432       -133896780416.13165        0.0000000000000000      T
          43           9           2  -323.04400819248968       -1511.0424690179061        0.0000000000000000       -743.75335094160505        423.25257906467868       2.84217094304040074E-014           9           8          42          -1   0.0000000000000000        0.0000000000000000        0.0000000000000000        0.0000000000000000        0.0000000000000000        0.0000000000000000       5.37491077648110988E-016   43229453773.542969        239121351237.46826        0.0000000000000000      T
          44          10           2  -1425.3827500776383       -2206.9837292861193        0.0000000000000000        743.21274929086383        1299.6558661711233       1.13686837721616030E-013          10          10          -1          45   0.0000000000000000        0.0000000000000000        0.0000000000000000        0.0000000000000000        0.0000000000000000        0.0000000000000000       5.37491077648110988E-016  -4947146465754.3271        5522996683268.8857        0.0000000000000000      T
          45          10           1  -956.98744750758806       -1802.7590920042878        0.0000000000000000        403.12777180648419        175.60955797065182        0.0000000000000000               10          10          44          46   0.0000000000000000        0.0000000000000000        0.0000000000000000        160537820857.97885       -155722844315.89996        0.0000000000000000       5.37491077648110988E-016  -5437306525822.7578        6779287571690.6436        0.0000000000000000      T
          46          10           1  -468.88278128686278       -1378.3166335994433        0.0000000000000000        513.77606985552507        483.90718900629702        0.0000000000000000               10          10          45          47   0.0000000000000000        0.0000000000000000        0.0000000000000000        90176092146.782349       -131272206585.36319        0.0000000000000000       5.37491077648110988E-016  -3410431220254.3730        4069910821952.0371        0.0000000000000000      T
          47          10           1   3.6329174058388958       -939.01092287198924        0.0000000000000000        423.62904351169618        480.00619340105550        0.0000000000000000               10          10          46          48   0.0000000000000000        0.0000000000000000        0.0000000000000000        56778466540.936005       -113881616919.41998        0.0000000000000000       5.37491077648110988E-016  -2290609538735.5654        2205520907916.9360        0.0000000000000000      T
          48          10           1   367.53866240372247       -406.58731686497987        0.0000000000000000        300.97208716944647        511.25598759287175        0.0000000000000000               10          10          47          64   0.0000000000000000        0.0000000000000000        0.0000000000000000        93823574841.245132       -77212709737.122253        0.0000000000000000       5.37491077648110988E-016  -1109288477860.8645        869375107958.70068        0.0000000000000000      T
          49          11           2  -323.04400819254818       -1511.0424690182554        0.0000000000000000       -75.808708805641515       -826.18565626521649      -5.68434188608080149E-014          11          10          -1          50   0.0000000000000000        0.0000000000000000        0.0000000000000000        0.0000000000000000        0.0000000000000000        0.0000000000000000       5.37491077648110988E-016   7439089264107.3984       -7571331963941.5752        0.0000000000000000      T
          50          11           1  -572.35378541038961       -1667.3975142145971        0.0000000000000000       -300.62954624535757        2.9362924531038388      -1.42108547152020037E-014          11          10          49          51   0.0000000000000000        0.0000000000000000        0.0000000000000000       -647623893236.74194        751242076075.55176        0.0000000000000000       5.37491077648110988E-016  -5330265705574.4170        5899293436923.3604        0.0000000000000000      T
          51          11           1  -853.90323541330054       -1867.5909106510426        0.0000000000000000       -314.25078787518567       -255.20483844556051       2.13162820728030056E-014          11          10          50          52   0.0000000000000000        0.0000000000000000        0.0000000000000000       -139554718763.22180        191324156542.07336        0.0000000000000000       5.37491077648110988E-016  -7130001371801.9355        8375282985311.0273        0.0000000000000000      T
          52          11           1  -1140.8975275176404       -2092.8189681942085        0.0000000000000000       -147.99852857565392       -258.38130060969604      -1.42108547152020037E-014          11          10          51          53   0.0000000000000000        0.0000000000000000        0.0000000000000000        35182253598.798080        197602405433.20853        0.0000000000000000       5.37491077648110988E-016  -6795887993801.5273        8649450987473.1094        0.0000000000000000      T
          53          11           2  -1425.3827500766492       -2206.9837292854208        0.0000000000000000       -808.19364181224432        270.55158498120977      -7.10542735760100186E-014          11          10          52          -1   0.0000000000000000        0.0000000000000000        0.0000000000000000        0.0000000000000000        0.0000000000000000        0.0000000000000000       5.37491077648110988E-016  -6110357272447.1650        9146777246825.9023        0.0000000000000000      T
          54          12           2   706.30269769742063        155.32442096946738        0.0000000000000000       -356.01560103584762       -971.34228353178742       5.68434188608080149E-014          12          10          -1          55   0.0000000000000000        0.0000000000000000        0.0000000000000000        0.0000000000000000        0.0000000000000000        0.0000000000000000       5.37491077648110988E-016   9662363913211.9922       -5257254379299.0107        0.0000000000000000      T
          55          12           1   433.37112212677812       -248.77825697394587        0.0000000000000000       -236.40471810200950       -252.25715595229462        0.0000000000000000               12          10          54          56   0.0000000000000000        0.0000000000000000        0.0000000000000000       -266326017948.21228        40901393626.026894        0.0000000000000000       5.37491077648110988E-016   9480293404108.1172       -5578640478778.3184        0.0000000000000000      T
          56          12           1   191.03126153488378       -676.95546898163980        0.0000000000000000       -244.17983504372518       -516.46876251235517       5.68434188608080149E-014          12          10          55          57   0.0000000000000000        0.0000000000000000        0.0000000000000000       -11204439521.908154        5476179178.5514565        0.0000000000000000       5.37491077648110988E-016   9330019520560.2031       -5826698276621.5205        0.0000000000000000      T
          57          12           1  -49.172574603535679       -1106.9579750744733        0.0000000000000000       -234.50703191403096       -256.40694829986762        0.0000000000000000               12          10          56          58   0.0000000000000000        0.0000000000000000        0.0000000000000000        276391158679.11456       -39742596207.831451        0.0000000000000000       5.37491077648110988E-016   9498717834740.4492       -5547324345055.1445        0.0000000000000000      T
          58          12           2  -323.04400819248940       -1511.0424690179063        0.0000000000000000       -360.01784648227022       -960.16444439697443        0.0000000000000000               12          10          57          -1   0.0000000000000000        0.0000000000000000        0.0000000000000000        0.0000000000000000        0.0000000000000000        0.0000000000000000       5.37491077648110988E-016   9673326958405.5762       -5237055046090.6895        0.0000000000000000      T
          59           1           1  -1154.7974397571450        139.31049408797293        0.0000000000000000        413.90320840333146        367.14552964511881        0.0000000000000000                1          11           5          66   0.0000000000000000        0.0000000000000000        0.0000000000000000       -144122852063.11261        157859034416.46216        0.0000000000000000       5.37491077648110988E-016   340077481455.94482       -150964684736.43311        0.0000000000000000      T
          60           2           1  -1031.4619285157071       -2324.3038384934744        0.0000000000000000       -404.17746142992729       -89.283777406529126      -2.84217094304040074E-014           2          11           8          61   0.0000000000000000        0.0000000000000000        0.0000000000000000       -373398307306.71252        364106839031.72479        0.0000000000000000       5.37491077648110988E-016   3617076848427.6328       -6100461975364.4863        0.0000000000000000      T
          61           2           2  -1425.3827500766492       -2206.9837292854208        0.0000000000000000       -438.20265377934271        512.75142464393923       2.84217094304040074E-014           2          11          60          -1   0.0000000000000000        0.0000000000000000        0.0000000000000000        0.0000000000000000        0.0000000000000000        0.0000000000000000       5.37491077648110988E-016   177546298181.43130        348694669485.20868        0.0000000000000000      T
          62           4           2   706.30269769648964        155.32442096853606        0.0000000000000000        528.82360040309436        887.73637948342753      -5.68434188608080149E-014           4           7          18          -1   0.0000000000000000        0.0000000000000000        0.0000000000000000        0.0000000000000000        0.0000000000000000        0.0000000000000000       5.37491077648110988E-016  -161454658475.54529        100829579463.92027        0.0000000000000000      T
          63           7           1  -1239.1913225066901        282.75525810689396        0.0000000000000000        447.26068171027055        390.08499920631482        0.0000000000000000                7           8          33          65   0.0000000000000000        0.0000000000000000        0.0000000000000000       -145955900845.20245        162974047760.41296        0.0000000000000000       5.37491077648110988E-016   230729444270.32471        6926900227.5483217        0.0000000000000000      T
          64          10           2   706.30269769648964        155.32442096853606        0.0000000000000000        480.49194868247019        757.97588774903352        0.0000000000000000               10          10          48          -1   0.0000000000000000        0.0000000000000000        0.0000000000000000        0.0000000000000000        0.0000000000000000        0.0000000000000000       5.37491077648110988E-016   146528973585.44662       -96844979675.877319        0.0000000000000000      T
          65           7           1  -733.65111280755218        594.34615816552764        0.0000000000000000        539.37987802392297        237.26286121785560      -2.84217094304040074E-014           7           8          63          67   0.0000000000000000        0.0000000000000000        0.0000000000000000       -76587521121.576447        176337248176.09464        0.0000000000000000       5.37491077648110988E-016   148007105453.77625       -52480512952.616875        0.0000000000000000      T
          66           1           1  -699.14060306655051        448.86011614804409        0.0000000000000000        494.76755940492080        241.35376984405428      -2.13162820728030056E-014           1          11          59          68   0.0000000000000000        0.0000000000000000        0.0000000000000000       -95329096480.748901        188615600149.85034        0.0000000000000000       5.37491077648110988E-016   176363620274.59808       -34987303200.692932        0.0000000000000000      T
          67           7           1  -166.00234688098081        735.19615361794081        0.0000000000000000        614.78673307116560        18.186242455403672      -3.90798504668055102E-014           7           8          65          69   0.0000000000000000        0.0000000000000000        0.0000000000000000       -23747761558.735184        188981484694.06854        0.0000000000000000       5.37491077648110988E-016   84053594611.521271       -100500523788.94836        0.0000000000000000      T
          68           1           1  -163.64803000431914        600.58081007022008        0.0000000000000000        580.47478323546420        51.250338925405430       2.84217094304040074E-014           1          11          66          70   0.0000000000000000        0.0000000000000000        0.0000000000000000       -28051944349.905609        182827589032.80548        0.0000000000000000       5.37491077648110988E-016   89997634537.152695       -25206719905.283401        0.0000000000000000      T
          69           7           1   420.49617172481891        638.55773141647546        0.0000000000000000        463.91504328852920       -177.37311128662682        0.0000000000000000                7           8          67          71   0.0000000000000000        0.0000000000000000        0.0000000000000000        55656258940.665115        111476389367.78674        0.0000000000000000       5.37491077648110988E-016  -13884254229.550152       -170015593952.62131        0.0000000000000000      T
          70           1           1   387.06131641932234        567.78499711879408        0.0000000000000000        441.93906611084287       -89.580482633427039      -5.68434188608080149E-014           1          11          68          72   0.0000000000000000        0.0000000000000000        0.0000000000000000        26737078774.035255        113791676363.85326        0.0000000000000000       5.37491077648110988E-016   12458723943.543148       -120428911009.74966        0.0000000000000000      T
          71           7           2   706.30269769648964        155.32442096853606        0.0000000000000000        146.46822750712937       -1048.3089952571113        0.0000000000000000                7           8          69          -1   0.0000000000000000        0.0000000000000000        0.0000000000000000        0.0000000000000000        0.0000000000000000        0.0000000000000000       5.37491077648110988E-016  -206781707402.62744       -51443631965.199883        0.0000000000000000      T
          72           1           2   706.30269769648964        155.32442096853606        0.0000000000000000        261.62113542359077       -1028.6975756967495      -5.68434188608080149E-014           1          11          70          -1   0.0000000000000000        0.0000000000000000        0.0000000000000000        0.0000000000000000        0.0000000000000000        0.0000000000000000       5.37491077648110988E-016  -213626783722.65353       -150252155065.79306        0.0000000000000000      T
