           1   2378.6246261874257        2378.6246261874257        2378.6246261874257                2
          17          18
           1   2961.9591195589951        2961.9591195589951        2961.9591195589951                0
           1   4129.2805094669511        4129.2805094669511        4129.2805094669511                1
          13
           2   2378.6246261874257        3154.3753738125743        2378.6246261874257                0
           2   2961.9591195589951        2571.0408804410049        2961.9591195589951                0
           2   4129.2805094669511        1403.7194905330489        4129.2805094669511                0
           3   3154.3753738125743        3154.3753738125743        2378.6246261874257                2
          15          16
           3   2571.0408804410049        2571.0408804410049        2961.9591195589951                0
           3   1403.7194905330489        1403.7194905330489        4129.2805094669511                1
          14
           4   3154.3753738125743        2378.6246261874257        2378.6246261874257                0
           4   2571.0408804410049        2961.9591195589951        2961.9591195589951                0
           4   1403.7194905330489        4129.2805094669511        4129.2805094669511                0
           1   2284.9471761336181        2284.9471761336176        2284.9471761336176                1
           3
           3   3248.0528238663819        3248.0528238663824        2284.9471761336176                1
           9
           3   1310.0420404792412        1310.0420404792408        4222.9579595207597                1
           7
           3   4998.7087071459073        4998.7087071459073        534.29129285409226                1
           7
           1   534.29129285409238        534.29129285409238        534.29129285409249                1
           1
           1   4222.9579595207588        4222.9579595207597        4222.9579595207597                1
           1
           1           1           2  -1425.3827500776383       -2206.9837292861193        0.0000000000000000        327.55991854998240       -459.56054658738742        0.0000000000000000                1          11          -1           2   0.0000000000000000        0.0000000000000000        0.0000000000000000        0.0000000000000000        0.0000000000000000        0.0000000000000000       5.37491077648110988E-016   221123000675.14874        69596776481.514404        0.0000000000000000      T
           2           1           1  -1377.8216499170285       -2769.3264521621977        0.0000000000000000       -186.75246382011619       -573.80139180232743        0.0000000000000000                1          11           1           3   0.0000000000000000        0.0000000000000000        0.0000000000000000        160830244315.86316       -57854932525.209091        0.0000000000000000       5.37491077648110988E-016   137544314536.14307       -217560794520.73529        0.0000000000000000      T
           3           1           1  -1702.6986632753324        1259.1141716738734        0.0000000000000000       -412.49780286259960       -399.96693014264986        0.0000000000000000               18          11           2           4   0.0000000000000000        0.0000000000000000        0.0000000000000000        106683987813.81021       -131858920198.62428        0.0000000000000000       5.37491077648110988E-016  -201767788652.41351       -130058098659.53278        0.0000000000000000      T
           4           1           1  -2211.6526222741422        996.55540585972199        0.0000000000000000       -664.74924180082803       -81.712060380639926        0.0000000000000000               18          11           3           5   0.0000000000000000        0.0000000000000000        0.0000000000000000        101399201768.73357       -349472136959.50757        0.0000000000000000       5.37491077648110988E-016  -215196718706.37994       -159425337921.38885        0.0000000000000000      T
           5           1           1   1130.8880607433643        3196.9801635590875        0.0000000000000000       -165.01051879349990       -236.10022608880951      -6.39488462184090167E-014           1          11           4         109   0.0000000000000000        0.0000000000000000        0.0000000000000000       -25591070016.466354       -411877090087.07373        0.0000000000000000       5.37491077648110988E-016  -246407054097.07275       -1091521488127.6897        0.0000000000000000      T
           6           2           2  -323.04400819254818       -1511.0424690182554        0.0000000000000000        639.34269805907365       -46.743275243300992      -3.62810060507796704E-014           2          11          -1          56   0.0000000000000000        0.0000000000000000        0.0000000000000000        0.0000000000000000        0.0000000000000000        0.0000000000000000       5.37491077648110988E-016  -3000408905.1156983        313586461904.00873        0.0000000000000000      T
           7           3           2   706.30269769742085        155.32442096946727        0.0000000000000000       -243.05348127182563        498.48643882573037        0.0000000000000000                3          11          -1           8   0.0000000000000000        0.0000000000000000        0.0000000000000000        0.0000000000000000        0.0000000000000000        0.0000000000000000       5.37491077648110988E-016  -789042666601.81091        113140389488.81070        0.0000000000000000      T
           8           3           1   804.56119794649567        701.13481989964043        0.0000000000000000        335.75240279476469        505.75549079565695      -5.68434188608080149E-014           3          11           7           9   0.0000000000000000        0.0000000000000000        0.0000000000000000        0.0000000000000000        0.0000000000000000        0.0000000000000000       5.37491077648110988E-016  -47342559996.108658        6788423369.3286419        0.0000000000000000      T
           9           3           1   1239.8632107317344        1093.2731800439628        0.0000000000000000        500.72540919570747        292.33787521513000       2.84217094304040074E-014           3          11           8          10   0.0000000000000000        0.0000000000000000        0.0000000000000000       -135278183288.07550        323661267850.41663        0.0000000000000000       5.37491077648110988E-016   204554058940.78064        196960049283.39667        0.0000000000000000      T
          10           3           1   1777.4875015349369        1269.7841487565486        0.0000000000000000        580.12487118772822        30.840994914548332       3.55271367880050093E-015           3          11           9          11   0.0000000000000000        0.0000000000000000        0.0000000000000000        13051843308.106037        324565334143.15112        0.0000000000000000       5.37491077648110988E-016   582939544817.47083        740319139009.54126        0.0000000000000000      T
          11           3           1   2339.1772130853165        1124.2789982719064        0.0000000000000000        476.71711311412724       -322.68440018949536      -5.68434188608080149E-014           3          11          10          71   0.0000000000000000        0.0000000000000000        0.0000000000000000        242820849387.71326        348890468043.64868        0.0000000000000000       5.37491077648110988E-016   334111375036.15588       -314696015618.12628        0.0000000000000000      T
          12           4           2  -1425.3827500776383       -2206.9837292861193        0.0000000000000000        473.10164649049636        427.20896389840516       2.82783495021302820E-014           4           7          -1          13   0.0000000000000000        0.0000000000000000        0.0000000000000000        0.0000000000000000        0.0000000000000000        0.0000000000000000       5.37491077648110988E-016  -46039664975.334984        51351837872.924561        0.0000000000000000      T
          13           4           1  -952.61879735359059       -1779.4010919493091        0.0000000000000000        473.21944976967876        431.55842361536151       2.84217094304040074E-014           4           7          12          14   0.0000000000000000        0.0000000000000000        0.0000000000000000       -8158644033.7632456        8912519368.7476311        0.0000000000000000       5.37491077648110988E-016  -14573412477.024647        15304638309.391228        0.0000000000000000      T
          14           4           1  -476.70060206299934       -1347.0659656921098        0.0000000000000000        480.06699847470537        426.31063242217738      -2.84217094304040074E-014           4           7          13          15   0.0000000000000000        0.0000000000000000        0.0000000000000000        381677842.06780040       -732125304.38974774        0.0000000000000000       5.37491077648110988E-016  -161423503596.01703        174309222973.56454        0.0000000000000000      T
          15           4           1  -16.775624179296727       -906.35367670177277        0.0000000000000000        414.04207585438206        482.34129243853818        0.0000000000000000                4           7          14          16   0.0000000000000000        0.0000000000000000        0.0000000000000000        1786713486.6617649       -1898154366.3574071        0.0000000000000000       5.37491077648110988E-016  -49027360007.606804       -2052889690.3979363        0.0000000000000000      T
          16           4           1   352.33407353996131       -381.47246699880668        0.0000000000000000        350.86872491664832        541.10469390357855        0.0000000000000000                4           7          15          58   0.0000000000000000        0.0000000000000000        0.0000000000000000        3028401242.5251069       -1638204926.7649274        0.0000000000000000       5.37491077648110988E-016   147114992378.01920       -100962723962.44214        0.0000000000000000      T
          17           5           2  -323.04400819254818       -1511.0424690182554        0.0000000000000000       -289.49336032154235        140.11213107418777        0.0000000000000000                5           7          -1          18   0.0000000000000000        0.0000000000000000        0.0000000000000000        0.0000000000000000        0.0000000000000000        0.0000000000000000       5.37491077648110988E-016  -5786376385440.9824        6461108177540.0537        0.0000000000000000      T
          18           5           1  -589.90629455492376       -1690.5482768960342        0.0000000000000000       -257.95529549114428       -288.60626611899056      -7.10542735760100186E-015           5           7          17          19   0.0000000000000000        0.0000000000000000        0.0000000000000000        187178800866.29572       -254249388531.52097        0.0000000000000000       5.37491077648110988E-016  -1519660002121.2634        787968259583.67285        0.0000000000000000      T
          19           5           1  -868.34586476650782       -1879.6580019241387        0.0000000000000000       -314.59102743576011       -91.533665315875695       7.10542735760100186E-015           5           7          18          20   0.0000000000000000        0.0000000000000000        0.0000000000000000        191617229082.85492       -285463634780.22620        0.0000000000000000       5.37491077648110988E-016  -1323320568439.7612        1167706719562.0740        0.0000000000000000      T
          20           5           1  -1186.2442210755376       -1997.5371923583086        0.0000000000000000       -272.69437432765631       -266.22581900433011       2.13162820728030056E-014           5           7          19          21   0.0000000000000000        0.0000000000000000        0.0000000000000000       -497841433601.43677        673446531650.53345        0.0000000000000000       5.37491077648110988E-016  -1178317796569.3159        475079465551.52783        0.0000000000000000      T
          21           5           2  -1425.3827500766492       -2206.9837292854208        0.0000000000000000       -265.74213118403821        174.45975924934970      -1.01592728322895435E-014           5           7          20          -1   0.0000000000000000        0.0000000000000000        0.0000000000000000        0.0000000000000000        0.0000000000000000        0.0000000000000000       5.37491077648110988E-016  -7531526400439.7227        8017238307514.5928        0.0000000000000000      T
          22           6           2   706.30269769742085        155.32442096946727        0.0000000000000000       -440.62089349254660       -202.51401833108164        0.0000000000000000                6           7          -1          23   0.0000000000000000        0.0000000000000000        0.0000000000000000        0.0000000000000000        0.0000000000000000        0.0000000000000000       5.37491077648110988E-016  -5536563305863.4824        2464228170166.6899        0.0000000000000000      T
          23           6           1   468.44700202286515       -267.26683241605292        0.0000000000000000       -194.93848958417095       -484.10307286111055        0.0000000000000000                6           7          22          24   0.0000000000000000        0.0000000000000000        0.0000000000000000        321240638545.59692       -173533461554.09286        0.0000000000000000       5.37491077648110988E-016  -173861527761.92029       -251733402482.43805        0.0000000000000000      T
          24           6           1   195.41593533315029       -684.05084670078804        0.0000000000000000       -312.28543526358129       -379.19949323524116       2.84217094304040074E-014           6           7          23          25   0.0000000000000000        0.0000000000000000        0.0000000000000000       -9704311456.0405083        3102689116.9972434        0.0000000000000000       5.37491077648110988E-016  -530250640324.97180       -15527942770.064991        0.0000000000000000      T
          25           6           1  -78.510164937644788       -1096.5433910734223        0.0000000000000000       -196.79127024303403       -486.92863017003327        0.0000000000000000                6           7          24          26   0.0000000000000000        0.0000000000000000        0.0000000000000000       -333307182617.90649        198173100692.35214        0.0000000000000000       5.37491077648110988E-016  -607203257594.19238       -156664457185.34918        0.0000000000000000      T
          26           6           2  -323.04400819248940       -1511.0424690179063        0.0000000000000000       -455.92931434120129       -154.06085303598161       1.10692913736768115E-014           6           7          25          -1   0.0000000000000000        0.0000000000000000        0.0000000000000000        0.0000000000000000        0.0000000000000000        0.0000000000000000       5.37491077648110988E-016  -6201551912453.3115        2855301507450.4438        0.0000000000000000      T
          27           7           2  -1425.3827500776383       -2206.9837292861193        0.0000000000000000        384.39814917467100       -372.62025995943338        0.0000000000000000                7           8          -1          28   0.0000000000000000        0.0000000000000000        0.0000000000000000        0.0000000000000000        0.0000000000000000        0.0000000000000000       5.37491077648110988E-016   418658547180.77759        22684647764.107494        0.0000000000000000      T
          28           7           1  -1317.1010695820507       -2731.2764651600774        0.0000000000000000       -104.62802601946035       -563.56844682893438        0.0000000000000000                7           8          27          29   0.0000000000000000        0.0000000000000000        0.0000000000000000        155983660649.68726       -48386747030.429306        0.0000000000000000       5.37491077648110988E-016   439543043806.28223       -328752060303.60254        0.0000000000000000      T
          29           7           1  -1540.7588252860785        1289.2426383378113        0.0000000000000000       -312.01427072215154       -437.45359667236278      -2.84217094304040074E-014          15           8          28          30   0.0000000000000000        0.0000000000000000        0.0000000000000000        223091684928.99640       -197268402684.04724        0.0000000000000000       5.37491077648110988E-016  -268116461966.55707       -318002948816.56702        0.0000000000000000      T
          30           7           1  -1962.4798310022511        941.08531958557501        0.0000000000000000       -583.45117535253462       -222.55855906398321       2.84217094304040074E-014          15           8          29         104   0.0000000000000000        0.0000000000000000        0.0000000000000000        88670334175.815964       -271252237373.32764        0.0000000000000000       5.37491077648110988E-016   221971027406.55042       -1776122480680.2678        0.0000000000000000      T
          31          13           2   899.67125373032343        3149.5052820292535        0.0000000000000000       -696.71736925236814        268.87242210090619        0.0000000000000000                7           8         101          59   0.0000000000000000        0.0000000000000000        0.0000000000000000        0.0000000000000000        0.0000000000000000        0.0000000000000000       5.37491077648110988E-016   0.0000000000000000        0.0000000000000000        0.0000000000000000      T
          32           8           2  -323.04400819254818       -1511.0424690182554        0.0000000000000000        552.39984154996307        86.844570926861536      -2.14266564232478784E-014           8           8          -1          33   0.0000000000000000        0.0000000000000000        0.0000000000000000        0.0000000000000000        0.0000000000000000        0.0000000000000000       5.37491077648110988E-016   75188497335.922974        74759474780.580658        0.0000000000000000      T
          33           8           1   91.494164085062835       -1886.3365779097128        0.0000000000000000        184.11276824224916       -607.85194273465004        0.0000000000000000                8           8          32          34   0.0000000000000000        0.0000000000000000        0.0000000000000000        172043046254.65710        61722995646.801575        0.0000000000000000       5.37491077648110988E-016  -206853647972.53741       -450285675941.06342        0.0000000000000000      T
          34           8           1   15.782167016514791       -2471.7655728448472        0.0000000000000000       -272.37238889177075       -537.60611146803581        0.0000000000000000                8           8          33          93   0.0000000000000000        0.0000000000000000        0.0000000000000000        180421769432.95215       -97873683393.020020        0.0000000000000000       5.37491077648110988E-016   169190075499.65765       -383609108262.14636        0.0000000000000000      T
          35           9           2   706.30269769742017        155.32442096946733        0.0000000000000000       -276.45291933901620        506.49794735396608        0.0000000000000000                9           8          -1          36   0.0000000000000000        0.0000000000000000        0.0000000000000000        0.0000000000000000        0.0000000000000000        0.0000000000000000       5.37491077648110988E-016  -438150444892.10449        44137861150.183189        0.0000000000000000      T
          36           9           1   760.53590697993934        729.80257224744571        0.0000000000000000        295.21483378089306        541.23220134156168      -5.68434188608080149E-014           9           8          35          37   0.0000000000000000        0.0000000000000000        0.0000000000000000       -149160321959.13867        104935793266.94620        0.0000000000000000       5.37491077648110988E-016  -145273728643.85742        377786243541.84503        0.0000000000000000      T
          37           9           1   1179.0640843103349        1143.7947141513141        0.0000000000000000        513.87774405418884        293.98412682532762        0.0000000000000000                9           8          36          38   0.0000000000000000        0.0000000000000000        0.0000000000000000       -133325494826.50894        242891992994.80304        0.0000000000000000       5.37491077648110988E-016   211233199276.81915        122299783270.24968        0.0000000000000000      T
          38           9           1   1739.5860058530027        1299.4271423991809        0.0000000000000000        586.42448662154163       -8.2949981876678152       2.13162820728030056E-014           9           8          37          39   0.0000000000000000        0.0000000000000000        0.0000000000000000        14343827457.379726        296930149204.26013        0.0000000000000000       5.37491077648110988E-016   348948061129.71130        85237082235.000488        0.0000000000000000      T
          39           9           1   2290.3619650828105        1114.3566654355820        0.0000000000000000        474.31795177707318       -349.11828022185119        0.0000000000000000                9           8          38          75   0.0000000000000000        0.0000000000000000        0.0000000000000000        233605319442.85699        300464884614.94019        0.0000000000000000       5.37491077648110988E-016   362614878313.40283       -85198366666.676300        0.0000000000000000      T
          40          10           2  -1425.3827500776383       -2206.9837292861193        0.0000000000000000        491.79546312027657        411.47613053360368       5.70561151397785896E-014          10          10          -1          41   0.0000000000000000        0.0000000000000000        0.0000000000000000        0.0000000000000000        0.0000000000000000        0.0000000000000000       5.37491077648110988E-016   710754559744.28027       -713837219945.39465        0.0000000000000000      T
          41          10           1  -961.50136590871546       -1764.2767777186987        0.0000000000000000        457.07224087895696        448.71187093971616      -2.84217094304040074E-014          10          10          40          42   0.0000000000000000        0.0000000000000000        0.0000000000000000       -31384958209.537300        32033810577.904305        0.0000000000000000       5.37491077648110988E-016   86297992457.229034       -75308575904.541092        0.0000000000000000      T
          42          10           1  -492.14115298397701       -1330.0070446798481        0.0000000000000000        479.64036464487907        424.60643952634530       2.84217094304040074E-014          10          10          41          43   0.0000000000000000        0.0000000000000000        0.0000000000000000        89587336.048424914       -96890993.896439746        0.0000000000000000       5.37491077648110988E-016  -1047749351.2550704        796303083.16673899        0.0000000000000000      T
          43          10           1  -29.022313323356144       -888.12958113909656        0.0000000000000000        421.80345829760461        481.30396069370755      -2.84217094304040074E-014          10          10          42          44   0.0000000000000000        0.0000000000000000        0.0000000000000000        17496596567.482166       -18981223263.017849        0.0000000000000000       5.37491077648110988E-016  -205569643691.68192        156251680536.58429        0.0000000000000000      T
          44          10           1   349.79834492752349       -370.22955915741875        0.0000000000000000        358.96429589920501        529.51017426611202        0.0000000000000000               10          10          43          60   0.0000000000000000        0.0000000000000000        0.0000000000000000       -29965400909.335682        20941599312.413559        0.0000000000000000       5.37491077648110988E-016   163828683249.65674       -121459175826.06180        0.0000000000000000      T
          45          11           2  -323.04400819254818       -1511.0424690182554        0.0000000000000000       -324.98371072554312        30.826953155413324       1.47183529208555190E-014          11          10          -1          46   0.0000000000000000        0.0000000000000000        0.0000000000000000        0.0000000000000000        0.0000000000000000        0.0000000000000000       5.37491077648110988E-016  -2371457961946.0142        2940251443523.4912        0.0000000000000000      T
          46          11           1  -601.49589988258344       -1681.4222133895578        0.0000000000000000       -243.35630197904163       -269.34471814385910       1.42108547152020037E-014          11          10          45          47   0.0000000000000000        0.0000000000000000        0.0000000000000000        57912038484.915833       -129078362313.40448        0.0000000000000000       5.37491077648110988E-016  -604015299799.21533       -55161350625.732147        0.0000000000000000      T
          47          11           1  -848.74872938524345       -1911.2250170664302        0.0000000000000000       -278.70524493637782       -153.99572472450140        0.0000000000000000               11          10          46          48   0.0000000000000000        0.0000000000000000        0.0000000000000000        386364213346.83630       -433175678174.05151        0.0000000000000000       5.37491077648110988E-016  -316043208414.45032       -461675732063.61206        0.0000000000000000      T
          48          11           1  -1153.5677432807190       -2052.2449544585688        0.0000000000000000       -298.03824846985594       -227.14060616516835       2.84217094304040074E-014          11          10          47          49   0.0000000000000000        0.0000000000000000        0.0000000000000000       -329280752931.62451        537108485040.45276        0.0000000000000000       5.37491077648110988E-016   2815922627559.0645       -3744466972676.5293        0.0000000000000000      T
          49          11           2  -1425.3827500766492       -2206.9837292854208        0.0000000000000000       -259.04382325841436        175.28201272820274      -2.64889473884420355E-014          11          10          48          -1   0.0000000000000000        0.0000000000000000        0.0000000000000000        0.0000000000000000        0.0000000000000000        0.0000000000000000       5.37491077648110988E-016  -5549019586729.7588        6925355494507.2529        0.0000000000000000      T
          50          12           2   706.30269769742063        155.32442096946738        0.0000000000000000       -439.34879980674708       -192.71629312698010       2.16074430179748570E-014          12          10          -1          51   0.0000000000000000        0.0000000000000000        0.0000000000000000        0.0000000000000000        0.0000000000000000        0.0000000000000000       5.37491077648110988E-016  -7085421604137.4248        2042878731880.5544        0.0000000000000000      T
          51          12           1   503.14492347741054       -279.29478742128549        0.0000000000000000       -194.28037955381294       -470.92275263229726        0.0000000000000000               12          10          50          52   0.0000000000000000        0.0000000000000000        0.0000000000000000        295345125909.82678       -124882308618.61325        0.0000000000000000       5.37491077648110988E-016  -798097448943.25757       -407188200121.47198        0.0000000000000000      T
          52          12           1   195.44097639393198       -662.51698350287415        0.0000000000000000       -316.11484588846736       -377.11690976085583      -2.84217094304040074E-014          12          10          51          53   0.0000000000000000        0.0000000000000000        0.0000000000000000       -143869866342.46356        128294032266.08084        0.0000000000000000       5.37491077648110988E-016  -240200741425.07770       -46557833085.146957        0.0000000000000000      T
          53          12           1  -73.095445681203444       -1080.4942080431802        0.0000000000000000       -269.98134436815940       -424.20787018996396       2.84217094304040074E-014          12          10          52          54   0.0000000000000000        0.0000000000000000        0.0000000000000000        222530637022.09027       -136949444373.04788        0.0000000000000000       5.37491077648110988E-016   105672471474.53259        18175690575.465378        0.0000000000000000      T
          54          12           2  -323.04400819248940       -1511.0424690179063        0.0000000000000000       -159.41473039815909       -471.62806602438474      -2.80788583254267785E-014          12          10          53          -1   0.0000000000000000        0.0000000000000000        0.0000000000000000        0.0000000000000000        0.0000000000000000        0.0000000000000000       5.37491077648110988E-016   700830243605.35266       -373065405548.16345        0.0000000000000000      T
          55          14           2   237.24325308322011        3539.9496993898283        0.0000000000000000       -485.88312275205408        496.64665398277236        0.0000000000000000                1          11          99          62   0.0000000000000000        0.0000000000000000        0.0000000000000000        0.0000000000000000        0.0000000000000000        0.0000000000000000       5.37491077648110988E-016   0.0000000000000000        0.0000000000000000        0.0000000000000000      T
          56           2           1  -2.4068918398622827       -2066.1423329697436        0.0000000000000000        1.1072328657458570       -744.99035099262369        0.0000000000000000                2          11           6          57   0.0000000000000000        0.0000000000000000        0.0000000000000000        151040993113.04099        4561264961.9057541        0.0000000000000000       5.37491077648110988E-016  -473643824161.46649       -135162551584.81494        0.0000000000000000      T
          57           2           1  -256.49999873124955       -2696.4847051000729        0.0000000000000000       -444.13960113816290       -529.62202903165803       1.13686837721616030E-013           2          11          56         110   0.0000000000000000        0.0000000000000000        0.0000000000000000        165236693486.29675       -151508013326.90366        0.0000000000000000       5.37491077648110988E-016  -170229122038.04306       -277185837102.03705        0.0000000000000000      T
          58           4           2   706.30269769648964        155.32442096853606        0.0000000000000000        351.71799010638381        538.27422495807411      -2.85647660044163404E-014           4           7          16          -1   0.0000000000000000        0.0000000000000000        0.0000000000000000        0.0000000000000000        0.0000000000000000        0.0000000000000000       5.37491077648110988E-016   45777366786.034546       -29749022391.575832        0.0000000000000000      T
          59          13           2   316.43247488864597        3439.4180844261232        0.0000000000000000       -670.04890956739837        380.69768993862937        0.0000000000000000                7           8          31          61   0.0000000000000000        0.0000000000000000        0.0000000000000000        0.0000000000000000        0.0000000000000000        0.0000000000000000       5.37491077648110988E-016   0.0000000000000000        0.0000000000000000        0.0000000000000000      T
          60          10           2   706.30269769648964        155.32442096853606        0.0000000000000000        348.31439116511251        531.01734856474252      -2.83018857428734145E-014          10          10          44          -1   0.0000000000000000        0.0000000000000000        0.0000000000000000        0.0000000000000000        0.0000000000000000        0.0000000000000000       5.37491077648110988E-016  -209104304712.73282        135850390792.18575        0.0000000000000000      T
          61          13           2  -144.68149821239390       -557.80817822518145        0.0000000000000000       -324.21331462742580        686.64540105470394        0.0000000000000000               16           8          59          63   0.0000000000000000        0.0000000000000000        0.0000000000000000        0.0000000000000000        0.0000000000000000        0.0000000000000000       5.37491077648110988E-016   0.0000000000000000        0.0000000000000000        0.0000000000000000      T
          62          14           2  -161.49366682966595       -466.84215180135789        0.0000000000000000       -352.99615385954786        555.88150643221024        0.0000000000000000               17          11          55          64   0.0000000000000000        0.0000000000000000        0.0000000000000000        0.0000000000000000        0.0000000000000000        0.0000000000000000       5.37491077648110988E-016   0.0000000000000000        0.0000000000000000        0.0000000000000000      T
          63          13           2  -429.68830351859185        32.180210781038710        0.0000000000000000       -307.25040409601161        647.63637227801939        0.0000000000000000               16           8          61          65   0.0000000000000000        0.0000000000000000        0.0000000000000000        0.0000000000000000        0.0000000000000000        0.0000000000000000       5.37491077648110988E-016   0.0000000000000000        0.0000000000000000        0.0000000000000000      T
          64          14           2  -429.01784566880804        112.90187225953423        0.0000000000000000       -295.67641760815764        594.66406028061192        0.0000000000000000               17          11          62          66   0.0000000000000000        0.0000000000000000        0.0000000000000000        0.0000000000000000        0.0000000000000000        0.0000000000000000       5.37491077648110988E-016   0.0000000000000000        0.0000000000000000        0.0000000000000000      T
          65          13           2   3338.3011482210486       -1586.6425294091111        0.0000000000000000       -44.996408112252084        718.11363472474443        0.0000000000000000                7           8          63          67   0.0000000000000000        0.0000000000000000        0.0000000000000000        0.0000000000000000        0.0000000000000000        0.0000000000000000       5.37491077648110988E-016   0.0000000000000000        0.0000000000000000        0.0000000000000000      T
          66          14           2   3338.4622558819547       -1513.3020702728409        0.0000000000000000        11.998642977135169        670.83014951528924        0.0000000000000000                1          11          64          68   0.0000000000000000        0.0000000000000000        0.0000000000000000        0.0000000000000000        0.0000000000000000        0.0000000000000000       5.37491077648110988E-016   0.0000000000000000        0.0000000000000000        0.0000000000000000      T
          67          13           2   3376.2459956711109       -943.61640553092093        0.0000000000000000        145.52914745416800        679.20533187537603        0.0000000000000000                7           8          65          69   0.0000000000000000        0.0000000000000000        0.0000000000000000        0.0000000000000000        0.0000000000000000        0.0000000000000000       5.37491077648110988E-016   0.0000000000000000        0.0000000000000000        0.0000000000000000      T
          68          14           2   3399.4657614993012       -878.40061620382278        0.0000000000000000        149.12898920107611        646.73865991505420        0.0000000000000000                1          11          66          70   0.0000000000000000        0.0000000000000000        0.0000000000000000        0.0000000000000000        0.0000000000000000        0.0000000000000000       5.37491077648110988E-016   0.0000000000000000        0.0000000000000000        0.0000000000000000      T
          69          13           2   3505.6785829201785       -308.81814843568839        0.0000000000000000        152.49451068451509        629.02276800177003        0.0000000000000000                7           8          67          72   0.0000000000000000        0.0000000000000000        0.0000000000000000        0.0000000000000000        0.0000000000000000        0.0000000000000000       5.37491077648110988E-016   0.0000000000000000        0.0000000000000000        0.0000000000000000      T
          70          14           2  -321.01438982432012       -2519.3342899639069        0.0000000000000000        229.71004320960708        591.98112302690936        0.0000000000000000               18          11          68          73   0.0000000000000000        0.0000000000000000        0.0000000000000000        0.0000000000000000        0.0000000000000000        0.0000000000000000       5.37491077648110988E-016   0.0000000000000000        0.0000000000000000        0.0000000000000000      T
          71           3           1  -1217.8533131019644        2930.5032904510022        0.0000000000000000        264.24969336056017       -534.45934248286881        0.0000000000000000               13          11          11          79   0.0000000000000000        0.0000000000000000        0.0000000000000000        196736159722.76892        150710914955.84698        0.0000000000000000       5.37491077648110988E-016  -423438566469.15210       -530457389074.86707        0.0000000000000000      T
          72          13           2  -212.62482592527886       -1962.9545736352384        0.0000000000000000        279.65325443062125        586.82987219151357        0.0000000000000000               15           8          69          74   0.0000000000000000        0.0000000000000000        0.0000000000000000        0.0000000000000000        0.0000000000000000        0.0000000000000000       5.37491077648110988E-016   0.0000000000000000        0.0000000000000000        0.0000000000000000      T
          73          14           2  -122.41115195577788       -1921.4772492327347        0.0000000000000000        211.05765578444755        610.97180234193024        0.0000000000000000               18          11          70          76   0.0000000000000000        0.0000000000000000        0.0000000000000000        0.0000000000000000        0.0000000000000000        0.0000000000000000       5.37491077648110988E-016   0.0000000000000000        0.0000000000000000        0.0000000000000000      T
          74          13           2   34.635802857368162       -1383.9569571194604        0.0000000000000000        311.40732707962843        581.33958904067720        0.0000000000000000               15           8          72          77   0.0000000000000000        0.0000000000000000        0.0000000000000000        0.0000000000000000        0.0000000000000000        0.0000000000000000       5.37491077648110988E-016   0.0000000000000000        0.0000000000000000        0.0000000000000000      T
          75           9           1  -1247.3755846517076        2912.5480808172365        0.0000000000000000        292.68439567153655       -532.38243908042239        0.0000000000000000               14           8          39          81   0.0000000000000000        0.0000000000000000        0.0000000000000000        252741165038.21881        163810172050.18777        0.0000000000000000       5.37491077648110988E-016  -154459193114.15155       -350204542078.76978        0.0000000000000000      T
          76          14           2   119.37268295200789       -1313.6043297030324        0.0000000000000000        279.72033236583576        578.82250043848069        0.0000000000000000               18          11          73          78   0.0000000000000000        0.0000000000000000        0.0000000000000000        0.0000000000000000        0.0000000000000000        0.0000000000000000       5.37491077648110988E-016   0.0000000000000000        0.0000000000000000        0.0000000000000000      T
          77          13           2   368.48682912642533       -816.25764149081101        0.0000000000000000        389.23593501298467        547.33136184144530        0.0000000000000000               15           8          74          80   0.0000000000000000        0.0000000000000000        0.0000000000000000        0.0000000000000000        0.0000000000000000        0.0000000000000000       5.37491077648110988E-016   0.0000000000000000        0.0000000000000000        0.0000000000000000      T
          78          14           2   445.15336860244764       -776.45678486077418        0.0000000000000000        382.41748488341199        520.25460530965461        0.0000000000000000               18          11          76          82   0.0000000000000000        0.0000000000000000        0.0000000000000000        0.0000000000000000        0.0000000000000000        0.0000000000000000       5.37491077648110988E-016   0.0000000000000000        0.0000000000000000        0.0000000000000000      T
          79           3           1  -1031.8380819292390        2370.6685502071105        0.0000000000000000        90.503689315465522       -576.82294748307697        0.0000000000000000               13          11          71          85   0.0000000000000000        0.0000000000000000        0.0000000000000000        451524108101.67517        73946282605.939117        0.0000000000000000       5.37491077648110988E-016  -195285132263.75293       -252429696678.53986        0.0000000000000000      T
          80          13           2   805.16145905371650       -331.83968916609831        0.0000000000000000        486.04926068486361        452.46844218586739        0.0000000000000000               15           8          77          83   0.0000000000000000        0.0000000000000000        0.0000000000000000        0.0000000000000000        0.0000000000000000        0.0000000000000000       5.37491077648110988E-016   0.0000000000000000        0.0000000000000000        0.0000000000000000      T
          81           9           1  -1025.7203591424895        2350.4455614372646        0.0000000000000000        143.96295377638134       -589.59864886107664        0.0000000000000000               14           8          75          87   0.0000000000000000        0.0000000000000000        0.0000000000000000        386348528863.63757        81456777584.145813        0.0000000000000000       5.37491077648110988E-016  -75682492185.508377       -365355199695.72363        0.0000000000000000      T
          82          14           2   901.72519296588484       -295.52527122830827        0.0000000000000000        496.86902053853794        455.54340272668446        0.0000000000000000               18          11          78          84   0.0000000000000000        0.0000000000000000        0.0000000000000000        0.0000000000000000        0.0000000000000000        0.0000000000000000       5.37491077648110988E-016   0.0000000000000000        0.0000000000000000        0.0000000000000000      T
          83          13           2   1328.7062387599467        34.471835407194675        0.0000000000000000        506.51168116193145        401.57605465579331        0.0000000000000000               15           8          80          86   0.0000000000000000        0.0000000000000000        0.0000000000000000        0.0000000000000000        0.0000000000000000        0.0000000000000000       5.37491077648110988E-016   0.0000000000000000        0.0000000000000000        0.0000000000000000      T
          84          14           2   1429.8634537578982        90.262784707971804        0.0000000000000000        532.88172401937061        359.03351527920472        0.0000000000000000               18          11          82          88   0.0000000000000000        0.0000000000000000        0.0000000000000000        0.0000000000000000        0.0000000000000000        0.0000000000000000       5.37491077648110988E-016   0.0000000000000000        0.0000000000000000        0.0000000000000000      T
          85           3           1  -1008.5955953085154        1788.4559938966190        0.0000000000000000        1.5087027579248744       -584.39075724797260        0.0000000000000000               13          11          79          89   0.0000000000000000        0.0000000000000000        0.0000000000000000        195803914498.17841        24564599624.399307        0.0000000000000000       5.37491077648110988E-016   912010793.92891407       -51154721255.339027        0.0000000000000000      T
          86          13           2   1856.5669020468411        407.02046036681350        0.0000000000000000        511.77619975569627        372.34680780762670        0.0000000000000000               15           8          83          90   0.0000000000000000        0.0000000000000000        0.0000000000000000        0.0000000000000000        0.0000000000000000        0.0000000000000000       5.37491077648110988E-016   0.0000000000000000        0.0000000000000000        0.0000000000000000      T
          87           9           1  -963.72914476663595        1747.5668893954937        0.0000000000000000       -17.596891121845495       -604.16653974049973        0.0000000000000000               14           8          81          95   0.0000000000000000        0.0000000000000000        0.0000000000000000        416901093666.56042       -671370364.18234634        0.0000000000000000       5.37491077648110988E-016  -285260654934.31982       -237624385965.27045        0.0000000000000000      T
          88          14           2   1964.3147143541448        428.99531942203191        0.0000000000000000        526.86593224430078        366.95400030951822        0.0000000000000000               18          11          84          91   0.0000000000000000        0.0000000000000000        0.0000000000000000        0.0000000000000000        0.0000000000000000        0.0000000000000000       5.37491077648110988E-016   0.0000000000000000        0.0000000000000000        0.0000000000000000      T
          89           3           1  -1014.8206725184275        1204.9272697805809        0.0000000000000000       -45.486272114731811       -582.83786480462277        0.0000000000000000               13          11          85          97   0.0000000000000000        0.0000000000000000        0.0000000000000000        244130874217.16110       -56349670617.423546        0.0000000000000000       5.37491077648110988E-016  -66483009972.803101       -180653363361.96451        0.0000000000000000      T
          90          13           2  -1518.4174546643428        3010.0704827947425        0.0000000000000000        620.88117486190367        281.86140615352195        0.0000000000000000                7           8          86          92   0.0000000000000000        0.0000000000000000        0.0000000000000000        0.0000000000000000        0.0000000000000000        0.0000000000000000       5.37491077648110988E-016   0.0000000000000000        0.0000000000000000        0.0000000000000000      T
          91          14           2  -1392.5600435270871        3030.2626234454865        0.0000000000000000        601.51533652527394        271.44253411552387        0.0000000000000000                1          11          88          96   0.0000000000000000        0.0000000000000000        0.0000000000000000        0.0000000000000000        0.0000000000000000        0.0000000000000000       5.37491077648110988E-016   0.0000000000000000        0.0000000000000000        0.0000000000000000      T
          92          13           2  -887.74699913153040        3247.3612303550126        0.0000000000000000        680.73167172091291        131.34980736941279        0.0000000000000000                7           8          90          98   0.0000000000000000        0.0000000000000000        0.0000000000000000        0.0000000000000000        0.0000000000000000        0.0000000000000000       5.37491077648110988E-016   0.0000000000000000        0.0000000000000000        0.0000000000000000      T
          93           8           1  -377.98920275254056       -2920.9423152790532        0.0000000000000000       -503.07331318797640       -345.54082350122849      -2.84217094304040074E-014           8           8          34          94   0.0000000000000000        0.0000000000000000        0.0000000000000000        122639416946.90030       -160528911786.81146        0.0000000000000000       5.37491077648110988E-016  -432749929912.87170        243952039506.08441        0.0000000000000000      T
          94           8           1  -947.81195663763788       -3094.1406456982704        0.0000000000000000       -606.11672931878240        52.644186912678556      -3.55271367880050093E-015           8           8          93         126   0.0000000000000000        0.0000000000000000        0.0000000000000000       -12538896672.749491       -269912873570.81927        0.0000000000000000       5.37491077648110988E-016  -415231233263.13232        78069041002.042114        0.0000000000000000      T
          95           9           1  -1047.4378144333473        1155.1256784323900        0.0000000000000000       -138.72775516157259       -579.69484119154697      -5.68434188608080149E-014          14           8          87         102   0.0000000000000000        0.0000000000000000        0.0000000000000000        379580334836.88898       -88975137808.397110        0.0000000000000000       5.37491077648110988E-016   10521891399.517563       -281643471871.01483        0.0000000000000000      T
          96          14           2  -799.36102368787203        3289.6930765341240        0.0000000000000000        647.75562627571856        176.61005845014904        0.0000000000000000                1          11          91          99   0.0000000000000000        0.0000000000000000        0.0000000000000000        0.0000000000000000        0.0000000000000000        0.0000000000000000       5.37491077648110988E-016   0.0000000000000000        0.0000000000000000        0.0000000000000000      T
          97           3           1  -1138.8477172993303        634.02401243623899        0.0000000000000000       -210.31998027144232       -547.55372791467516      -5.68434188608080149E-014          13          11          89         100   0.0000000000000000        0.0000000000000000        0.0000000000000000        375195140672.00757       -144767618721.22900        0.0000000000000000       5.37491077648110988E-016  -267180880989.95941       -149463892943.10565        0.0000000000000000      T
          98          13           2  -245.70506486579859        3305.4904121763502        0.0000000000000000        669.27733872130102       -18.815731422004419        0.0000000000000000                7           8          92         101   0.0000000000000000        0.0000000000000000        0.0000000000000000        0.0000000000000000        0.0000000000000000        0.0000000000000000       5.37491077648110988E-016   0.0000000000000000        0.0000000000000000        0.0000000000000000      T
          99          14           2  -143.58493754285701        3375.2641869214099        0.0000000000000000        678.85552337709510        41.902235699933321        0.0000000000000000                1          11          96          55   0.0000000000000000        0.0000000000000000        0.0000000000000000        0.0000000000000000        0.0000000000000000        0.0000000000000000       5.37491077648110988E-016   0.0000000000000000        0.0000000000000000        0.0000000000000000      T
         100           3           1  -1417.2439610188335        114.77147537525343        0.0000000000000000       -320.50367230071498       -497.41460675265904       2.84217094304040074E-014          13          11          97         103   0.0000000000000000        0.0000000000000000        0.0000000000000000        344989770044.00952       -225863304160.53534        0.0000000000000000       5.37491077648110988E-016  -3170486158.1178436       -311527858744.11365        0.0000000000000000      T
         101          13           2   410.43166255592450        3238.9745802429425        0.0000000000000000        695.29256627423035       -134.86791524989965        0.0000000000000000                7           8          98          31   0.0000000000000000        0.0000000000000000        0.0000000000000000        0.0000000000000000        0.0000000000000000        0.0000000000000000       5.37491077648110988E-016   0.0000000000000000        0.0000000000000000        0.0000000000000000      T
         102           9           1  -1236.6991040523080        593.53966718727224        0.0000000000000000       -246.40196608888107       -539.13576211797658        0.0000000000000000               14           8          95         105   0.0000000000000000        0.0000000000000000        0.0000000000000000        370357442757.24207       -177664025471.55737        0.0000000000000000       5.37491077648110988E-016   106003766990.87640       -301360569067.86652        0.0000000000000000      T
         103           3           1  -1773.0936554863531       -351.79656421633308        0.0000000000000000       -410.40314508676556       -420.24957503240563      -8.52651282912120223E-014          13          11         100         106   0.0000000000000000        0.0000000000000000        0.0000000000000000        308106113466.53369       -290438651071.11786        0.0000000000000000       5.37491077648110988E-016  -115427946263.67593       -98077814726.729080        0.0000000000000000      T
         104           7           1   1440.9473065080101        3001.2379802854048        0.0000000000000000       -146.32809340094599       -312.83951463858568       1.42108547152020037E-014           7           8          30         107   0.0000000000000000        0.0000000000000000        0.0000000000000000        1284018270211.4390       -615387663164.07678        0.0000000000000000       5.37491077648110988E-016   3222867123477.8389        4153861260192.3809        0.0000000000000000      T
         105           9           1  -1544.2844005691950        88.134773074792292        0.0000000000000000       -366.20413889044625       -464.73482640934049        0.0000000000000000               14           8         102         108   0.0000000000000000        0.0000000000000000        0.0000000000000000        330489624312.07391       -248417796904.02014        0.0000000000000000       5.37491077648110988E-016  -326006519994.26233        6058684363.0760193        0.0000000000000000      T
         106           3           1  -2230.9661778252539       -720.74694907690764        0.0000000000000000       -479.05039777148392       -328.14236647420176        0.0000000000000000               13          11         103         112   0.0000000000000000        0.0000000000000000        0.0000000000000000        154170753581.32916       -172351508228.77554        0.0000000000000000       5.37491077648110988E-016  -297674870811.07617        184121971047.69403        0.0000000000000000      T
         107           7           1   1683.2953139968442        2536.4860041479660        0.0000000000000000        368.82352303810330       -516.39470210416005        0.0000000000000000                7           8         104         113   0.0000000000000000        0.0000000000000000        0.0000000000000000        404875602696.29248        282832917222.57532        0.0000000000000000       5.37491077648110988E-016  -1320195494222.9746       -624918257925.12085        0.0000000000000000      T
         108           9           1  -1955.4030554787789       -338.21292645920926        0.0000000000000000       -444.89333262874715       -397.18271318410467      -2.84217094304040074E-014          14           8         105         114   0.0000000000000000        0.0000000000000000        0.0000000000000000        261890784745.04144       -294457747982.23047        0.0000000000000000       5.37491077648110988E-016  -372830187164.59741        89931247324.287720        0.0000000000000000      T
         109           1           1   1405.3453468055397        2740.7178033561058        0.0000000000000000        438.51976329837089       -517.91321618463246      -2.84217094304040074E-014           1          11           5         115   0.0000000000000000        0.0000000000000000        0.0000000000000000        174507163773.53986        250057472336.17798        0.0000000000000000       5.37491077648110988E-016   1105197323618.2405       -244374929843.61752        0.0000000000000000      T
         110           2           1  -826.06951724137741       -3065.3501272318094        0.0000000000000000       -695.53670451764037       -134.14491566694124        0.0000000000000000                2          11          57         111   0.0000000000000000        0.0000000000000000        0.0000000000000000        13914602797.568403       -212798793654.94891        0.0000000000000000       5.37491077648110988E-016  -339945790512.92810       -717084063335.58167        0.0000000000000000      T
         111           2           1  -1455.9566317989868       -2871.2404517750483        0.0000000000000000       -372.08347999448586        541.93445167449818        0.0000000000000000                2          11         110         129   0.0000000000000000        0.0000000000000000        0.0000000000000000       -88697842927.514893       -119366339422.92734        0.0000000000000000       5.37491077648110988E-016   81893762420.789032        845325944409.52747        0.0000000000000000      T
         112           3           1  -2713.4896284937008       -1024.7850604030114        0.0000000000000000       -494.58318284934217       -286.14644763082333       5.68434188608080149E-014          13          11         106         116   0.0000000000000000        0.0000000000000000        0.0000000000000000        47511450160.962708       -179881995270.06915        0.0000000000000000       5.37491077648110988E-016  -52451888256.973648       -377018122402.01422        0.0000000000000000      T
         113           7           1   1927.1518458699534        2035.9105731182563        0.0000000000000000        129.64761933436264       -517.56389844621992        0.0000000000000000                7           8         107         117   0.0000000000000000        0.0000000000000000        0.0000000000000000        297391700674.97278        77870541793.463043        0.0000000000000000       5.37491077648110988E-016  -502231823919.21912       -388666448711.23596        0.0000000000000000      T
         114           9           1  -2431.3663041389987       -695.59848305736205        0.0000000000000000       -515.46824130397749       -297.73408925070180        0.0000000000000000               14           8         108         118   0.0000000000000000        0.0000000000000000        0.0000000000000000        191710949429.02878       -352746394610.84100        0.0000000000000000       5.37491077648110988E-016  -94805605393.751755       -408380399908.12567        0.0000000000000000      T
         115           1           1   1742.7380046144933        2257.6964080615589        0.0000000000000000        246.48129721340104       -510.09817566524771        0.0000000000000000                1          11         109         119   0.0000000000000000        0.0000000000000000        0.0000000000000000        314706951760.21497        165169999207.20917        0.0000000000000000       5.37491077648110988E-016   165556505717.25690       -232600344551.48947        0.0000000000000000      T
         116           3           1  -3233.7496158557169       -1253.8477416949236        0.0000000000000000       -550.96718492253751       -126.57422085655264      -1.42108547152020037E-014          13          11         112         120   0.0000000000000000        0.0000000000000000        0.0000000000000000        76502212414.244568       -482719826683.69275        0.0000000000000000       5.37491077648110988E-016  -251826804780.47504       -635391014920.71802        0.0000000000000000      T
         117           7           1   1973.7759305072764        1487.6610985219877        0.0000000000000000       -15.972150844256738       -559.82442098889760       5.68434188608080149E-014           7           8         113         121   0.0000000000000000        0.0000000000000000        0.0000000000000000        368933499760.33862       -6144222812.2002592        0.0000000000000000       5.37491077648110988E-016   46891976498.788757       -225475415280.67444        0.0000000000000000      T
         118           9           1  -2984.8949521968148       -910.08910461065170        0.0000000000000000       -581.70939230944964       -127.50946426741626      -3.90798504668055102E-014          14           8         114         122   0.0000000000000000        0.0000000000000000        0.0000000000000000        87676997683.913269       -236723844929.95114        0.0000000000000000       5.37491077648110988E-016   9460499518.7345390       -482910675216.80310        0.0000000000000000      T
         119           1           1   1905.5039062821750        1688.9058362955225        0.0000000000000000        76.030726277931905       -597.12998233612541        0.0000000000000000                1          11         115         123   0.0000000000000000        0.0000000000000000        0.0000000000000000        272841029682.39453        41037123739.832550        0.0000000000000000       5.37491077648110988E-016   56532364636.237198       -113082324187.50955        0.0000000000000000      T
         120           3           1  -3804.7190928634850       -1252.7793586279481        0.0000000000000000       -575.23647056986238        108.46043638222507      -2.84217094304040074E-014          13          11         116         124   0.0000000000000000        0.0000000000000000        0.0000000000000000       -64973983604.709610       -476216390855.95776        0.0000000000000000       5.37491077648110988E-016  -381206527249.43311        382792041451.80139        0.0000000000000000      T
         121           7           1   1898.7990023561770        938.03297542431619        0.0000000000000000       -150.81754649866355       -536.77121068000872       5.68434188608080149E-014           7           8         117         125   0.0000000000000000        0.0000000000000000        0.0000000000000000        266333238556.90240       -74345448041.924866        0.0000000000000000       5.37491077648110988E-016   173633664506.37714       -255379133310.99454        0.0000000000000000      T
         122           9           1  -3580.7629546996604       -972.02397193597790        0.0000000000000000       -605.88414114020895       -21.504520315482090       3.55271367880050093E-015          14           8         118         127   0.0000000000000000        0.0000000000000000        0.0000000000000000       -22278402555.728626       -128360543394.79294        0.0000000000000000       5.37491077648110988E-016  -101137373468.62083       -139887741309.01117        0.0000000000000000      T
         123           1           1   1887.5043007528197        1098.6786077384115        0.0000000000000000       -116.30531391014938       -578.43529595969096        0.0000000000000000                1          11         119         128   0.0000000000000000        0.0000000000000000        0.0000000000000000        251765322451.58487       -49492182713.256699        0.0000000000000000       5.37491077648110988E-016  -15885810798.532749       -83822138292.357880        0.0000000000000000      T
         124           3           1   3471.0122237168603       -1050.1768007819608        0.0000000000000000       -508.33233591128436        303.74529806654147      -5.68434188608080149E-014          13          11         120         130   0.0000000000000000        0.0000000000000000        0.0000000000000000       -187598041136.96167       -346419509417.29309        0.0000000000000000       5.37491077648110988E-016   80362996588.084290        967961310328.17798        0.0000000000000000      T
         125           7           1   1657.7411964626931        437.68202508997848        0.0000000000000000       -328.86186529484036       -443.02795658709340       2.84217094304040074E-014           7           8         121         131   0.0000000000000000        0.0000000000000000        0.0000000000000000        192328879148.60257       -128838993590.47002        0.0000000000000000       5.37491077648110988E-016  -577438130018.11511        102498992805.37285        0.0000000000000000      T
         126           8           1  -1446.1866628796326       -2791.2204622569238        0.0000000000000000       -277.05214991817047        524.12963491690107       2.84217094304040074E-014           8           8          94         139   0.0000000000000000        0.0000000000000000        0.0000000000000000       -98569844906.757690       -66084028176.560623        0.0000000000000000       5.37491077648110988E-016   100445405724.72549        371305582585.91852        0.0000000000000000      T
         127           9           1   3645.2277922555895       -937.39382283307395        0.0000000000000000       -578.91673160350604        131.61339086207920      -2.84217094304040074E-014          14           8         122         132   0.0000000000000000        0.0000000000000000        0.0000000000000000       -111755338291.47552       -332725201458.14526        0.0000000000000000       5.37491077648110988E-016  -304630756779.26581       -127883887409.96916        0.0000000000000000      T
         128           1           1   1672.4070183741073        552.72009533344874        0.0000000000000000       -310.10013436153656       -497.68605671133110      -2.84217094304040074E-014           1          11         123         133   0.0000000000000000        0.0000000000000000        0.0000000000000000        185621607558.62851       -115804531038.38556        0.0000000000000000       5.37491077648110988E-016  -135218131099.73456       -30880979950.961182        0.0000000000000000      T
         129           2           2  -1425.3827500766492       -2206.9837292854208        0.0000000000000000        385.93092598976870        541.50630280811436        0.0000000000000000                2          11         111          -1   0.0000000000000000        0.0000000000000000        0.0000000000000000        0.0000000000000000        0.0000000000000000        0.0000000000000000       5.37491077648110988E-016   355840811943.36761       -9073658480.0937119        0.0000000000000000      T
         130           3           1   3056.3558272753680       -641.83351118132259        0.0000000000000000       -282.74034719944382        509.39591369148701        0.0000000000000000               13          11         124         134   0.0000000000000000        0.0000000000000000        0.0000000000000000       -285963207655.45313       -182168170721.96997        0.0000000000000000       5.37491077648110988E-016  -45678149487.514954        596480816070.10938        0.0000000000000000      T
         131           7           1   1227.1182010730856        100.87588646860061        0.0000000000000000       -548.77739617125121       -202.58822983876317       1.42108547152020037E-014           7           8         125         135   0.0000000000000000        0.0000000000000000        0.0000000000000000        69923047345.093384       -147999069292.35501        0.0000000000000000       5.37491077648110988E-016  -108597255464.81662       -192053357290.22519        0.0000000000000000      T
         132           9           1   3141.2428516202708       -653.91008129865531        0.0000000000000000       -386.96243531697547        449.39262877913302        0.0000000000000000               14           8         127         136   0.0000000000000000        0.0000000000000000        0.0000000000000000       -225798099906.70221       -233176421429.83502        0.0000000000000000       5.37491077648110988E-016  -267038134102.13324        383963771670.35968        0.0000000000000000      T
         133           1           1   1250.5454490247346        151.26692666374424        0.0000000000000000       -554.17070382795987       -273.05552041898659        0.0000000000000000                1          11         128         137   0.0000000000000000        0.0000000000000000        0.0000000000000000        73846014677.623825       -147985049165.45319        0.0000000000000000       5.37491077648110988E-016  -7399642949.9336185       -206436303392.38831        0.0000000000000000      T
         134           3           1   2939.4970926145265       -73.577494973841340        0.0000000000000000        44.748331402059016        588.46896459186723       2.84217094304040074E-014          13          11         130         138   0.0000000000000000        0.0000000000000000        0.0000000000000000       -250115965707.47476        11666890121.799191        0.0000000000000000       5.37491077648110988E-016  -156793606228.34937        327594621861.01709        0.0000000000000000      T
         135           7           2   706.30269769649021        155.32442096853498        0.0000000000000000       -330.34404631876225        406.30806357781495        0.0000000000000000                7           8         131          -1   0.0000000000000000        0.0000000000000000        0.0000000000000000        0.0000000000000000        0.0000000000000000        0.0000000000000000       5.37491077648110988E-016   197185139005.91736        321572451321.80206        0.0000000000000000      T
         136           9           1   2926.7443450751912       -96.804058767390870        0.0000000000000000       -28.683868669787643        592.58538621843820        0.0000000000000000               14           8         132         140   0.0000000000000000        0.0000000000000000        0.0000000000000000       -237711493066.53906       -18297571573.754745        0.0000000000000000       5.37491077648110988E-016   50848880294.761581        329871939770.84418        0.0000000000000000      T
         137           1           2   706.30269769649021        155.32442096853498        0.0000000000000000       -371.53001235947556        397.72111529253493        0.0000000000000000                1          11         133          -1   0.0000000000000000        0.0000000000000000        0.0000000000000000        0.0000000000000000        0.0000000000000000        0.0000000000000000       5.37491077648110988E-016   196041268941.46469        127089964582.06432        0.0000000000000000      T
         138           3           1  -776.28394628303772       -1790.7803133902657        0.0000000000000000        343.09316183149116        466.40119472387556       4.44089209850062616E-015           3          11         134         141   0.0000000000000000        0.0000000000000000        0.0000000000000000       -143142933576.98083        80212654664.605240        0.0000000000000000       5.37491077648110988E-016   473753963323.96680       -42882031556.468826        0.0000000000000000      T
         139           8           2  -1425.3827500766492       -2206.9837292854208        0.0000000000000000        281.61294867443087        512.30802265826594       2.79317339025018038E-014           8           8         126          -1   0.0000000000000000        0.0000000000000000        0.0000000000000000        0.0000000000000000        0.0000000000000000        0.0000000000000000       5.37491077648110988E-016   199853602817.87411        52432032110.925407        0.0000000000000000      T
         140           9           1  -817.83614956290216       -1804.4239766975629        0.0000000000000000        361.72636736210774        505.23751356005369       1.42108547152020037E-014           9           8         136         142   0.0000000000000000        0.0000000000000000        0.0000000000000000       -152310085011.05811        84075840992.560425        0.0000000000000000       5.37491077648110988E-016   215148551322.77045        152744353396.82404        0.0000000000000000      T
         141           3           2  -323.04400819248940       -1511.0424690179063        0.0000000000000000        532.52117976643001        10.044707790098739       4.12158559059677248E-015           3          11         138          -1   0.0000000000000000        0.0000000000000000        0.0000000000000000        0.0000000000000000        0.0000000000000000        0.0000000000000000       5.37491077648110988E-016   183880966936.14771       -235028731862.00439        0.0000000000000000      T
         142           9           2  -323.04400819248968       -1511.0424690179061        0.0000000000000000        569.67880033381550       -79.737297800537547       1.16223868018232418E-014           9           8         140          -1   0.0000000000000000        0.0000000000000000        0.0000000000000000        0.0000000000000000        0.0000000000000000        0.0000000000000000       5.37491077648110988E-016   475976360270.82422       -630350339435.04553        0.0000000000000000      T
