           1   2378.6246261874257        2378.6246261874257        2378.6246261874257                0
           1   2961.9591195589951        2961.9591195589951        2961.9591195589951                0
           1   4129.2805094669511        4129.2805094669511        4129.2805094669511                1
          13
           2   2378.6246261874257        3154.3753738125743        2378.6246261874257                0
           2   2961.9591195589951        2571.0408804410049        2961.9591195589951                0
           2   4129.2805094669511        1403.7194905330489        4129.2805094669511                0
           3   3154.3753738125743        3154.3753738125743        2378.6246261874257                0
           3   2571.0408804410049        2571.0408804410049        2961.9591195589951                0
           3   1403.7194905330489        1403.7194905330489        4129.2805094669511                0
           4   3154.3753738125743        2378.6246261874257        2378.6246261874257                0
           4   2571.0408804410049        2961.9591195589951        2961.9591195589951                0
           4   1403.7194905330489        4129.2805094669511        4129.2805094669511                0
           1   2284.9471761336181        2284.9471761336176        2284.9471761336176                1
           3
           1           1           2  -1425.3827500776383       -2206.9837292861193        0.0000000000000000       -497.60421037576788       -466.38221258197541        0.0000000000000000                1          11          -1           2   0.0000000000000000        0.0000000000000000        0.0000000000000000        0.0000000000000000        0.0000000000000000        0.0000000000000000       5.37491077648110988E-016   169557178853.74695       -125599316810.09779        0.0000000000000000      T
           2           1           1  -1939.0624323376358       -2414.9471558385649        0.0000000000000000       -528.51363144439938        45.480324925924052      -3.19744231092045084E-014           1          11           1           3   0.0000000000000000        0.0000000000000000        0.0000000000000000       -18299220707.208427       -123227929192.30115        0.0000000000000000       5.37491077648110988E-016  -93285431476.946838       -155629277943.43707        0.0000000000000000      T
           3           1           1  -2430.4409265092991       -2167.2911970835376        0.0000000000000000       -403.51579314161688        403.53850948602593      -5.68434188608080149E-014           1          11           2           4   0.0000000000000000        0.0000000000000000        0.0000000000000000       -172363206687.71027       -145542699037.28876        0.0000000000000000       5.37491077648110988E-016  -53678896750.074463        205535160698.82648        0.0000000000000000      T
           4           1           1  -2701.1663339506740       -1681.1452296014113        0.0000000000000000       -143.73490082825143        541.77141584143294        0.0000000000000000                1          11           3           5   0.0000000000000000        0.0000000000000000        0.0000000000000000       -239592094538.89648       -58488396534.092278        0.0000000000000000       5.37491077648110988E-016  -443497550787.25793        196582861152.54999        0.0000000000000000      T
           5           1           1  -2744.0185255093838       -1120.1629900934331        0.0000000000000000        37.722599454368236        570.76044811855581        0.0000000000000000                1          11           4          59   0.0000000000000000        0.0000000000000000        0.0000000000000000       -215373275337.69733       -12140385028.433100        0.0000000000000000       5.37491077648110988E-016   1258561365131.1750       -88357989626.820038        0.0000000000000000      T
           6           2           2  -323.04400819254818       -1511.0424690182554        0.0000000000000000        874.32011544931015       -485.33550633363291       5.68434188608080149E-014           2          11          -1           7   0.0000000000000000        0.0000000000000000        0.0000000000000000        0.0000000000000000        0.0000000000000000        0.0000000000000000       5.37491077648110988E-016   10999964485980.820       -27951872221.384449        0.0000000000000000      T
           7           2           1  -251.17837398979242       -1965.5944404485422        0.0000000000000000       -305.51368206361656       -461.40545744869922        0.0000000000000000                2          11           6           8   0.0000000000000000        0.0000000000000000        0.0000000000000000       -240395529842.75098       -261654870752.89499        0.0000000000000000       5.37491077648110988E-016   10481379742010.518       -3262309291957.9961        0.0000000000000000      T
           8           2           1  -581.57094775222731       -2412.4648495179231        0.0000000000000000       -427.84620587388184       -373.30980537057320        0.0000000000000000                2          11           7          60   0.0000000000000000        0.0000000000000000        0.0000000000000000       -426663640161.95190        112061797912.34895        0.0000000000000000       5.37491077648110988E-016   4492531455903.3379       -3576685818736.1821        0.0000000000000000      T
           9           3           2   706.30269769742085        155.32442096946727        0.0000000000000000        669.79506174619371        336.30216110567551        0.0000000000000000                3          11          -1          10   0.0000000000000000        0.0000000000000000        0.0000000000000000        0.0000000000000000        0.0000000000000000        0.0000000000000000       5.37491077648110988E-016   2806833664.6654735        184510507274.89996        0.0000000000000000      T
          10           3           1   1264.3656301341211        31.461219133956742        0.0000000000000000        392.27405085013834       -443.29953973797700        0.0000000000000000                3          11           9          11   0.0000000000000000        0.0000000000000000        0.0000000000000000        137947817747.28583        82757390991.827301        0.0000000000000000       5.37491077648110988E-016   263685595254.59155       -214983679236.56256        0.0000000000000000      T
          11           3           1   1461.6825274442908       -528.76390924126656        0.0000000000000000        27.248224093862564       -615.36899278596934        0.0000000000000000                3          11          10          12   0.0000000000000000        0.0000000000000000        0.0000000000000000        210250326354.19958        2977398185.4678593        0.0000000000000000       5.37491077648110988E-016   404890558115.58179       -278378455511.37183        0.0000000000000000      T
          12           3           1  -2551.7859046040376        1131.4110535875247        0.0000000000000000       -212.45609052456479       -571.88835916710298       5.68434188608080149E-014          13          11          11          13   0.0000000000000000        0.0000000000000000        0.0000000000000000        231044074113.59509       -88008421034.109161        0.0000000000000000       5.37491077648110988E-016  -33758728795.671539       -171202310692.52557        0.0000000000000000      T
          13           3           1  -2860.2848108404046        615.38006663350598        0.0000000000000000       -406.06041593418769       -441.15901633096331        0.0000000000000000               13          11          12          75   0.0000000000000000        0.0000000000000000        0.0000000000000000        180016397933.46176       -155927159070.60883        0.0000000000000000       5.37491077648110988E-016  -296703966298.40594       -81540380757.020111        0.0000000000000000      T
          14           4           2  -1425.3827500776383       -2206.9837292861193        0.0000000000000000        851.63345793523945        539.54480712791485        0.0000000000000000                4           7          -1          15   0.0000000000000000        0.0000000000000000        0.0000000000000000        0.0000000000000000        0.0000000000000000        0.0000000000000000       5.37491077648110988E-016   1739559151066.0952       -1999364401513.9548        0.0000000000000000      T
          15           4           1  -939.25139206037522       -1778.3623713451855        0.0000000000000000        392.37046671174573        400.77505206248225      -2.84217094304040074E-014           4           7          14          16   0.0000000000000000        0.0000000000000000        0.0000000000000000       -57353375860.689514        66157240883.962219        0.0000000000000000       5.37491077648110988E-016   1480177046617.6785       -1692582919025.9871        0.0000000000000000      T
          16           4           1  -438.63287349378476       -1359.1320648370595        0.0000000000000000        539.13430496933836        400.90997796933561        0.0000000000000000                4           7          15          17   0.0000000000000000        0.0000000000000000        0.0000000000000000       -53499814315.497528        64728310646.717117        0.0000000000000000       5.37491077648110988E-016   395857117453.97461       -451422776940.86841        0.0000000000000000      T
          17           4           1   61.184452913637614       -943.69262651871531        0.0000000000000000        452.39984833294011        499.59427053958518      -2.84217094304040074E-014           4           7          16          18   0.0000000000000000        0.0000000000000000        0.0000000000000000        362520009612.03003       -178068065977.49341        0.0000000000000000       5.37491077648110988E-016   2874420415338.9609       -1841303603482.8623        0.0000000000000000      T
          18           4           1   387.66995201207442       -388.54253782979367        0.0000000000000000        130.17477821647901        512.48152089412167        0.0000000000000000                4           7          17          62   0.0000000000000000        0.0000000000000000        0.0000000000000000        170752753335.11499       -105461949388.22141        0.0000000000000000       5.37491077648110988E-016   6954875636118.5059       -3840832165678.5537        0.0000000000000000      T
          19           5           2  -323.04400819254818       -1511.0424690182554        0.0000000000000000       -134.44371717387526       -784.47945944459616        0.0000000000000000                5           7          -1          20   0.0000000000000000        0.0000000000000000        0.0000000000000000        0.0000000000000000        0.0000000000000000        0.0000000000000000       5.37491077648110988E-016   6894297304968.9453       -7665296308411.5566        0.0000000000000000      T
          20           5           1  -597.85390601190397       -1642.2441198421823        0.0000000000000000       -305.32060967401446       -1.1106232861476144      -4.26325641456060112E-014           5           7          19          21   0.0000000000000000        0.0000000000000000        0.0000000000000000       -677745438253.71875        779318863860.32007        0.0000000000000000       5.37491077648110988E-016  -6184739746773.3867        6571167612027.4473        0.0000000000000000      T
          21           5           1  -870.67079562753133       -1875.1810935019369        0.0000000000000000       -287.15420643501665       -303.49392086185787       3.55271367880050093E-014           5           7          20          22   0.0000000000000000        0.0000000000000000        0.0000000000000000       -9709293638.9851456        79843365566.798737        0.0000000000000000       5.37491077648110988E-016  -7381706565507.9082        8154359438707.0605        0.0000000000000000      T
          22           5           1  -1118.6212397665226       -2139.5326945832330        0.0000000000000000       -108.36456584977485       -276.77941748957392       1.42108547152020037E-014           5           7          21          23   0.0000000000000000        0.0000000000000000        0.0000000000000000        118817620588.49876       -76531889951.124084        0.0000000000000000       5.37491077648110988E-016  -6560636389373.6133        8824559178559.2676        0.0000000000000000      T
          23           5           2  -1425.3827500766492       -2206.9837292854208        0.0000000000000000       -943.52339351323724        415.20368346970167       2.84217094304040074E-014           5           7          22          -1   0.0000000000000000        0.0000000000000000        0.0000000000000000        0.0000000000000000        0.0000000000000000        0.0000000000000000       5.37491077648110988E-016  -6116087928562.9160        9142946376857.2441        0.0000000000000000      T
          24           6           2   706.30269769742085        155.32442096946727        0.0000000000000000       -352.86433341850193       -974.30483008618421       5.68434188608080149E-014           6           7          -1          25   0.0000000000000000        0.0000000000000000        0.0000000000000000        0.0000000000000000        0.0000000000000000        0.0000000000000000       5.37491077648110988E-016   9653822764452.7949       -5272921963440.4805        0.0000000000000000      T
          25           6           1   434.73494162711893       -246.79179979811340        0.0000000000000000       -237.09682882162684       -250.43236141184920       5.68434188608080149E-014           6           7          24          26   0.0000000000000000        0.0000000000000000        0.0000000000000000       -258574891532.64066        40246416197.506317        0.0000000000000000       5.37491077648110988E-016   9473995089511.2969       -5589237121127.6523        0.0000000000000000      T
          26           6           1   190.19939156940799       -676.20840911165533        0.0000000000000000       -247.05826967902959       -518.56421450978735        0.0000000000000000                6           7          25          27   0.0000000000000000        0.0000000000000000        0.0000000000000000       -13164113421.784676        7049983732.2260847        0.0000000000000000       5.37491077648110988E-016   9328092201202.6758       -5829785506298.1416        0.0000000000000000      T
          27           6           1  -51.736859996039243       -1107.0092076932915        0.0000000000000000       -234.08549733172907       -255.96300423453559       5.68434188608080149E-014           6           7          26          28   0.0000000000000000        0.0000000000000000        0.0000000000000000        267666191539.45972       -36655686572.199310        0.0000000000000000       5.37491077648110988E-016   9502230084885.0410       -5541217363242.1738        0.0000000000000000      T
          28           6           2  -323.04400819248940       -1511.0424690179063        0.0000000000000000       -356.32994027974610       -962.08594827082311       5.68434188608080149E-014           6           7          27          -1   0.0000000000000000        0.0000000000000000        0.0000000000000000        0.0000000000000000        0.0000000000000000        0.0000000000000000       5.37491077648110988E-016   9674239515995.7090       -5235369116609.3633        0.0000000000000000      T
          29           7           2  -1425.3827500776383       -2206.9837292861193        0.0000000000000000       -487.50154273133296       -532.37755008959755       2.84217094304040074E-014           7           8          -1          30   0.0000000000000000        0.0000000000000000        0.0000000000000000        0.0000000000000000        0.0000000000000000        0.0000000000000000       5.37491077648110988E-016   265005495864.52817       -592955735943.14392        0.0000000000000000      T
          30           7           1  -1902.7392437897074       -2448.1904459260286        0.0000000000000000       -514.56421003586308        11.442808021249874       3.55271367880050093E-014           7           8          29          31   0.0000000000000000        0.0000000000000000        0.0000000000000000       -26394987712.957909       -103220605503.48038        0.0000000000000000       5.37491077648110988E-016  -177709977307.58954       -579347374915.17981        0.0000000000000000      T
          31           7           1  -2420.7572176229410       -2251.5514204296342        0.0000000000000000       -440.36501976112396        352.90324457405359        0.0000000000000000                7           8          30          32   0.0000000000000000        0.0000000000000000        0.0000000000000000       -200512574981.58682       -155164254927.28159        0.0000000000000000       5.37491077648110988E-016  -667318958495.77686       -239560041848.60190        0.0000000000000000      T
          32           7           1  -2725.3053104370624       -1802.0188830009156        0.0000000000000000       -191.67391086170687        515.45890245787393      -5.68434188608080149E-014           7           8          31          33   0.0000000000000000        0.0000000000000000        0.0000000000000000       -339997796651.26044       -86616496306.613953        0.0000000000000000       5.37491077648110988E-016  -1723950618337.2346       -241022429558.09174        0.0000000000000000      T
          33           7           1  -2834.9003377796926       -1262.2017806942899        0.0000000000000000       -35.368697262304700        553.31006480048325        0.0000000000000000                7           8          32          63   0.0000000000000000        0.0000000000000000        0.0000000000000000       -408147061252.13074        23662656451.961040        0.0000000000000000       5.37491077648110988E-016  -3567178198748.9287        89194960483.236084        0.0000000000000000      T
          34           8           2  -323.04400819254818       -1511.0424690182554        0.0000000000000000        930.76927912031692       -483.75981352018016        0.0000000000000000                8           8          -1          35   0.0000000000000000        0.0000000000000000        0.0000000000000000        0.0000000000000000        0.0000000000000000        0.0000000000000000       5.37491077648110988E-016   10262565647027.836        75591463483.444992        0.0000000000000000      T
          35           8           1  -245.86251518616007       -1970.9395740310472        0.0000000000000000       -314.88063470248937       -475.05215732057127       5.68434188608080149E-014           8           8          34          36   0.0000000000000000        0.0000000000000000        0.0000000000000000       -148956253109.37091       -213396229733.76984        0.0000000000000000       5.37491077648110988E-016   9101126642375.2734       -2592023550309.4131        0.0000000000000000      T
          36           8           1  -577.42213619472807       -2433.8106831364294        0.0000000000000000       -434.38112431689945       -384.33619955205671        0.0000000000000000                8           8          35          37   0.0000000000000000        0.0000000000000000        0.0000000000000000       -339548836498.48059        81002512167.295654        0.0000000000000000       5.37491077648110988E-016   3772331238777.7715       -2781569148689.5190        0.0000000000000000      T
          37           8           1  -1100.4948477076257       -2617.0543473618750        0.0000000000000000       -511.49186559430950        74.052635536313844      -2.13162820728030056E-014           8           8          36          38   0.0000000000000000        0.0000000000000000        0.0000000000000000        2989639418.5918026       -84854634350.073120        0.0000000000000000       5.37491077648110988E-016  -261763801348.93237        330264711592.46149        0.0000000000000000      T
          38           8           2  -1425.3827500766492       -2206.9837292854208        0.0000000000000000       -63.533254951626020        768.60651895982687        0.0000000000000000                8           8          37          -1   0.0000000000000000        0.0000000000000000        0.0000000000000000        0.0000000000000000        0.0000000000000000        0.0000000000000000       5.37491077648110988E-016   99760312621.040497        82169792427.417587        0.0000000000000000      T
          39           9           2   706.30269769742017        155.32442096946733        0.0000000000000000        717.03309738004998        314.54157386589839        0.0000000000000000                9           8          -1          40   0.0000000000000000        0.0000000000000000        0.0000000000000000        0.0000000000000000        0.0000000000000000        0.0000000000000000       5.37491077648110988E-016  -53209605199.828941        230235818408.61133        0.0000000000000000      T
          40           9           1   1226.4288260945918        27.491168125111646        0.0000000000000000        340.99868253173696       -427.52316272504549      -5.68434188608080149E-014           9           8          39          41   0.0000000000000000        0.0000000000000000        0.0000000000000000        123963628514.49103        74654360836.159439        0.0000000000000000       5.37491077648110988E-016   148371998771.33350       -88272807202.422882        0.0000000000000000      T
          41           9           1   1408.9954080940029       -503.89955199412725        0.0000000000000000        27.050303682751043       -582.12084185650019        0.0000000000000000                9           8          40          42   0.0000000000000000        0.0000000000000000        0.0000000000000000        182585588193.93301        13196444948.251026        0.0000000000000000       5.37491077648110988E-016  -36426872786.758942       -98630565394.357376        0.0000000000000000      T
          42           9           1   1305.2005065122794       -1072.5600235664474        0.0000000000000000       -212.88485600967712       -544.14704492363148      -5.68434188608080149E-014           9           8          41          43   0.0000000000000000        0.0000000000000000        0.0000000000000000        187494867169.27322       -69222356838.101974        0.0000000000000000       5.37491077648110988E-016  -125820958358.06635       -51869781404.842285        0.0000000000000000      T
          43           9           1   1005.8819900281007       -1565.2314792557249        0.0000000000000000       -384.85113384174895       -425.28676023376693      -2.84217094304040074E-014           9           8          42          79   0.0000000000000000        0.0000000000000000        0.0000000000000000        151450140793.40030       -138381153689.68643        0.0000000000000000       5.37491077648110988E-016  -117262435696.99255       -13151662205.058903        0.0000000000000000      T
          44          10           2  -1425.3827500776383       -2206.9837292861193        0.0000000000000000        1537.5349503164161        557.01946211798236      -5.68434188608080149E-014          10          10          -1          45   0.0000000000000000        0.0000000000000000        0.0000000000000000        0.0000000000000000        0.0000000000000000        0.0000000000000000       5.37491077648110988E-016   7280711206442.4570       -8189242698205.5244        0.0000000000000000      T
          45          10           1  -950.29147874318676       -1812.5219668964273        0.0000000000000000        189.58404922163353        380.62986605471059      -2.13162820728030056E-014          10          10          44          46   0.0000000000000000        0.0000000000000000        0.0000000000000000       -76264397521.701111        172910817897.99603        0.0000000000000000       5.37491077648110988E-016   8038349092456.0430       -7506989945610.9053        0.0000000000000000      T
          46          10           1  -473.30854478216838       -1362.2969128505774        0.0000000000000000        560.35146868345930        454.52152296980103       5.68434188608080149E-014          10          10          45          47   0.0000000000000000        0.0000000000000000        0.0000000000000000       -40234425433.238091        51653594944.238533        0.0000000000000000       5.37491077648110988E-016   8139417057498.4736       -7285996632472.7266        0.0000000000000000      T
          47          10           1   5.0893805465991022       -911.45798696238410        0.0000000000000000        435.15265391388783        504.47598186821426      -5.68434188608080149E-014          10          10          46          48   0.0000000000000000        0.0000000000000000        0.0000000000000000        126132169480.34421        147967491151.66269        0.0000000000000000       5.37491077648110988E-016   8577844299596.2148       -6294251343409.0215        0.0000000000000000      T
          48          10           1   348.17552358130325       -359.59442319215952        0.0000000000000000        163.49012075140462        535.68201853259552      -4.26325641456060112E-014          10          10          47          64   0.0000000000000000        0.0000000000000000        0.0000000000000000       -13671425572.071918        9844331431.4502907        0.0000000000000000       5.37491077648110988E-016   8841531717825.7422       -5304866097855.7695        0.0000000000000000      T
          49          11           2  -323.04400819254818       -1511.0424690182554        0.0000000000000000        4.7167094764341755       -890.05458406927607        0.0000000000000000               11          10          -1          50   0.0000000000000000        0.0000000000000000        0.0000000000000000        0.0000000000000000        0.0000000000000000        0.0000000000000000       5.37491077648110988E-016   7001674300813.6191       -8483899868888.4863        0.0000000000000000      T
          50          11           1  -539.46146067936832       -1718.6281838637976        0.0000000000000000       -311.95946315712382       -12.548570490802454        0.0000000000000000               11          10          49          51   0.0000000000000000        0.0000000000000000        0.0000000000000000        212206662269.38321       -95355021343.698547        0.0000000000000000       5.37491077648110988E-016   7156897981945.1406       -8352965644138.7246        0.0000000000000000      T
          51          11           1  -862.65754714701700       -1886.4158052124321        0.0000000000000000       -375.71947371134701       -185.87114255004442        0.0000000000000000               11          10          50          52   0.0000000000000000        0.0000000000000000        0.0000000000000000       -153324538564.98364        136874897365.23436        0.0000000000000000       5.37491077648110988E-016   7346343525008.7168       -8186224774530.7266        0.0000000000000000      T
          52          11           1  -1182.4193526466011       -2060.8637277502157        0.0000000000000000       -114.03631789918789       -270.67349096827417        0.0000000000000000               11          10          51          53   0.0000000000000000        0.0000000000000000        0.0000000000000000       -646950962037.35059        728308562470.78174        0.0000000000000000       5.37491077648110988E-016   5952271911360.6719       -7620304869771.1172        0.0000000000000000      T
          53          11           2  -1425.3827500766492       -2206.9837292854208        0.0000000000000000       -856.31086348079646        306.86133420417497        0.0000000000000000               11          10          52          -1   0.0000000000000000        0.0000000000000000        0.0000000000000000        0.0000000000000000        0.0000000000000000        0.0000000000000000       5.37491077648110988E-016  -6605724992449.9033        8795703344481.4814        0.0000000000000000      T
          54          12           2   706.30269769742063        155.32442096946738        0.0000000000000000       -354.05094936571999       -968.44883630416246        0.0000000000000000               12          10          -1          55   0.0000000000000000        0.0000000000000000        0.0000000000000000        0.0000000000000000        0.0000000000000000        0.0000000000000000       5.37491077648110988E-016   9668613059359.3203       -5245752711326.2197        0.0000000000000000      T
          55          12           1   436.37046813446995       -250.07617571709261        0.0000000000000000       -235.14854239118264       -253.86587566683812        0.0000000000000000               12          10          54          56   0.0000000000000000        0.0000000000000000        0.0000000000000000       -255821979028.28973        32712229256.883282        0.0000000000000000       5.37491077648110988E-016   9501586221075.1953       -5542246440687.0986        0.0000000000000000      T
          56          12           1   191.63938107404539       -677.51576195484290        0.0000000000000000       -249.34483093967506       -514.60820980141511       5.68434188608080149E-014          12          10          55          57   0.0000000000000000        0.0000000000000000        0.0000000000000000       -7162108976.9512329        3004777453.9214392        0.0000000000000000       5.37491077648110988E-016   9314250486452.7793       -5851857504408.2207        0.0000000000000000      T
          57          12           1  -53.350100095224377       -1105.9610391948599        0.0000000000000000       -236.63383853920035       -255.35587556080333        0.0000000000000000               12          10          56          58   0.0000000000000000        0.0000000000000000        0.0000000000000000        265639760647.33325       -32174704293.565926        0.0000000000000000       5.37491077648110988E-016   9514010897432.0410       -5520959637858.2480        0.0000000000000000      T
          58          12           2  -323.04400819248940       -1511.0424690179063        0.0000000000000000       -348.16998270312808       -964.54840914456270        0.0000000000000000               12          10          57          -1   0.0000000000000000        0.0000000000000000        0.0000000000000000        0.0000000000000000        0.0000000000000000        0.0000000000000000       5.37491077648110988E-016   9687580756402.7480       -5210640947923.3125        0.0000000000000000      T
          59           1           1  -2651.2699881220537       -553.56924817299569        0.0000000000000000        142.53354049664065        557.91473596959031        0.0000000000000000                1          11           5          66   0.0000000000000000        0.0000000000000000        0.0000000000000000       -304398229025.20410        61213853220.972931        0.0000000000000000       5.37491077648110988E-016   2140768609787.8928       -478887507204.15491        0.0000000000000000      T
          60           2           1  -1091.2187775571620       -2597.3268171329241        0.0000000000000000       -503.22270514296679        59.447548877847666      -1.42108547152020037E-014           2          11           8          61   0.0000000000000000        0.0000000000000000        0.0000000000000000        11578506111.095257       -81993469581.124405        0.0000000000000000       5.37491077648110988E-016  -346899968994.75513        496803130111.14868        0.0000000000000000      T
          61           2           2  -1425.3827500766492       -2206.9837292854208        0.0000000000000000       -90.698380527516349        751.96297055668924        0.0000000000000000                2          11          60          -1   0.0000000000000000        0.0000000000000000        0.0000000000000000        0.0000000000000000        0.0000000000000000        0.0000000000000000       5.37491077648110988E-016   267318923344.28201        172819544541.45526        0.0000000000000000      T
          62           4           2   706.30269769648964        155.32442096853606        0.0000000000000000        962.25577314969951        747.53078834568248        0.0000000000000000                4           7          18          -1   0.0000000000000000        0.0000000000000000        0.0000000000000000        0.0000000000000000        0.0000000000000000        0.0000000000000000       5.37491077648110988E-016   6606233189374.6797       -3850106726590.9829        0.0000000000000000      T
          63           7           1  -2806.8221171803466       -708.83531793025099        0.0000000000000000        88.598279681073151        550.85153355218756        0.0000000000000000                7           8          33          65   0.0000000000000000        0.0000000000000000        0.0000000000000000       -330879697629.56628        107933128526.24786        0.0000000000000000       5.37491077648110988E-016  -5001827753390.7676        973579926397.68494        0.0000000000000000      T
          64          10           2   706.30269769648964        155.32442096853606        0.0000000000000000        1014.5268145301648        553.14316779416481        0.0000000000000000               10          10          48          -1   0.0000000000000000        0.0000000000000000        0.0000000000000000        0.0000000000000000        0.0000000000000000        0.0000000000000000       5.37491077648110988E-016   7543268802973.8652       -4680128540696.2012        0.0000000000000000      T
          65           7           1  -2667.3747040212138       -167.39840596674128        0.0000000000000000        183.55247981344979        527.69392517341214       5.68434188608080149E-014           7           8          63          67   0.0000000000000000        0.0000000000000000        0.0000000000000000       -135261144189.03154        93039349284.232666        0.0000000000000000       5.37491077648110988E-016  -4051151476587.1611        1487076781890.0115        0.0000000000000000      T
          66           1           1  -2459.9924606403006       -13.342518500617125        0.0000000000000000        244.22143316631755        518.04202278152923      -2.84217094304040074E-014           1          11          59          68   0.0000000000000000        0.0000000000000000        0.0000000000000000       -426405928670.51392        203561738586.82092        0.0000000000000000       5.37491077648110988E-016   644982314754.77722       -88141413167.715775        0.0000000000000000      T
          67           7           1  -2440.8700546559353        338.85838914799024        0.0000000000000000        275.04798863836163        481.45388698888723        0.0000000000000000                7           8          65          69   0.0000000000000000        0.0000000000000000        0.0000000000000000       -117694486551.97737        73378445136.136566        0.0000000000000000       5.37491077648110988E-016   11307598146.961792       -157730288901.07178        0.0000000000000000      T
          68           1           1  -2164.8477133445772        475.36504536537058        0.0000000000000000        339.84755117051873        456.72005351939225        0.0000000000000000                1          11          66          70   0.0000000000000000        0.0000000000000000        0.0000000000000000       -346983874604.86670        267386540004.51117        0.0000000000000000       5.37491077648110988E-016  -1302080927454.3472        1172930565144.8184        0.0000000000000000      T
          69           7           1  -2117.8285904478644        792.51141414117342        0.0000000000000000        364.89390635315215        426.21998719478239      -2.84217094304040074E-014           7           8          67          71   0.0000000000000000        0.0000000000000000        0.0000000000000000       -241346894095.41174        184089571038.99524        0.0000000000000000       5.37491077648110988E-016   2105794656217.6924       -1631185273387.5703        0.0000000000000000      T
          70           1           1  -1790.1987319040322        897.71447669317331        0.0000000000000000        405.76954836041307        388.24874872227355       2.84217094304040074E-014           1          11          68          72   0.0000000000000000        0.0000000000000000        0.0000000000000000       -159207311176.69717        190300672807.24988        0.0000000000000000       5.37491077648110988E-016  -1476537260869.3701        1611856665379.5381        0.0000000000000000      T
          71           7           1  -1718.3500360597443        1182.8743973007674        0.0000000000000000        432.93644173760373        345.71418869031629      -2.84217094304040074E-014           7           8          69          73   0.0000000000000000        0.0000000000000000        0.0000000000000000       -267536027334.10364        305036143031.64722        0.0000000000000000       5.37491077648110988E-016   1378778412758.1086       -1307919846998.9229        0.0000000000000000      T
          72           1           1  -1350.0716125115769        1243.6962117599885        0.0000000000000000        481.40255788682964        295.27845077536631       4.26325641456060112E-014           1          11          70          74   0.0000000000000000        0.0000000000000000        0.0000000000000000       -90134704433.753632        183156035008.85461        0.0000000000000000       5.37491077648110988E-016  -340490849594.14978        577807024676.98987        0.0000000000000000      T
          73           7           1  -1250.3553451436853        1472.4051843092050        0.0000000000000000        505.78006260897087        230.60456854804715       1.42108547152020037E-014           7           8          71          76   0.0000000000000000        0.0000000000000000        0.0000000000000000       -162937893688.96350        303881210507.11145        0.0000000000000000       5.37491077648110988E-016   484965100669.74524       -444914003297.26294        0.0000000000000000      T
          74           1           1  -831.06907911697795        1477.4098608759441        0.0000000000000000        546.00917845343122        169.72360072457286       4.97379915032070130E-014           1          11          72          77   0.0000000000000000        0.0000000000000000        0.0000000000000000       -79913734330.462189        264492150304.67188        0.0000000000000000       5.37491077648110988E-016   322524290530.31427       -274842473741.53955        0.0000000000000000      T
          75           3           1   549.89656010733415       -1969.8121170158447        0.0000000000000000       -595.52031252007055       -190.63171390949105        0.0000000000000000                3          11          13          83   0.0000000000000000        0.0000000000000000        0.0000000000000000        75004458833.590851       -178184966592.60751        0.0000000000000000       5.37491077648110988E-016  -157518383591.83701       -9564202772.9301109        0.0000000000000000      T
          76           7           1  -716.50202208079099        1641.6079417547421        0.0000000000000000        549.48734976337369        108.06817047941766      -2.30926389122032560E-014           7           8          73          78   0.0000000000000000        0.0000000000000000        0.0000000000000000       -55182839141.549751        272541862808.10931        0.0000000000000000       5.37491077648110988E-016   134417813032.95581       -105214682800.43393        0.0000000000000000      T
          77           1           1  -269.76056792597211        1578.6206842325851        0.0000000000000000        575.49386205626092        30.600563744131897       2.13162820728030056E-014           1          11          74          80   0.0000000000000000        0.0000000000000000        0.0000000000000000       -9729556802.0934563        300920769430.28052        0.0000000000000000       5.37491077648110988E-016   298944803576.24048       -155809876933.84845        0.0000000000000000      T
          78           7           1  -165.44446295606156        1679.7577727437515        0.0000000000000000        551.00318490040627       -40.819485162077513      -5.68434188608080149E-014           7           8          76          81   0.0000000000000000        0.0000000000000000        0.0000000000000000        15821161580.882332        272704224685.76181        0.0000000000000000       5.37491077648110988E-016   87326354722.963837       -199390828059.70264        0.0000000000000000      T
          79           9           1   533.03524149008820       -1889.3115148160234        0.0000000000000000       -564.20640368990178       -204.96038789002932       2.84217094304040074E-014           9           8          43          85   0.0000000000000000        0.0000000000000000        0.0000000000000000        77058346833.939728       -168287588143.81873        0.0000000000000000       5.37491077648110988E-016  -111340175310.68094        49146042906.495132        0.0000000000000000      T
          80           1           1   296.05102106594120        1510.0428753418046        0.0000000000000000        533.37567387028344       -194.22681230351836        0.0000000000000000                1          11          77          82   0.0000000000000000        0.0000000000000000        0.0000000000000000        24176900052.790764        260107516001.03015        0.0000000000000000       5.37491077648110988E-016  -267336348531.65936       -287319172813.94330        0.0000000000000000      T
          81           7           1   363.42935338503258        1541.8823358313023        0.0000000000000000        486.29403703247198       -243.96704760142580        0.0000000000000000                7           8          78          84   0.0000000000000000        0.0000000000000000        0.0000000000000000        102623794720.77441        224515236336.71689        0.0000000000000000       5.37491077648110988E-016  -4226426514.7069435       -236261296805.23874        0.0000000000000000      T
          82           1           1   728.20264186110762        1163.6408677458905        0.0000000000000000        284.89307182384522       -498.63276399014069      -2.84217094304040074E-014           1          11          80          86   0.0000000000000000        0.0000000000000000        0.0000000000000000       -76865044813.513062        150471349870.87558        0.0000000000000000       5.37491077648110988E-016  -2855854066879.2158       -726662286403.90576        0.0000000000000000      T
          83           3           1  -45.436207526667886       -2009.7907428700573        0.0000000000000000       -504.57798495982274        104.68681686790029        0.0000000000000000                3          11          75          89   0.0000000000000000        0.0000000000000000        0.0000000000000000       -21880224328.630836       -124978957417.49704        0.0000000000000000       5.37491077648110988E-016  -69832739315.130600        141254392069.45853        0.0000000000000000      T
          84           7           1   755.24929133690637        1171.8717905615360        0.0000000000000000        265.90192984861068       -506.97027097886649        0.0000000000000000                7           8          81          87   0.0000000000000000        0.0000000000000000        0.0000000000000000        156951345463.81207        114081244266.33455        0.0000000000000000       5.37491077648110988E-016  -189619425671.82434       -244365299461.91394        0.0000000000000000      T
          85           9           1  -33.785030653654303       -1962.5182101012147        0.0000000000000000       -477.32431344390972        53.268119257415037        0.0000000000000000                9           8          79          91   0.0000000000000000        0.0000000000000000        0.0000000000000000       -15017670028.013708       -122942842304.16327        0.0000000000000000       5.37491077648110988E-016  -51371220549.564377        146109457608.49243        0.0000000000000000      T
          86           1           1   908.84737993822341        623.72674117427994        0.0000000000000000        165.44111545118199       -470.19053423849306        0.0000000000000000                1          11          82          88   0.0000000000000000        0.0000000000000000        0.0000000000000000       -174525924402.61670        195141140769.75653        0.0000000000000000       5.37491077648110988E-016  -7111700210225.8223        542074437886.57678        0.0000000000000000      T
          87           7           1   889.64902837412467        634.96258908047446        0.0000000000000000        28.757268540361153       -448.91110873559234        0.0000000000000000                7           8          84          90   0.0000000000000000        0.0000000000000000        0.0000000000000000        106492345354.63234        8691470313.9645767        0.0000000000000000       5.37491077648110988E-016  -309019913678.23303       -30921168565.737354        0.0000000000000000      T
          88           1           2   706.30269769648964        155.32442096853606        0.0000000000000000       -1012.3573661224277       -645.55443938795088        0.0000000000000000                1          11          86          -1   0.0000000000000000        0.0000000000000000        0.0000000000000000        0.0000000000000000        0.0000000000000000        0.0000000000000000       5.37491077648110988E-016  -7931831478681.3555        2546646037508.4585        0.0000000000000000      T
          89           3           2  -323.04400819248940       -1511.0424690179063        0.0000000000000000       -4.9894525401089709        1148.1933904317057        0.0000000000000000                3          11          83          -1   0.0000000000000000        0.0000000000000000        0.0000000000000000        0.0000000000000000        0.0000000000000000        0.0000000000000000       5.37491077648110988E-016   226094723100.34424        129360325127.19440        0.0000000000000000      T
          90           7           2   706.30269769648964        155.32442096853606        0.0000000000000000       -527.77078493130580       -747.02740285776372        0.0000000000000000                7           8          87          -1   0.0000000000000000        0.0000000000000000        0.0000000000000000        0.0000000000000000        0.0000000000000000        0.0000000000000000       5.37491077648110988E-016  -104600716534.30795        108530246601.09618        0.0000000000000000      T
          91           9           2  -323.04400819248968       -1511.0424690179061        0.0000000000000000       -94.734091582193230        1126.6950482547218        0.0000000000000000                9           8          85          -1   0.0000000000000000        0.0000000000000000        0.0000000000000000        0.0000000000000000        0.0000000000000000        0.0000000000000000       5.37491077648110988E-016   230696683284.32352        137354738047.41354        0.0000000000000000      T
