           1   2378.6246261874257        2378.6246261874257        2378.6246261874257                2
          17          18
           1   2961.9591195589951        2961.9591195589951        2961.9591195589951                0
           1   4129.2805094669511        4129.2805094669511        4129.2805094669511                2
          13          19
           2   2378.6246261874257        3154.3753738125743        2378.6246261874257                0
           2   2961.9591195589951        2571.0408804410049        2961.9591195589951                0
           2   4129.2805094669511        1403.7194905330489        4129.2805094669511                0
           3   3154.3753738125743        3154.3753738125743        2378.6246261874257                2
          15          16
           3   2571.0408804410049        2571.0408804410049        2961.9591195589951                0
           3   1403.7194905330489        1403.7194905330489        4129.2805094669511                1
          14
           4   3154.3753738125743        2378.6246261874257        2378.6246261874257                0
           4   2571.0408804410049        2961.9591195589951        2961.9591195589951                0
           4   1403.7194905330489        4129.2805094669511        4129.2805094669511                0
           1   2284.9471761336181        2284.9471761336176        2284.9471761336176                2
           3          19
           3   3248.0528238663819        3248.0528238663824        2284.9471761336176                1
           9
           3   1310.0420404792412        1310.0420404792408        4222.9579595207597                1
           7
           3   4998.7087071459073        4998.7087071459073        534.29129285409226                1
           7
           1   534.29129285409238        534.29129285409238        534.29129285409249                1
           1
           1   4222.9579595207588        4222.9579595207597        4222.9579595207597                1
           1
           1   440.61384280028471        440.61384280028415        440.61384280028426                2
          13           3
           1           1           2  -1425.3827500776383       -2206.9837292861193        0.0000000000000000        589.17355660779504       -231.71354299350261      -2.84217094304040074E-014           1          11          -1           2   0.0000000000000000        0.0000000000000000        0.0000000000000000        0.0000000000000000        0.0000000000000000        0.0000000000000000       5.37491077648110988E-016   665822436048.12036        408354317310.49847        0.0000000000000000      T
           2           1           1  -1191.8616666350374       -2662.6049910823781        0.0000000000000000       -15.549625270730175       -553.68026307796708      -5.68434188608080149E-014           1          11           1           3   0.0000000000000000        0.0000000000000000        0.0000000000000000        147793145176.86963       -29789160593.057362        0.0000000000000000       5.37491077648110988E-016   455458430926.94794       -133044152093.26711        0.0000000000000000      T
           3           1           1  -1334.6053675531271        1336.7635942514546        0.0000000000000000       -254.64290795134121       -475.35018090123049      -2.84217094304040074E-014          18          11           2           4   0.0000000000000000        0.0000000000000000        0.0000000000000000        111325251722.14476       -32862557838.641563        0.0000000000000000       5.37491077648110988E-016  -854756871388.22949        629261978146.23914        0.0000000000000000      T
           4           1           1  -1728.6686218849673        959.12450036664973        0.0000000000000000       -576.29960867369368       -232.75728578935195        0.0000000000000000               18          11           3           5   0.0000000000000000        0.0000000000000000        0.0000000000000000        4629923404.0671406       -130491190428.37407        0.0000000000000000       5.37491077648110988E-016  -1870109538269.3704        1180760605022.5403        0.0000000000000000      T
           5           1           1  -2240.8965020151772        781.26881716867274        0.0000000000000000       -159.03206074003498       -260.10500718971076        0.0000000000000000               18          11           4         109   0.0000000000000000        0.0000000000000000        0.0000000000000000       -26450403243.457405       -89340415093.445679        0.0000000000000000       5.37491077648110988E-016  -1026248869480.2705        615995100079.31543        0.0000000000000000      T
           6           2           2  -323.04400819254818       -1511.0424690182554        0.0000000000000000        1100.1206773971651        349.65258007615449       5.68434188608080149E-014           2          11          -1          56   0.0000000000000000        0.0000000000000000        0.0000000000000000        0.0000000000000000        0.0000000000000000        0.0000000000000000       5.37491077648110988E-016   303578068112.50018        472208916837.15240        0.0000000000000000      T
           7           3           2   706.30269769742085        155.32442096946727        0.0000000000000000       -563.58881040630308        474.74189965183598      -2.84217094304040074E-014           3          11          -1           8   0.0000000000000000        0.0000000000000000        0.0000000000000000        0.0000000000000000        0.0000000000000000        0.0000000000000000       5.37491077648110988E-016  -337618356286.33868        15292605746.174988        0.0000000000000000      T
           8           3           1   663.55639837201909        746.35440445390986        0.0000000000000000        269.58301339963282        609.01576868563757        0.0000000000000000                3          11           7           9   0.0000000000000000        0.0000000000000000        0.0000000000000000       -223553981258.72076        106723633653.35071        0.0000000000000000       5.37491077648110988E-016  -230302774784.36737        164348189706.55933        0.0000000000000000      T
           9           3           1   1037.6663694761562        1270.0444183743634        0.0000000000000000        479.34777214397860        433.35501782030258      -2.84217094304040074E-014           3          11           8          10   0.0000000000000000        0.0000000000000000        0.0000000000000000       -125646478706.97197        187763365551.51849        0.0000000000000000       5.37491077648110988E-016  -183141109861.27301        530516161867.72021        0.0000000000000000      T
          10           3           1   1602.8607744863955        1597.6680776664934        0.0000000000000000        630.93902636758230        211.50517967090201        0.0000000000000000                3          11           9          11   0.0000000000000000        0.0000000000000000        0.0000000000000000       -96479636983.306107        329884031413.33679        0.0000000000000000       5.37491077648110988E-016   292962134587.48468        364994311683.24579        0.0000000000000000      T
          11           3           1   2238.3598327327927        1646.7679647192290        0.0000000000000000        598.97651215560393       -149.20509746931396        0.0000000000000000                3          11          10          71   0.0000000000000000        0.0000000000000000        0.0000000000000000        111217889717.20486        404057012465.90570        0.0000000000000000       5.37491077648110988E-016   601751514779.59863       -69354881105.621857        0.0000000000000000      T
          12           4           2  -1425.3827500776383       -2206.9837292861193        0.0000000000000000        472.36708348948457        428.14095282199810       2.84217094304040074E-014           4           7          -1          13   0.0000000000000000        0.0000000000000000        0.0000000000000000        0.0000000000000000        0.0000000000000000        0.0000000000000000       5.37491077648110988E-016   12978316423.618752       -14239008382.683331        0.0000000000000000      T
          13           4           1  -955.13600281319975       -1776.7403415758197        0.0000000000000000        470.74052685530023        434.06717347947580        0.0000000000000000                4           7          12          14   0.0000000000000000        0.0000000000000000        0.0000000000000000       -11507982060.435368        12481861877.015373        0.0000000000000000       5.37491077648110988E-016  -95121484910.742340        102991607158.27528        0.0000000000000000      T
          14           4           1  -479.55729111683411       -1344.1998970844506        0.0000000000000000        482.14718597172714        423.94184986510459        0.0000000000000000                4           7          13          15   0.0000000000000000        0.0000000000000000        0.0000000000000000        2377909639.2167401       -3023080313.9267883        0.0000000000000000       5.37491077648110988E-016  -114284598411.71860        120196701832.81114        0.0000000000000000      T
          15           4           1  -17.788215353498572       -905.41437353705601        0.0000000000000000        412.71409163689520        484.14333117639717        0.0000000000000000                4           7          14          16   0.0000000000000000        0.0000000000000000        0.0000000000000000        37031795031.712189       -23794746355.068668        0.0000000000000000       5.37491077648110988E-016   387991850832.76971       -338451368680.01611        0.0000000000000000      T
          16           4           1   348.39007218505657       -377.59545671984381        0.0000000000000000        350.83853738636395        539.29814652312791       2.84217094304040074E-014           4           7          15          58   0.0000000000000000        0.0000000000000000        0.0000000000000000       -29133504288.870583        22894604401.748421        0.0000000000000000       5.37491077648110988E-016   439848021728.45349       -323167327866.47839        0.0000000000000000      T
          17           5           2  -323.04400819254818       -1511.0424690182554        0.0000000000000000       -798.68575700642623       -55.172026097868297        0.0000000000000000                5           7          -1          18   0.0000000000000000        0.0000000000000000        0.0000000000000000        0.0000000000000000        0.0000000000000000        0.0000000000000000       5.37491077648110988E-016  -7066459993760.5664        8430014422086.2061        0.0000000000000000      T
          18           5           1  -575.31901959540005       -1693.6710655432848        0.0000000000000000       -110.69034109125458       -218.37788253135571       2.13162820728030056E-014           5           7          17          19   0.0000000000000000        0.0000000000000000        0.0000000000000000        52858188262.471802       -43042826444.071724        0.0000000000000000       5.37491077648110988E-016  -7370874134160.4707        8164257955358.3555        0.0000000000000000      T
          19           5           1  -868.31759122861274       -1858.2420988354734        0.0000000000000000       -394.37362773674937       -112.91533322836293       2.84217094304040074E-014           5           7          18          20   0.0000000000000000        0.0000000000000000        0.0000000000000000       -20276605869.376198        51998993386.325958        0.0000000000000000       5.37491077648110988E-016  -6837079549059.6826        8615355849929.7305        0.0000000000000000      T
          20           5           1  -1190.1609632584452       -1983.6303166643891        0.0000000000000000       -156.34097895088439       -199.83853791850450      -2.30926389122032560E-014           5           7          19          21   0.0000000000000000        0.0000000000000000        0.0000000000000000       -152679670974.43695        66352157126.070190        0.0000000000000000       5.37491077648110988E-016  -7416403162277.6777        8119792804360.2080        0.0000000000000000      T
          21           5           2  -1425.3827500766492       -2206.9837292854208        0.0000000000000000       -651.45793300382229       -133.95540644746157       4.97379915032070130E-014           5           7          20          -1   0.0000000000000000        0.0000000000000000        0.0000000000000000        0.0000000000000000        0.0000000000000000        0.0000000000000000       5.37491077648110988E-016  -7553114292462.5186        7996903431016.1855        0.0000000000000000      T
          22           6           2   706.30269769742085        155.32442096946727        0.0000000000000000        60.057007879063207       -835.43951357302649        0.0000000000000000                6           7          -1          23   0.0000000000000000        0.0000000000000000        0.0000000000000000        0.0000000000000000        0.0000000000000000        0.0000000000000000       5.37491077648110988E-016   8120185480912.1963       -5316455234079.3223        0.0000000000000000      T
          23           6           1   439.75490270075727       -236.30181162739353        0.0000000000000000       -350.66436464806594       -285.80198770444554      -5.68434188608080149E-014           6           7          22          24   0.0000000000000000        0.0000000000000000        0.0000000000000000       -344664118600.32886        199670335001.86566        0.0000000000000000       5.37491077648110988E-016   7168731037768.5654       -4869857534175.5039        0.0000000000000000      T
          24           6           1   165.31913412220047       -659.80475006686856        0.0000000000000000       -280.35024001245989       -466.74004871820000       2.84217094304040074E-014           6           7          23          25   0.0000000000000000        0.0000000000000000        0.0000000000000000       -649201814291.60571        411752133892.41766        0.0000000000000000       5.37491077648110988E-016  -1826341883147.8809        896571782497.09619        0.0000000000000000      T
          25           6           1  -82.561704339260530       -1100.9596176463715        0.0000000000000000       -94.884496422148388       -441.21123547968671      -3.55271367880050093E-014           6           7          24          26   0.0000000000000000        0.0000000000000000        0.0000000000000000       -279508860152.80493        209216772418.19635        0.0000000000000000       5.37491077648110988E-016  -9415877390628.4844        5686932714825.4023        0.0000000000000000      T
          26           6           2  -323.04400819248940       -1511.0424690179063        0.0000000000000000       -805.20120124301684       -322.12816621616560        0.0000000000000000                6           7          25          -1   0.0000000000000000        0.0000000000000000        0.0000000000000000        0.0000000000000000        0.0000000000000000        0.0000000000000000       5.37491077648110988E-016  -9397129452930.0059        5717863066292.8066        0.0000000000000000      T
          27           7           2  -1425.3827500776383       -2206.9837292861193        0.0000000000000000        601.06979408191251       -146.93887839103414       2.84217094304040074E-014           7           8          -1          28   0.0000000000000000        0.0000000000000000        0.0000000000000000        0.0000000000000000        0.0000000000000000        0.0000000000000000       5.37491077648110988E-016  -524808099572.82446        331872031915.29468        0.0000000000000000      T
          28           7           1  -1134.4810888534057       -2637.5804539372598        0.0000000000000000        73.082947690714349       -564.92629721661353        0.0000000000000000                7           8          27          29   0.0000000000000000        0.0000000000000000        0.0000000000000000        225008832116.77319        12897335232.015701        0.0000000000000000       5.37491077648110988E-016  -593194426452.77466        32726168601.391075        0.0000000000000000      T
          29           7           1  -1182.2167591316338        1337.7708048977927        0.0000000000000000       -163.90361200675844       -512.11907701010011        0.0000000000000000               15           8          28          30   0.0000000000000000        0.0000000000000000        0.0000000000000000        715877990419.27075       -247373792472.27576        0.0000000000000000       5.37491077648110988E-016   4085767562187.1528       -1412972743720.2637        0.0000000000000000      T
          30           7           1  -1411.6865808839214        845.38979781001376        0.0000000000000000       -249.08497575522890       -490.71338632048850        0.0000000000000000               15           8          29         104   0.0000000000000000        0.0000000000000000        0.0000000000000000        846182624382.01758       -282965063026.17603        0.0000000000000000       5.37491077648110988E-016   8754813803577.8887       -3022397274385.1758        0.0000000000000000      T
          31          13           2   899.67125373032343        3149.5052820292535        0.0000000000000000       -696.71736925236814        268.87242210090619        0.0000000000000000                7           8         101          59   0.0000000000000000        0.0000000000000000        0.0000000000000000        0.0000000000000000        0.0000000000000000        0.0000000000000000       5.37491077648110988E-016   0.0000000000000000        0.0000000000000000        0.0000000000000000      T
          32           8           2  -323.04400819254818       -1511.0424690182554        0.0000000000000000        577.66811043339226        308.27626537705447      -5.68434188608080149E-014           8           8          -1          33   0.0000000000000000        0.0000000000000000        0.0000000000000000        0.0000000000000000        0.0000000000000000        0.0000000000000000       5.37491077648110988E-016  -18325361639.238697        293391707438.23199        0.0000000000000000      T
          33           8           1   179.04760301703004       -1653.2122066743934        0.0000000000000000        347.48397952437165       -439.83551745006167        0.0000000000000000                8           8          32          34   0.0000000000000000        0.0000000000000000        0.0000000000000000        154804239532.58612        78846618705.813736        0.0000000000000000       5.37491077648110988E-016   222710227576.02539       -197865918207.75232        0.0000000000000000      T
          34           8           1   316.89623801925967       -2183.0203092468601        0.0000000000000000       -47.783289895455539       -564.86771626262203       5.68434188608080149E-014           8           8          33          93   0.0000000000000000        0.0000000000000000        0.0000000000000000        200540074762.76495       -17693448544.765736        0.0000000000000000       5.37491077648110988E-016   176965677842.13904       -257906824283.23920        0.0000000000000000      T
          35           9           2   706.30269769742017        155.32442096946733        0.0000000000000000       -629.00454567685892        282.15467978201320      -2.84217094304040074E-014           9           8          -1          36   0.0000000000000000        0.0000000000000000        0.0000000000000000        0.0000000000000000        0.0000000000000000        0.0000000000000000       5.37491077648110988E-016  -377747415562.39526       -403541859250.37592        0.0000000000000000      T
          36           9           1   550.75890123498402        736.98850323123474        0.0000000000000000        177.60366447662057        662.37449147635687        0.0000000000000000                9           8          35          37   0.0000000000000000        0.0000000000000000        0.0000000000000000       -184912056881.00955        75813191302.507111        0.0000000000000000       5.37491077648110988E-016  -41073355529.288193        183090157126.56955        0.0000000000000000      T
          37           9           1   900.37942029670023        1270.1013491280462        0.0000000000000000        500.82005556821747        412.67813878829458       2.84217094304040074E-014           9           8          36          38   0.0000000000000000        0.0000000000000000        0.0000000000000000       -167041742089.26001        201104197706.69830        0.0000000000000000       5.37491077648110988E-016   141000097284.21835        161569221959.11823        0.0000000000000000      T
          38           9           1   1493.2524719229227        1570.6612671869739        0.0000000000000000        646.59682531432611        187.93124523768125       1.42108547152020037E-014           9           8          37          39   0.0000000000000000        0.0000000000000000        0.0000000000000000       -65565430832.035080        295959009075.77100        0.0000000000000000       5.37491077648110988E-016   249996845315.90628        96854366705.601654        0.0000000000000000      T
          39           9           1   2136.7060168556395        1610.0539151144917        0.0000000000000000        621.77243285129634       -144.54542177968369       1.42108547152020037E-014           9           8          38          75   0.0000000000000000        0.0000000000000000        0.0000000000000000        102715438224.60477        360107417708.62646        0.0000000000000000       5.37491077648110988E-016   525320227349.53394       -15589446796.850546        0.0000000000000000      T
          40          10           2  -1425.3827500776383       -2206.9837292861193        0.0000000000000000        688.13068311319319        274.72128480726769       2.84217094304040074E-014          10          10          -1          41   0.0000000000000000        0.0000000000000000        0.0000000000000000        0.0000000000000000        0.0000000000000000        0.0000000000000000       5.37491077648110988E-016   3509199872192.6006       -3450697110547.0386        0.0000000000000000      T
          41          10           1  -968.56221289204905       -1757.8501015610941        0.0000000000000000        407.39007177459598        487.19126080256808        0.0000000000000000               10          10          40          42   0.0000000000000000        0.0000000000000000        0.0000000000000000       -162838405578.29297        168079053918.90173        0.0000000000000000       5.37491077648110988E-016   2052397097208.6580       -2032242550837.2488        0.0000000000000000      T
          42          10           1  -487.07025712603502       -1326.1515548296056        0.0000000000000000        497.24650864323223        419.01019535200112       2.84217094304040074E-014          10          10          41          43   0.0000000000000000        0.0000000000000000        0.0000000000000000        3127590524.4302893       -1913366643.2775722        0.0000000000000000       5.37491077648110988E-016   66536345045.619125       -48519168650.113045        0.0000000000000000      T
          43          10           1  -18.742119737180360       -876.13425151598369        0.0000000000000000        453.08417311708115        481.91550792475908       2.84217094304040074E-014          10          10          42          44   0.0000000000000000        0.0000000000000000        0.0000000000000000        203392708073.59531       -124136541369.98727        0.0000000000000000       5.37491077648110988E-016   4451367820371.5684       -3233476037599.7939        0.0000000000000000      T
          44          10           1   357.15457662266550       -351.33289195293878        0.0000000000000000        223.09130013454572        577.78376157896287       2.84217094304040074E-014          10          10          43          60   0.0000000000000000        0.0000000000000000        0.0000000000000000        83443481606.424072       -39853575590.771454        0.0000000000000000       5.37491077648110988E-016   6793454995009.7900       -4450468221292.8145        0.0000000000000000      T
          45          11           2  -323.04400819254818       -1511.0424690182554        0.0000000000000000       -822.08377519727173        320.31653397775801       2.84217094304040074E-014          11          10          -1          46   0.0000000000000000        0.0000000000000000        0.0000000000000000        0.0000000000000000        0.0000000000000000        0.0000000000000000       5.37491077648110988E-016  -6632768047047.6885        8775328371865.2480        0.0000000000000000      T
          46          11           1  -557.34544634600388       -1666.7633163719083        0.0000000000000000       -110.11447339707991       -260.36323871611154      -2.13162820728030056E-014          11          10          45          47   0.0000000000000000        0.0000000000000000        0.0000000000000000        315278951832.65588       -329591372524.46747        0.0000000000000000       5.37491077648110988E-016  -6940838459043.0449        8531953563090.0430        0.0000000000000000      T
          47          11           1  -859.33267002129151       -1802.3151439934354        0.0000000000000000       -346.32431670063943       -152.68160403885193        0.0000000000000000               11          10          46          48   0.0000000000000000        0.0000000000000000        0.0000000000000000        34598176442.268250       -190377221065.12033        0.0000000000000000       5.37491077648110988E-016  -6008149218320.6191        5389291556153.9043        0.0000000000000000      T
          48          11           1  -1118.3109820304162       -2033.8573089262691        0.0000000000000000       -187.48486685360001       -230.19232279156358        0.0000000000000000               11          10          47          49   0.0000000000000000        0.0000000000000000        0.0000000000000000       -181062115313.95728        295438188536.28516        0.0000000000000000       5.37491077648110988E-016   1785456081039.2888       -1249055299308.7666        0.0000000000000000      T
          49          11           2  -1425.3827500766492       -2206.9837292854208        0.0000000000000000       -601.88645605103318       -140.55486067085008      -1.42108547152020037E-014          11          10          48          -1   0.0000000000000000        0.0000000000000000        0.0000000000000000        0.0000000000000000        0.0000000000000000        0.0000000000000000       5.37491077648110988E-016  -4693288138688.0303        6651637347039.3408        0.0000000000000000      T
          50          12           2   706.30269769742063        155.32442096946738        0.0000000000000000       -851.93110208856001       -296.29637821510403        0.0000000000000000               12          10          -1          51   0.0000000000000000        0.0000000000000000        0.0000000000000000        0.0000000000000000        0.0000000000000000        0.0000000000000000       5.37491077648110988E-016  -9249103585054.2813        5954333117397.4492        0.0000000000000000      T
          51          12           1   459.36062381877070       -246.70135770148229        0.0000000000000000       -87.989407181315329       -443.10546996947454       2.84217094304040074E-014          12          10          50          52   0.0000000000000000        0.0000000000000000        0.0000000000000000        231632095392.82703       -160991902943.11108        0.0000000000000000       5.37491077648110988E-016  -9212056609178.2031        6011475558170.5430        0.0000000000000000      T
          52          12           1   210.70727274989932       -693.16499305914192        0.0000000000000000       -282.89754402874166       -476.74998399282566        0.0000000000000000               12          10          51          53   0.0000000000000000        0.0000000000000000        0.0000000000000000        940509968657.05115       -583864291699.95325        0.0000000000000000       5.37491077648110988E-016  -2141303392416.6794        1575086166744.6516        0.0000000000000000      T
          53          12           1  -70.814082258760777       -1118.9573391004571        0.0000000000000000       -370.94453493631192       -266.66253825614780      -5.68434188608080149E-014          12          10          52          54   0.0000000000000000        0.0000000000000000        0.0000000000000000        451787122952.90991       -228862811772.04385        0.0000000000000000       5.37491077648110988E-016   9445319553185.3555       -5637565649906.9141        0.0000000000000000      T
          54          12           2  -323.04400819248940       -1511.0424690179063        0.0000000000000000        165.42184094682233       -910.23229085887624        0.0000000000000000               12          10          53          -1   0.0000000000000000        0.0000000000000000        0.0000000000000000        0.0000000000000000        0.0000000000000000        0.0000000000000000       5.37491077648110988E-016   9604159473921.1895       -5362846333756.9023        0.0000000000000000      T
          55          14           2   237.24325308322011        3539.9496993898283        0.0000000000000000       -485.88312275205408        496.64665398277236        0.0000000000000000                1          11          99          62   0.0000000000000000        0.0000000000000000        0.0000000000000000        0.0000000000000000        0.0000000000000000        0.0000000000000000       5.37491077648110988E-016   0.0000000000000000        0.0000000000000000        0.0000000000000000      T
          56           2           1   156.57734833916032       -1763.8511577859717        0.0000000000000000        121.39076868559911       -591.29232561413801       5.68434188608080149E-014           2          11           6          57   0.0000000000000000        0.0000000000000000        0.0000000000000000        174512821615.20050        32726128331.769257        0.0000000000000000       5.37491077648110988E-016   121074082755.85872       -52527903869.894562        0.0000000000000000      T
          57           2           1   151.64484244999903       -2384.2497415526418        0.0000000000000000       -161.61720021192002       -604.10509522276209        0.0000000000000000                2          11          56         110   0.0000000000000000        0.0000000000000000        0.0000000000000000        220585147318.33173       -58274342880.611282        0.0000000000000000       5.37491077648110988E-016  -67528810113.587273       -217593323111.83368        0.0000000000000000      T
          58           4           2   706.30269769648964        155.32442096853606        0.0000000000000000        356.20449796761392        540.88046624786716        0.0000000000000000                4           7          16          -1   0.0000000000000000        0.0000000000000000        0.0000000000000000        0.0000000000000000        0.0000000000000000        0.0000000000000000       5.37491077648110988E-016  -135172116211.12468        90092049428.897141        0.0000000000000000      T
          59          13           2   316.43247488864597        3439.4180844261232        0.0000000000000000       -670.04890956739837        380.69768993862937        0.0000000000000000                7           8          31          61   0.0000000000000000        0.0000000000000000        0.0000000000000000        0.0000000000000000        0.0000000000000000        0.0000000000000000       5.37491077648110988E-016   0.0000000000000000        0.0000000000000000        0.0000000000000000      T
          60          10           2   706.30269769648964        155.32442096853606        0.0000000000000000        829.68507864574576        301.32546321294831      -2.84217094304040074E-014          10          10          44          -1   0.0000000000000000        0.0000000000000000        0.0000000000000000        0.0000000000000000        0.0000000000000000        0.0000000000000000       5.37491077648110988E-016   7537862392775.9619       -4784750564931.1299        0.0000000000000000      T
          61          13           2  -144.68149821239390       -557.80817822518145        0.0000000000000000       -324.21331462742580        686.64540105470394        0.0000000000000000               16           8          59          63   0.0000000000000000        0.0000000000000000        0.0000000000000000        0.0000000000000000        0.0000000000000000        0.0000000000000000       5.37491077648110988E-016   0.0000000000000000        0.0000000000000000        0.0000000000000000      T
          62          14           2  -161.49366682966595       -466.84215180135789        0.0000000000000000       -352.99615385954786        555.88150643221024        0.0000000000000000               17          11          55          64   0.0000000000000000        0.0000000000000000        0.0000000000000000        0.0000000000000000        0.0000000000000000        0.0000000000000000       5.37491077648110988E-016   0.0000000000000000        0.0000000000000000        0.0000000000000000      T
          63          13           2  -429.68830351859185        32.180210781038710        0.0000000000000000       -307.25040409601161        647.63637227801939        0.0000000000000000               16           8          61          65   0.0000000000000000        0.0000000000000000        0.0000000000000000        0.0000000000000000        0.0000000000000000        0.0000000000000000       5.37491077648110988E-016   0.0000000000000000        0.0000000000000000        0.0000000000000000      T
          64          14           2  -429.01784566880804        112.90187225953423        0.0000000000000000       -295.67641760815764        594.66406028061192        0.0000000000000000               17          11          62          66   0.0000000000000000        0.0000000000000000        0.0000000000000000        0.0000000000000000        0.0000000000000000        0.0000000000000000       5.37491077648110988E-016   0.0000000000000000        0.0000000000000000        0.0000000000000000      T
          65          13           2   3338.3011482210486       -1586.6425294091111        0.0000000000000000       -44.996408112252084        718.11363472474443        0.0000000000000000                7           8          63          67   0.0000000000000000        0.0000000000000000        0.0000000000000000        0.0000000000000000        0.0000000000000000        0.0000000000000000       5.37491077648110988E-016   0.0000000000000000        0.0000000000000000        0.0000000000000000      T
          66          14           2   3338.4622558819547       -1513.3020702728409        0.0000000000000000        11.998642977135169        670.83014951528924        0.0000000000000000                1          11          64          68   0.0000000000000000        0.0000000000000000        0.0000000000000000        0.0000000000000000        0.0000000000000000        0.0000000000000000       5.37491077648110988E-016   0.0000000000000000        0.0000000000000000        0.0000000000000000      T
          67          13           2   3376.2459956711109       -943.61640553092093        0.0000000000000000        145.52914745416800        679.20533187537603        0.0000000000000000                7           8          65          69   0.0000000000000000        0.0000000000000000        0.0000000000000000        0.0000000000000000        0.0000000000000000        0.0000000000000000       5.37491077648110988E-016   0.0000000000000000        0.0000000000000000        0.0000000000000000      T
          68          14           2   3399.4657614993012       -878.40061620382278        0.0000000000000000        149.12898920107611        646.73865991505420        0.0000000000000000                1          11          66          70   0.0000000000000000        0.0000000000000000        0.0000000000000000        0.0000000000000000        0.0000000000000000        0.0000000000000000       5.37491077648110988E-016   0.0000000000000000        0.0000000000000000        0.0000000000000000      T
          69          13           2   3505.6785829201772       -308.81814843568804        0.0000000000000000        152.49451068451509        629.02276800177003        0.0000000000000000                7           8          67          72   0.0000000000000000        0.0000000000000000        0.0000000000000000        0.0000000000000000        0.0000000000000000        0.0000000000000000       5.37491077648110988E-016   0.0000000000000000        0.0000000000000000        0.0000000000000000      T
          70          14           2  -321.01438982432012       -2519.3342899639069        0.0000000000000000        229.71004320960708        591.98112302690936        0.0000000000000000               18          11          68          73   0.0000000000000000        0.0000000000000000        0.0000000000000000        0.0000000000000000        0.0000000000000000        0.0000000000000000       5.37491077648110988E-016   0.0000000000000000        0.0000000000000000        0.0000000000000000      T
          71           3           1  -1154.4914422830188        3567.9098042026694        0.0000000000000000        438.36373561726157       -480.47298359478015      -5.68434188608080149E-014          13          11          11          79   0.0000000000000000        0.0000000000000000        0.0000000000000000        286145023018.53931        260220058226.05798        0.0000000000000000       5.37491077648110988E-016   162985328795.92883       -383657611267.49133        0.0000000000000000      T
          72          13           2  -212.62482592527886       -1962.9545736352384        0.0000000000000000        279.65325443062125        586.82987219151357        0.0000000000000000               15           8          69          74   0.0000000000000000        0.0000000000000000        0.0000000000000000        0.0000000000000000        0.0000000000000000        0.0000000000000000       5.37491077648110988E-016   0.0000000000000000        0.0000000000000000        0.0000000000000000      T
          73          14           2  -122.41115195577788       -1921.4772492327347        0.0000000000000000        211.05765578444755        610.97180234193024        0.0000000000000000               18          11          70          76   0.0000000000000000        0.0000000000000000        0.0000000000000000        0.0000000000000000        0.0000000000000000        0.0000000000000000       5.37491077648110988E-016   0.0000000000000000        0.0000000000000000        0.0000000000000000      T
          74          13           2   34.635802857368162       -1383.9569571194604        0.0000000000000000        311.40732707962843        581.33958904067720        0.0000000000000000               15           8          72          77   0.0000000000000000        0.0000000000000000        0.0000000000000000        0.0000000000000000        0.0000000000000000        0.0000000000000000       5.37491077648110988E-016   0.0000000000000000        0.0000000000000000        0.0000000000000000      T
          75           9           1   2679.2602359598500        1277.8766568134931        0.0000000000000000        424.33673539127136       -488.10338923938866        0.0000000000000000                9           8          39          81   0.0000000000000000        0.0000000000000000        0.0000000000000000        318578355225.41101        281095172174.35004        0.0000000000000000       5.37491077648110988E-016   469160598982.24280       -167339293923.53247        0.0000000000000000      T
          76          14           2   119.37268295200789       -1313.6043297030324        0.0000000000000000        279.72033236583576        578.82250043848069        0.0000000000000000               18          11          73          78   0.0000000000000000        0.0000000000000000        0.0000000000000000        0.0000000000000000        0.0000000000000000        0.0000000000000000       5.37491077648110988E-016   0.0000000000000000        0.0000000000000000        0.0000000000000000      T
          77          13           2   368.48682912642533       -816.25764149081101        0.0000000000000000        389.23593501298467        547.33136184144530        0.0000000000000000               15           8          74          80   0.0000000000000000        0.0000000000000000        0.0000000000000000        0.0000000000000000        0.0000000000000000        0.0000000000000000       5.37491077648110988E-016   0.0000000000000000        0.0000000000000000        0.0000000000000000      T
          78          14           2   445.15336860244764       -776.45678486077418        0.0000000000000000        382.41748488341199        520.25460530965461        0.0000000000000000               18          11          76          82   0.0000000000000000        0.0000000000000000        0.0000000000000000        0.0000000000000000        0.0000000000000000        0.0000000000000000       5.37491077648110988E-016   0.0000000000000000        0.0000000000000000        0.0000000000000000      T
          79           3           1  -861.09071421771523        3011.5965323327760        0.0000000000000000        86.482365439325349       -610.93063872058678        0.0000000000000000               13          11          71          85   0.0000000000000000        0.0000000000000000        0.0000000000000000        260533154145.96298        95388001710.680145        0.0000000000000000       5.37491077648110988E-016  -108704793504.81467       -537729496838.18262        0.0000000000000000      T
          80          13           2   805.16145905371650       -331.83968916609831        0.0000000000000000        486.04926068486361        452.46844218586739        0.0000000000000000               15           8          77          83   0.0000000000000000        0.0000000000000000        0.0000000000000000        0.0000000000000000        0.0000000000000000        0.0000000000000000       5.37491077648110988E-016   0.0000000000000000        0.0000000000000000        0.0000000000000000      T
          81           9           1  -908.77486268752136        2964.4177720345601        0.0000000000000000        281.70344786963761       -616.46282391221575        0.0000000000000000               14           8          75          87   0.0000000000000000        0.0000000000000000        0.0000000000000000        360982950663.95349        164478987388.25513        0.0000000000000000       5.37491077648110988E-016   453052003623.42517       -130639215485.79701        0.0000000000000000      T
          82          14           2   901.72519296588484       -295.52527122830827        0.0000000000000000        496.86902053853794        455.54340272668446        0.0000000000000000               18          11          78          84   0.0000000000000000        0.0000000000000000        0.0000000000000000        0.0000000000000000        0.0000000000000000        0.0000000000000000       5.37491077648110988E-016   0.0000000000000000        0.0000000000000000        0.0000000000000000      T
          83          13           2   1328.7062387599467        34.471835407194675        0.0000000000000000        506.51168116193145        401.57605465579331        0.0000000000000000               15           8          80          86   0.0000000000000000        0.0000000000000000        0.0000000000000000        0.0000000000000000        0.0000000000000000        0.0000000000000000       5.37491077648110988E-016   0.0000000000000000        0.0000000000000000        0.0000000000000000      T
          84          14           2   1429.8634537578982        90.262784707971804        0.0000000000000000        532.88172401937061        359.03351527920472        0.0000000000000000               18          11          82          88   0.0000000000000000        0.0000000000000000        0.0000000000000000        0.0000000000000000        0.0000000000000000        0.0000000000000000       5.37491077648110988E-016   0.0000000000000000        0.0000000000000000        0.0000000000000000      T
          85           3           1  -908.39122815513542        2389.1967376925700        0.0000000000000000       -45.992554990913334       -611.94366105316806        0.0000000000000000               13          11          79          89   0.0000000000000000        0.0000000000000000        0.0000000000000000        93864643937.993698        10775446740.973541        0.0000000000000000       5.37491077648110988E-016  -60771556198.139511       -303710003626.86316        0.0000000000000000      T
          86          13           2   1856.5669020468390        407.02046036681367        0.0000000000000000        511.77619975569627        372.34680780762670        0.0000000000000000               15           8          83          90   0.0000000000000000        0.0000000000000000        0.0000000000000000        0.0000000000000000        0.0000000000000000        0.0000000000000000       5.37491077648110988E-016   0.0000000000000000        0.0000000000000000        0.0000000000000000      T
          87           9           1  -655.22602055355924        2341.0125196579156        0.0000000000000000        182.65616450545190       -633.15109998814410        0.0000000000000000               14           8          81          95   0.0000000000000000        0.0000000000000000        0.0000000000000000        351883406182.03522        98111005872.211212        0.0000000000000000       5.37491077648110988E-016   373242666039.02905       -213671317974.54852        0.0000000000000000      T
          88          14           2   1964.3147143541448        428.99531942203191        0.0000000000000000        526.86593224430078        366.95400030951822        0.0000000000000000               18          11          84          91   0.0000000000000000        0.0000000000000000        0.0000000000000000        0.0000000000000000        0.0000000000000000        0.0000000000000000       5.37491077648110988E-016   0.0000000000000000        0.0000000000000000        0.0000000000000000      T
          89           3           1  -824.99431688293794        1796.3874661725163        0.0000000000000000        205.77704652866191       -586.92191554751992       5.68434188608080149E-014          13          11          85          97   0.0000000000000000        0.0000000000000000        0.0000000000000000        202211801889.54684        50863873043.507561        0.0000000000000000       5.37491077648110988E-016   123145988963.41652       -366763174914.29376        0.0000000000000000      T
          90          13           2  -1518.4174546643428        3010.0704827947425        0.0000000000000000        620.88117486190367        281.86140615352195        0.0000000000000000                7           8          86          92   0.0000000000000000        0.0000000000000000        0.0000000000000000        0.0000000000000000        0.0000000000000000        0.0000000000000000       5.37491077648110988E-016   0.0000000000000000        0.0000000000000000        0.0000000000000000      T
          91          14           2  -1392.5600435270871        3030.2626234454865        0.0000000000000000        601.51533652527394        271.44253411552387        0.0000000000000000                1          11          88          96   0.0000000000000000        0.0000000000000000        0.0000000000000000        0.0000000000000000        0.0000000000000000        0.0000000000000000       5.37491077648110988E-016   0.0000000000000000        0.0000000000000000        0.0000000000000000      T
          92          13           2  -887.74699913153040        3247.3612303550126        0.0000000000000000        680.73167172091291        131.34980736941279        0.0000000000000000                7           8          90          98   0.0000000000000000        0.0000000000000000        0.0000000000000000        0.0000000000000000        0.0000000000000000        0.0000000000000000       5.37491077648110988E-016   0.0000000000000000        0.0000000000000000        0.0000000000000000      T
          93           8           1   128.80854039413805       -2712.2271969252570        0.0000000000000000       -307.06800781122513       -477.73858825204229        0.0000000000000000                8           8          34          94   0.0000000000000000        0.0000000000000000        0.0000000000000000        188650406815.30389       -115459225680.19121        0.0000000000000000       5.37491077648110988E-016  -117921923505.26651       -76588516708.827789        0.0000000000000000      T
          94           8           1  -263.95519345427351       -3116.0933521587976        0.0000000000000000       -466.49897328024292       -323.39705946502181       5.68434188608080149E-014           8           8          93         126   0.0000000000000000        0.0000000000000000        0.0000000000000000        134458142043.50252       -194058088552.26822        0.0000000000000000       5.37491077648110988E-016  -274877532999.42288        112518657389.36813        0.0000000000000000      T
          95           9           1  -581.94522589839721        1698.9444354434886        0.0000000000000000       -31.839195524073403       -647.35278590842256        0.0000000000000000               14           8          87         102   0.0000000000000000        0.0000000000000000        0.0000000000000000        190541837566.76431        35493930280.889198        0.0000000000000000       5.37491077648110988E-016   108561157562.99294       -174271199548.55975        0.0000000000000000      T
          96          14           2  -799.36102368787203        3289.6930765341240        0.0000000000000000        647.75562627571856        176.61005845014904        0.0000000000000000                1          11          91          99   0.0000000000000000        0.0000000000000000        0.0000000000000000        0.0000000000000000        0.0000000000000000        0.0000000000000000       5.37491077648110988E-016   0.0000000000000000        0.0000000000000000        0.0000000000000000      T
          97           3           1  -626.58618395357189        1195.0983985129728        0.0000000000000000        68.299501480958270       -622.66369429554743        0.0000000000000000               13          11          89         100   0.0000000000000000        0.0000000000000000        0.0000000000000000        399472850705.42773        17779426737.965813        0.0000000000000000       5.37491077648110988E-016   95795686238.819214       -505913012217.94293        0.0000000000000000      T
          98          13           2  -245.70506486579859        3305.4904121763502        0.0000000000000000        669.27733872130102       -18.815731422004419        0.0000000000000000                7           8          92         101   0.0000000000000000        0.0000000000000000        0.0000000000000000        0.0000000000000000        0.0000000000000000        0.0000000000000000       5.37491077648110988E-016   0.0000000000000000        0.0000000000000000        0.0000000000000000      T
          99          14           2  -143.58493754285701        3375.2641869214099        0.0000000000000000        678.85552337709510        41.902235699933321        0.0000000000000000                1          11          96          55   0.0000000000000000        0.0000000000000000        0.0000000000000000        0.0000000000000000        0.0000000000000000        0.0000000000000000       5.37491077648110988E-016   0.0000000000000000        0.0000000000000000        0.0000000000000000      T
         100           3           1  -734.54485083478744        560.03695943733851        0.0000000000000000       -207.62665430804489       -631.47482747582524        0.0000000000000000               13          11          97         103   0.0000000000000000        0.0000000000000000        0.0000000000000000        407051132913.73035       -115056494757.82111        0.0000000000000000       5.37491077648110988E-016   8715688490.9115639       -339737081109.69348        0.0000000000000000      T
         101          13           2   410.43166255592450        3238.9745802429425        0.0000000000000000        695.29256627423035       -134.86791524989965        0.0000000000000000                7           8          98          31   0.0000000000000000        0.0000000000000000        0.0000000000000000        0.0000000000000000        0.0000000000000000        0.0000000000000000       5.37491077648110988E-016   0.0000000000000000        0.0000000000000000        0.0000000000000000      T
         102           9           1  -687.52808986983632        1051.3369640794720        0.0000000000000000       -152.20559035798951       -646.46442311349460        0.0000000000000000               14           8          95         105   0.0000000000000000        0.0000000000000000        0.0000000000000000        247530099202.23044       -77058761012.908813        0.0000000000000000       5.37491077648110988E-016  -433084582409.31097        83926462253.454163        0.0000000000000000      T
         103           3           1  -992.00108078051016       -40.061832707037638        0.0000000000000000       -334.03757472959472       -556.91768946117963      -2.84217094304040074E-014          13          11         100         106   0.0000000000000000        0.0000000000000000        0.0000000000000000        331935172480.41632       -184828729861.62509        0.0000000000000000       5.37491077648110988E-016  -596273193760.32983        151560522951.74457        0.0000000000000000      T
         104           7           1  -1597.8370717282294        337.27524980581825        0.0000000000000000       -86.617422762111218       -526.51404298387047        0.0000000000000000               15           8          30         107   0.0000000000000000        0.0000000000000000        0.0000000000000000       -93586870588.607376        41313484823.428093        0.0000000000000000       5.37491077648110988E-016   10239962208236.510       -4016591967161.1895        0.0000000000000000      T
         105           9           1  -882.70546213698924        419.99431063674024        0.0000000000000000       -261.61915175974434       -603.63989605784514        0.0000000000000000               14           8         102         108   0.0000000000000000        0.0000000000000000        0.0000000000000000        420463825127.94580       -176466418811.79227        0.0000000000000000       5.37491077648110988E-016  -661195404712.28906        100827278080.67877        0.0000000000000000      T
         106           3           1  -1398.7061830137666       -547.45449165305217        0.0000000000000000       -448.70704331051229       -463.32876795062771      -2.84217094304040074E-014          13          11         103         112   0.0000000000000000        0.0000000000000000        0.0000000000000000        275925877834.32422       -234815613578.71924        0.0000000000000000       5.37491077648110988E-016  -1604622584341.9028        1288500692348.6709        0.0000000000000000      T
         107           7           1  -1596.9610968492807       -204.15042642068329        0.0000000000000000        39.731118907597818       -551.85111443612152        0.0000000000000000               15           8         104         113   0.0000000000000000        0.0000000000000000        0.0000000000000000        30157508934.315472        192671985838.37241        0.0000000000000000       5.37491077648110988E-016   4675622639399.1924       -2164985097503.5303        0.0000000000000000      T
         108           9           1  -1226.0466351047462       -141.16653501954079        0.0000000000000000       -416.87343830776189       -516.48648995216377      -2.84217094304040074E-014          14           8         105         114   0.0000000000000000        0.0000000000000000        0.0000000000000000        290861854709.18262       -211560291183.20349        0.0000000000000000       5.37491077648110988E-016  -541220942108.76776        223417326903.69366        0.0000000000000000      T
         109           1           1  -2011.0535526305832        379.91885686427463        0.0000000000000000        365.27305939698567       -464.43961595893154      -2.84217094304040074E-014          18          11           5         115   0.0000000000000000        0.0000000000000000        0.0000000000000000        202865833014.75861        26556148146.353386        0.0000000000000000       5.37491077648110988E-016   218067310984.50485        631771529967.42456        0.0000000000000000      T
         110           2           1  -162.54247108144932       -2921.3520479742488        0.0000000000000000       -432.28142609974788       -464.78996405964506        0.0000000000000000                2          11          57         111   0.0000000000000000        0.0000000000000000        0.0000000000000000        165585358349.99918       -151990956748.59372        0.0000000000000000       5.37491077648110988E-016  -135482003023.23460       -158540218373.78510        0.0000000000000000      T
         111           2           1  -674.50228269805064       -3274.7902724149317        0.0000000000000000       -587.69847083323771       -208.35664112552752      -5.24025267623073887E-014           2          11         110         129   0.0000000000000000        0.0000000000000000        0.0000000000000000        54207855241.682709       -227998086023.47501        0.0000000000000000       5.37491077648110988E-016  -299812770358.87756       -104327158633.93988        0.0000000000000000      T
         112           3           1  -1866.4737182576366       -977.16539052947974        0.0000000000000000       -494.55216445973639       -401.07791220363799       2.84217094304040074E-014          13          11         106         116   0.0000000000000000        0.0000000000000000        0.0000000000000000        301629216468.62073       -336640304943.25598        0.0000000000000000       5.37491077648110988E-016  -1632185082604.2544        1865808831640.5166        0.0000000000000000      T
         113           7           1   2327.8714021973897        1503.3065172539925        0.0000000000000000       -32.447092006925594       -544.50107033678205        0.0000000000000000                7           8         107         117   0.0000000000000000        0.0000000000000000        0.0000000000000000        384191023908.85687       -17105007688.144783        0.0000000000000000       5.37491077648110988E-016   1173795675056.9814       -660027844357.06189        0.0000000000000000      T
         114           9           1  -1687.6508270295369       -615.81813916071337        0.0000000000000000       -485.72318968685136       -437.85149352586154      -2.84217094304040074E-014          14           8         108         118   0.0000000000000000        0.0000000000000000        0.0000000000000000        262666331091.05151       -288785414330.06396        0.0000000000000000       5.37491077648110988E-016  -652659335031.70898        578388811748.34045        0.0000000000000000      T
         115           1           1  -1761.0216614060571       -94.194162259722589        0.0000000000000000        137.56434497945276       -508.52546725974702        0.0000000000000000               18          11         109         119   0.0000000000000000        0.0000000000000000        0.0000000000000000        207569584133.69800        52240804190.906311        0.0000000000000000       5.37491077648110988E-016  -1327139806927.4131        86912733976.389267        0.0000000000000000      T
         116           3           1  -2392.6990413287372       -1340.8891392733417        0.0000000000000000       -555.06287379545324       -312.66352609568753       5.68434188608080149E-014          13          11         112         120   0.0000000000000000        0.0000000000000000        0.0000000000000000        239672399974.15686       -401703567913.64551        0.0000000000000000       5.37491077648110988E-016  -968895791493.41394        1389793438610.8660        0.0000000000000000      T
         117           7           1   2231.2361813292500        972.27311515868541        0.0000000000000000       -162.61637725980594       -517.38735288830526        0.0000000000000000                7           8         113         121   0.0000000000000000        0.0000000000000000        0.0000000000000000        321016389914.08789       -88092119851.826035        0.0000000000000000       5.37491077648110988E-016   308064305768.29596       -339215867901.86157        0.0000000000000000      T
         118           9           1  -2200.0424699479890       -1008.5845321425991        0.0000000000000000       -562.22130747456401       -334.36152731356350      -2.84217094304040074E-014          14           8         114         122   0.0000000000000000        0.0000000000000000        0.0000000000000000        233590428060.77466       -374177835500.46704        0.0000000000000000       5.37491077648110988E-016  -458261677169.34717        561718550254.59448        0.0000000000000000      T
         119           1           1   2208.6889764830707        1620.4783054765524        0.0000000000000000        6.4316871106617306       -556.29354257490832        0.0000000000000000                1          11         115         123   0.0000000000000000        0.0000000000000000        0.0000000000000000        230113513633.24902        64939053697.597244        0.0000000000000000       5.37491077648110988E-016  -3613790747680.0073        89020763719.720245        0.0000000000000000      T
         120           3           1  -2977.3489949143427       -1579.4000351633324        0.0000000000000000       -617.82217032857125       -154.97191731517049      -3.55271367880050093E-014          13          11         116         124   0.0000000000000000        0.0000000000000000        0.0000000000000000        115330362628.15236       -416393879582.33551        0.0000000000000000       5.37491077648110988E-016  -478599800878.69141        621186194093.65186        0.0000000000000000      T
         121           7           1   2003.9156602056892        476.12219309129995        0.0000000000000000       -288.95462492894944       -467.50249059807334        0.0000000000000000                7           8         117         125   0.0000000000000000        0.0000000000000000        0.0000000000000000        215552860075.27597       -142350695137.12872        0.0000000000000000       5.37491077648110988E-016   91922328325.645096       -286083506377.39117        0.0000000000000000      T
         122           9           1  -2814.9947504671791       -1232.9695628189206        0.0000000000000000       -647.42335072782009       -76.156668194504164       4.26325641456060112E-014          14           8         118         127   0.0000000000000000        0.0000000000000000        0.0000000000000000        116995948894.70566       -257427106987.84558        0.0000000000000000       5.37491077648110988E-016  -197350764032.45941        227859288130.86530        0.0000000000000000      T
         123           1           1   2171.0283021743121        1077.9407245152413        0.0000000000000000       -104.40666359649272       -526.40907552538761      -2.84217094304040074E-014           1          11         119         128   0.0000000000000000        0.0000000000000000        0.0000000000000000        330998192570.68835       -424804206.87137413        0.0000000000000000       5.37491077648110988E-016  -4357040327427.4053        965940786380.86450        0.0000000000000000      T
         124           3           1  -3616.4937389966426       -1641.3563369758081        0.0000000000000000       -645.03253789398264        31.149602248970396       5.68434188608080149E-014          13          11         120         130   0.0000000000000000        0.0000000000000000        0.0000000000000000       -11106150832.334764       -399307201562.68872        0.0000000000000000       5.37491077648110988E-016  -305208689201.97583        165291084702.94058        0.0000000000000000      T
         125           7           1   1647.8744530898930        69.646260608173662        0.0000000000000000       -431.65030774246742       -320.48324837093679       1.42108547152020037E-014           7           8         121         131   0.0000000000000000        0.0000000000000000        0.0000000000000000        145947375706.19772       -208965825582.44608        0.0000000000000000       5.37491077648110988E-016  -192835744284.50763       -144323351342.45505        0.0000000000000000      T
         126           8           1  -782.58133262276306       -3326.8104999690577        0.0000000000000000       -561.10571811850684       -72.423083019271388       2.84217094304040074E-014           8           8          94         138   0.0000000000000000        0.0000000000000000        0.0000000000000000        23786800242.398552       -243095468979.87039        0.0000000000000000       5.37491077648110988E-016  -306864982786.12207        186002858976.75793        0.0000000000000000      T
         127           9           1  -3466.3796133454225       -1213.5773507915023        0.0000000000000000       -647.09671980645544        24.009744144870350      -1.42108547152020037E-014          14           8         122         132   0.0000000000000000        0.0000000000000000        0.0000000000000000       -4043434770.4807920       -115143817181.64056        0.0000000000000000       5.37491077648110988E-016   8210018484.8532381        16598993585.146210        0.0000000000000000      T
         128           1           1   1983.2273376255387        573.94592162888102        0.0000000000000000       -265.18994929728507       -477.66730686655586        0.0000000000000000                1          11         123         133   0.0000000000000000        0.0000000000000000        0.0000000000000000        365822235264.42664       -127270518117.84180        0.0000000000000000       5.37491077648110988E-016  -3431934581228.5371        1576826408404.0718        0.0000000000000000      T
         129           2           1  -1276.9707865384189       -3260.0237729253718        0.0000000000000000       -560.20963693821045        282.20135370838727       5.68434188608080149E-014           2          11         111         142   0.0000000000000000        0.0000000000000000        0.0000000000000000       -71883185495.296448       -223400170193.04633        0.0000000000000000       5.37491077648110988E-016  -310709084996.49207        66340107109.074432        0.0000000000000000      T
         130           3           1   3579.1980875930312       -1509.9368932257194        0.0000000000000000       -606.93735240437934        238.76293413212869        0.0000000000000000               13          11         124         134   0.0000000000000000        0.0000000000000000        0.0000000000000000       -136085897062.88095       -342921931645.33838        0.0000000000000000       5.37491077648110988E-016  -129000693729.76810        329533175106.13989        0.0000000000000000      T
         131           7           1   1146.8101685181059       -115.16230142161457        0.0000000000000000       -555.76061916393178       -24.417999456925934        0.0000000000000000                7           8         125         149   0.0000000000000000        0.0000000000000000        0.0000000000000000        40219170176.977066       -206960590870.52362        0.0000000000000000       5.37491077648110988E-016  -305113018067.83551        9491105196.3176632        0.0000000000000000      T
         132           9           1   3711.2491262844228       -1215.6081837705219        0.0000000000000000       -659.98906162255616        32.201828760218874       1.42108547152020037E-014          14           8         127         135   0.0000000000000000        0.0000000000000000        0.0000000000000000       -34561394040.488274       -334317462211.77191        0.0000000000000000       5.37491077648110988E-016  -95372054874.175323        32647559989.371811        0.0000000000000000      T
         133           1           1   1639.8307974688701        150.59743645555767        0.0000000000000000       -428.42605333069304       -344.95156118744330       1.42108547152020037E-014           1          11         128         136   0.0000000000000000        0.0000000000000000        0.0000000000000000        264269047309.87662       -227145912047.00311        0.0000000000000000       5.37491077648110988E-016  -1900902695574.7551        1433564696567.5078        0.0000000000000000      T
         134           3           1   3026.7076019225956       -1157.6485526852898        0.0000000000000000       -472.14495156178566        464.92201409406943        0.0000000000000000               13          11         130         137   0.0000000000000000        0.0000000000000000        0.0000000000000000       -246136685370.77579       -252081387862.42871        0.0000000000000000       5.37491077648110988E-016   35007912128.275734        668355011076.30151        0.0000000000000000      T
         135           9           1   3070.6082341599231       -1052.2668314703196        0.0000000000000000       -576.51441301828436        331.11449877780092       5.68434188608080149E-014          14           8         132         139   0.0000000000000000        0.0000000000000000        0.0000000000000000       -153386957567.68451       -235586218229.06415        0.0000000000000000       5.37491077648110988E-016  -279374424158.75916        115965330902.25739        0.0000000000000000      T
         136           1           1   1143.5760281291773       -72.736070784119619        0.0000000000000000       -540.05976586902750       -82.572425622672142        0.0000000000000000                1          11         133         146   0.0000000000000000        0.0000000000000000        0.0000000000000000        88269331911.403656       -206499645576.24603        0.0000000000000000       5.37491077648110988E-016  -761691295063.17407        844620318871.74133        0.0000000000000000      T
         137           3           1   2690.8025839205857       -600.81579524958784        0.0000000000000000       -169.66935236581554        628.91230341998869        0.0000000000000000               13          11         134         140   0.0000000000000000        0.0000000000000000        0.0000000000000000       -318991905598.50635       -87905560181.775635        0.0000000000000000       5.37491077648110988E-016  -226818925919.26199        455696618545.64844        0.0000000000000000      T
         138           8           1  -1319.9549974360430       -3211.2565736734978        0.0000000000000000       -457.07756619104026        327.59972699800699        0.0000000000000000                8           8         126         144   0.0000000000000000        0.0000000000000000        0.0000000000000000       -114650198342.17300       -206195589572.41895        0.0000000000000000       5.37491077648110988E-016  -334792620568.23932        195502246836.78094        0.0000000000000000      T
         139           9           1   2648.8997895885755       -556.33318885275503        0.0000000000000000       -221.00129639184851        621.16516088187677      -5.68434188608080149E-014          14           8         135         141   0.0000000000000000        0.0000000000000000        0.0000000000000000       -329079258066.61676       -114547681078.74728        0.0000000000000000       5.37491077648110988E-016  -126625569367.61639        380439240773.65637        0.0000000000000000      T
         140           3           1   2704.1707887861608        46.355568624000853        0.0000000000000000        183.21192161573921        631.44113615384742        0.0000000000000000               13          11         137         143   0.0000000000000000        0.0000000000000000        0.0000000000000000       -231810727288.39874        51543470466.568871        0.0000000000000000       5.37491077648110988E-016   48460313722.709518        315146807780.04419        0.0000000000000000      T
         141           9           1   2644.5766744075854        97.555450888964515        0.0000000000000000        182.42491932866579        633.69170477254431        0.0000000000000000               14           8         139         145   0.0000000000000000        0.0000000000000000        0.0000000000000000       -317232424734.81122        75594864131.349030        0.0000000000000000       5.37491077648110988E-016   186410557874.00146        355215918815.99310        0.0000000000000000      T
         142           2           1  -1653.5245453863947       -2779.1263271961120        0.0000000000000000       -108.52976947895311        566.54306194843855       5.68434188608080149E-014           2          11         129         147   0.0000000000000000        0.0000000000000000        0.0000000000000000       -139851140848.05493       -57836767930.648346        0.0000000000000000       5.37491077648110988E-016   223944711492.38367        446392334238.10657        0.0000000000000000      T
         143           3           1  -882.45595567814041       -1652.6470998839472        0.0000000000000000        454.31150802218241        466.34261147120651      -5.68434188608080149E-014           3          11         140         148   0.0000000000000000        0.0000000000000000        0.0000000000000000       -155960926492.92035        143059612765.69635        0.0000000000000000       5.37491077648110988E-016   328995344330.75635       -13234747148.746819        0.0000000000000000      T
         144           8           1  -1599.7272015329256       -2730.0936317709238        0.0000000000000000       -62.021623847820294        552.17477962164514        0.0000000000000000                8           8         138         150   0.0000000000000000        0.0000000000000000        0.0000000000000000       -152443446583.89795       -15087327014.957466        0.0000000000000000       5.37491077648110988E-016  -105627554690.15710        180857749691.07281        0.0000000000000000      T
         145           9           1  -930.09315945696164       -1603.5834757099037        0.0000000000000000        491.58823285607417        478.83053286616234        0.0000000000000000                9           8         141         151   0.0000000000000000        0.0000000000000000        0.0000000000000000       -173641187801.06424        186284426564.91852        0.0000000000000000       5.37491077648110988E-016   280522728238.13403        153371313722.71143        0.0000000000000000      T
         146           1           2   706.30269769649021        155.32442096853498        0.0000000000000000       -211.91918251033673        689.42221721706483        0.0000000000000000                1          11         136          -1   0.0000000000000000        0.0000000000000000        0.0000000000000000        0.0000000000000000        0.0000000000000000        0.0000000000000000       5.37491077648110988E-016  -79450807311.071289        684540106668.22949        0.0000000000000000      T
         147           2           2  -1425.3827500766492       -2206.9837292854208        0.0000000000000000        549.09282423933189        610.74652941770955       5.68434188608080149E-014           2          11         142          -1   0.0000000000000000        0.0000000000000000        0.0000000000000000        0.0000000000000000        0.0000000000000000        0.0000000000000000       5.37491077648110988E-016   193363116776.17963       -107170568068.19533        0.0000000000000000      T
         148           3           2  -323.04400819248940       -1511.0424690179063        0.0000000000000000        655.16311627508423       -392.49232155473283      -5.68434188608080149E-014           3          11         143          -1   0.0000000000000000        0.0000000000000000        0.0000000000000000        0.0000000000000000        0.0000000000000000        0.0000000000000000       5.37491077648110988E-016   234545837794.50827       -851751900684.41138        0.0000000000000000      T
         149           7           2   706.30269769649021        155.32442096853498        0.0000000000000000       -170.02248178201341        675.18972727972437        0.0000000000000000                7           8         131          -1   0.0000000000000000        0.0000000000000000        0.0000000000000000        0.0000000000000000        0.0000000000000000        0.0000000000000000       5.37491077648110988E-016   208239662405.99985        123783900936.71469        0.0000000000000000      T
         150           8           2  -1425.3827500766492       -2206.9837292854208        0.0000000000000000        388.88080366050400        476.51968767964291        0.0000000000000000                8           8         144          -1   0.0000000000000000        0.0000000000000000        0.0000000000000000        0.0000000000000000        0.0000000000000000        0.0000000000000000       5.37491077648110988E-016  -227787297836.84579        45063103637.812820        0.0000000000000000      T
         151           9           2  -323.04400819248968       -1511.0424690179061        0.0000000000000000        685.62556236231330       -598.29422254814267        0.0000000000000000                9           8         145          -1   0.0000000000000000        0.0000000000000000        0.0000000000000000        0.0000000000000000        0.0000000000000000        0.0000000000000000       5.37491077648110988E-016  -12388114575.292608       -789541365617.60693        0.0000000000000000      T
