           1   2378.6246261874257        2378.6246261874257        2378.6246261874257                0
           1   2961.9591195589951        2961.9591195589951        2961.9591195589951                0
           1   4129.2805094669511        4129.2805094669511        4129.2805094669511                0
           2   2378.6246261874257        3154.3753738125743        2378.6246261874257                0
           2   2961.9591195589951        2571.0408804410049        2961.9591195589951                0
           2   4129.2805094669511        1403.7194905330489        4129.2805094669511                0
           3   3154.3753738125743        3154.3753738125743        2378.6246261874257                0
           3   2571.0408804410049        2571.0408804410049        2961.9591195589951                0
           3   1403.7194905330489        1403.7194905330489        4129.2805094669511                0
           4   3154.3753738125743        2378.6246261874257        2378.6246261874257                0
           4   2571.0408804410049        2961.9591195589951        2961.9591195589951                0
           4   1403.7194905330489        4129.2805094669511        4129.2805094669511                0
           1           1           2  -1425.3827500776383       -2206.9837292861193        0.0000000000000000       -702.14899907180109       -246.85611727753454       2.84217094304040074E-014           1          11          -1           2   0.0000000000000000        0.0000000000000000        0.0000000000000000        0.0000000000000000        0.0000000000000000        0.0000000000000000       5.37491077648110988E-016   77159757945.537552       -165817168915.46027        0.0000000000000000      T
           2           1           1  -1965.9383879596662       -2096.1481287390952        0.0000000000000000       -395.85473771347466        377.78280907540847        0.0000000000000000                1          11           1           3   0.0000000000000000        0.0000000000000000        0.0000000000000000       -105790843011.82053       -88555432336.204514        0.0000000000000000       5.37491077648110988E-016  -165422320197.97180        47106192884.427063        0.0000000000000000      T
           3           1           1  -2233.2740745264709       -1594.6813410063646        0.0000000000000000       -138.10602342079954        572.63204581516425        0.0000000000000000                1          11           2           4   0.0000000000000000        0.0000000000000000        0.0000000000000000       -187181394693.80194       -41473871285.204109        0.0000000000000000       5.37491077648110988E-016  -111340963545.91220        132524894724.20428        0.0000000000000000      T
           4           1           1  -2256.0429971307112       -1015.2493177415416        0.0000000000000000        77.965003883539168        574.38544065659619        0.0000000000000000                1          11           3           5   0.0000000000000000        0.0000000000000000        0.0000000000000000       -212584816090.40729        27974218197.890045        0.0000000000000000       5.37491077648110988E-016   23640166425.989525        132445344115.44727        0.0000000000000000      T
           5           1           1  -2100.0941596331854       -462.15516572800925        0.0000000000000000        225.78575256649947        527.40471739351722        0.0000000000000000                1          11           4          59   0.0000000000000000        0.0000000000000000        0.0000000000000000       -213930064021.96326        90190346962.573059        0.0000000000000000       5.37491077648110988E-016  -44443146890.697845        153332646786.24329        0.0000000000000000      T
           6           2           2  -323.04400819254818       -1511.0424690182554        0.0000000000000000        934.77517413757766       -384.53893262746885       2.84217094304040074E-014           2          11          -1           7   0.0000000000000000        0.0000000000000000        0.0000000000000000        0.0000000000000000        0.0000000000000000        0.0000000000000000       5.37491077648110988E-016   10994856655014.578       -336343776041.21082        0.0000000000000000      T
           7           2           1  -272.67591302344397       -1877.1716375718700        0.0000000000000000       -330.83294959950217       -392.43844650492724        0.0000000000000000                2          11           6           8   0.0000000000000000        0.0000000000000000        0.0000000000000000       -216282314579.62753       -240349205550.14932        0.0000000000000000       5.37491077648110988E-016   10560080581660.605       -2981366808331.0430        0.0000000000000000      T
           8           2           1  -574.21404671842924       -2269.8041029441611        0.0000000000000000       -364.95349131721298       -321.99218313053905       5.68434188608080149E-014           2          11           7          60   0.0000000000000000        0.0000000000000000        0.0000000000000000       -472095765381.54187        25015432037.807449        0.0000000000000000       5.37491077648110988E-016   6222756696526.4766       -5409998078917.1055        0.0000000000000000      T
           9           3           2   706.30269769742085        155.32442096946727        0.0000000000000000        645.70279309792954       -23.271620506455466      -1.24344978758017533E-014           3          11          -1          10   0.0000000000000000        0.0000000000000000        0.0000000000000000        0.0000000000000000        0.0000000000000000        0.0000000000000000       5.37491077648110988E-016   130991962469.91161        226550318496.22391        0.0000000000000000      T
          10           3           1   1120.5464651520392       -282.19094749784961        0.0000000000000000        173.48284183683748       -644.13345849612256       5.68434188608080149E-014           3          11           9          11   0.0000000000000000        0.0000000000000000        0.0000000000000000        103875295990.43671        21558305238.531281        0.0000000000000000       5.37491077648110988E-016   95971431637.896393       -84106538423.488068        0.0000000000000000      T
          11           3           1   1085.4486829258774       -914.28357414730681        0.0000000000000000       -202.19620475990982       -609.01853085937626        0.0000000000000000                3          11          10          12   0.0000000000000000        0.0000000000000000        0.0000000000000000        123849499130.89882       -42978907517.081528        0.0000000000000000       5.37491077648110988E-016   20380017326.680332       -118434980772.23138        0.0000000000000000      T
          12           3           1   753.43104212238381       -1461.1025958668579        0.0000000000000000       -466.04429188616552       -456.52736317339679      -2.84217094304040074E-014           3          11          11          13   0.0000000000000000        0.0000000000000000        0.0000000000000000        103093893641.17410       -97631620411.104858        0.0000000000000000       5.37491077648110988E-016  -83526408370.139557       -63875646607.830322        0.0000000000000000      T
          13           3           1   197.69316522027412       -1771.6183021179161        0.0000000000000000       -596.89318081223757       -136.87620035886368      -1.42108547152020037E-014           3          11          12          75   0.0000000000000000        0.0000000000000000        0.0000000000000000        22951169222.922729       -78762923395.862427        0.0000000000000000       5.37491077648110988E-016   45022881053.150688       -55254229769.161209        0.0000000000000000      T
          14           4           2  -1425.3827500776383       -2206.9837292861193        0.0000000000000000        715.57848280645499        625.21371137323058      -5.68434188608080149E-014           4           7          -1          15   0.0000000000000000        0.0000000000000000        0.0000000000000000        0.0000000000000000        0.0000000000000000        0.0000000000000000       5.37491077648110988E-016   70728345468.545776       -82946856766.752701        0.0000000000000000      T
          15           4           1  -942.40338430060910       -1783.8174563548332        0.0000000000000000        418.42612522046227        372.63175588062649        0.0000000000000000                4           7          14          16   0.0000000000000000        0.0000000000000000        0.0000000000000000       -20603232235.400913        23373045970.825500        0.0000000000000000       5.37491077648110988E-016  -151602007159.64636        170339442175.41888        0.0000000000000000      T
          16           4           1  -455.97841384837682       -1364.5333104548329        0.0000000000000000        518.93002499947977        411.61052159812266      -2.84217094304040074E-014           4           7          15          17   0.0000000000000000        0.0000000000000000        0.0000000000000000        19016505454.895126       -22693722020.508827        0.0000000000000000       5.37491077648110988E-016  -241753996467.85419        264100881199.90152        0.0000000000000000      T
          17           4           1   32.786052606582018       -941.86715194977410        0.0000000000000000        431.42208550319174        506.77707094206096        0.0000000000000000                4           7          16          18   0.0000000000000000        0.0000000000000000        0.0000000000000000        222102465789.65939       -142631123069.01483        0.0000000000000000       5.37491077648110988E-016   806480762251.57129       -661954780897.93677        0.0000000000000000      T
          18           4           1   366.39040863914056       -390.77958945956470        0.0000000000000000        222.48810045030598        482.54235761943744        0.0000000000000000                4           7          17          62   0.0000000000000000        0.0000000000000000        0.0000000000000000        16421433669.889387       -3578506370.2138066        0.0000000000000000       5.37491077648110988E-016   2084605966639.2710       -1373245935639.0037        0.0000000000000000      T
          19           5           2  -323.04400819254818       -1511.0424690182554        0.0000000000000000       -818.01150435124532        60.649516422292237      -2.13162820728030056E-014           5           7          -1          20   0.0000000000000000        0.0000000000000000        0.0000000000000000        0.0000000000000000        0.0000000000000000        0.0000000000000000       5.37491077648110988E-016  -5376765239823.2402        7217037943779.5664        0.0000000000000000      T
          20           5           1  -608.85863469696142       -1687.9519370770058        0.0000000000000000       -187.30308879359171       -181.18254481822373        0.0000000000000000                5           7          19          21   0.0000000000000000        0.0000000000000000        0.0000000000000000        137037450526.48567       -132405121491.55305        0.0000000000000000       5.37491077648110988E-016   5762286941821.2480       -7635529312828.8906        0.0000000000000000      T
          21           5           1  -973.01125112036107       -1783.7126817445405        0.0000000000000000       -382.67786925782679       -153.92997532825211      -7.10542735760100186E-015           5           7          20          22   0.0000000000000000        0.0000000000000000        0.0000000000000000       -1211273928230.0464        1341097318661.8511        0.0000000000000000       5.37491077648110988E-016  -2010086346139.2061        1777394739270.0273        0.0000000000000000      T
          22           5           1  -1184.4801037349221       -2065.7779948413677        0.0000000000000000       -8.8498412889825744       -336.57572716185399      -7.81597009336110204E-014           5           7          21          23   0.0000000000000000        0.0000000000000000        0.0000000000000000        23725582873.286194       -108354572678.71469        0.0000000000000000       5.37491077648110988E-016  -7436756574458.6035        7582568713623.0898        0.0000000000000000      T
          23           5           2  -1425.3827500766492       -2206.9837292854208        0.0000000000000000       -939.03726245510700        230.41974135302650      -1.42108547152020037E-014           5           7          22          -1   0.0000000000000000        0.0000000000000000        0.0000000000000000        0.0000000000000000        0.0000000000000000        0.0000000000000000       5.37491077648110988E-016  -4410630587661.4355        4808931903931.7031        0.0000000000000000      T
          24           6           2   706.30269769742085        155.32442096946727        0.0000000000000000       -336.38230248166565       -967.16788552219180        0.0000000000000000                6           7          -1          25   0.0000000000000000        0.0000000000000000        0.0000000000000000        0.0000000000000000        0.0000000000000000        0.0000000000000000       5.37491077648110988E-016   9675505153398.5273       -5233029717721.7070        0.0000000000000000      T
          25           6           1   435.45625169697610       -248.93728491149392        0.0000000000000000       -240.36590057687857       -253.50171792223952        0.0000000000000000                6           7          24          26   0.0000000000000000        0.0000000000000000        0.0000000000000000       -264554197374.57135        34564729002.234818        0.0000000000000000       5.37491077648110988E-016   9517424968030.1016       -5515112921042.9951        0.0000000000000000      T
          26           6           1   190.84734136333645       -676.81540874338668        0.0000000000000000       -248.52016421307351       -515.24473192741209        0.0000000000000000                6           7          25          27   0.0000000000000000        0.0000000000000000        0.0000000000000000        9441743951.6584263       -3590730906.2769928        0.0000000000000000       5.37491077648110988E-016   9315129172393.3262       -5850451767204.1035        0.0000000000000000      T
          27           6           1  -54.668984275001947       -1105.1779441903063        0.0000000000000000       -235.92915048676161       -254.24133220454954        0.0000000000000000                6           7          26          28   0.0000000000000000        0.0000000000000000        0.0000000000000000        262430399829.12238       -32658477466.508163        0.0000000000000000       5.37491077648110988E-016   9516307637046.0820       -5516913043695.6699        0.0000000000000000      T
          28           6           2  -323.04400819248940       -1511.0424690179063        0.0000000000000000       -349.43728250735717       -970.47112007794863        0.0000000000000000                6           7          27          -1   0.0000000000000000        0.0000000000000000        0.0000000000000000        0.0000000000000000        0.0000000000000000        0.0000000000000000       5.37491077648110988E-016   9687181197666.9512       -5211383735973.3828        0.0000000000000000      T
          29           7           2  -1425.3827500776383       -2206.9837292861193        0.0000000000000000       -674.05910220892895       -283.90788441181064      -2.84217094304040074E-014           7           8          -1          30   0.0000000000000000        0.0000000000000000        0.0000000000000000        0.0000000000000000        0.0000000000000000        0.0000000000000000       5.37491077648110988E-016  -4472478300.8260899       -164919537581.67911        0.0000000000000000      T
          30           7           1  -1966.2409471160656       -2160.4568183062747        0.0000000000000000       -418.29072587483932        319.23673162973364        0.0000000000000000                7           8          29          31   0.0000000000000000        0.0000000000000000        0.0000000000000000       -102558828197.36639       -100984935896.46222        0.0000000000000000       5.37491077648110988E-016  -358388376281.50800       -46529031494.355621        0.0000000000000000      T
          31           7           1  -2268.9943766211277       -1692.6051291041497        0.0000000000000000       -183.61287392218330        550.09675843878483        0.0000000000000000                7           8          30          32   0.0000000000000000        0.0000000000000000        0.0000000000000000       -215568515725.41559       -49549648335.425667        0.0000000000000000       5.37491077648110988E-016  -654627074288.82813        13814606349.465050        0.0000000000000000      T
          32           7           1  -2344.6965964870551       -1131.9938411993860        0.0000000000000000        17.375273450603409        565.76516593579368        0.0000000000000000                7           8          31          33   0.0000000000000000        0.0000000000000000        0.0000000000000000       -269437284460.53107        30080862116.788033        0.0000000000000000       5.37491077648110988E-016  -1346595989825.4678        222900543349.92224        0.0000000000000000      T
          33           7           1  -2255.1784410430819       -574.39761005205014        0.0000000000000000        155.55958685390709        541.46513497433898        0.0000000000000000                7           8          32          63   0.0000000000000000        0.0000000000000000        0.0000000000000000       -234329551614.97058        91607248915.613190        0.0000000000000000       5.37491077648110988E-016  -1878359556597.0061        641222966766.89624        0.0000000000000000      T
          34           8           2  -323.04400819254818       -1511.0424690182554        0.0000000000000000        682.73172362932087       -425.36872256886113       2.84217094304040074E-014           8           8          -1          35   0.0000000000000000        0.0000000000000000        0.0000000000000000        0.0000000000000000        0.0000000000000000        0.0000000000000000       5.37491077648110988E-016   10987636026660.529       -521396725758.42700        0.0000000000000000      T
          35           8           1  -288.55040630618805       -1931.6628213661625        0.0000000000000000       -276.23547095683159       -428.54887960407302        0.0000000000000000                8           8          34          36   0.0000000000000000        0.0000000000000000        0.0000000000000000       -391955135206.14545       -265950220791.81268        0.0000000000000000       5.37491077648110988E-016   10230550214297.701       -3467372331626.3730        0.0000000000000000      T
          36           8           1  -593.96110554000779       -2331.7960892191286        0.0000000000000000       -390.54113184437404       -322.69661961746641      -5.68434188608080149E-014           8           8          35          37   0.0000000000000000        0.0000000000000000        0.0000000000000000       -572094007650.67139        165941942593.56714        0.0000000000000000       5.37491077648110988E-016   5712359014519.3262       -4633752567715.6719        0.0000000000000000      T
          37           8           1  -1058.0856269603198       -2503.2767570331134        0.0000000000000000       -470.20566362806937        4.4935510730859818       1.77635683940025046E-014           8           8          36          38   0.0000000000000000        0.0000000000000000        0.0000000000000000        23938235454.591728       -72439463694.387756        0.0000000000000000       5.37491077648110988E-016  -353829525156.22797        627634330270.22949        0.0000000000000000      T
          38           8           2  -1425.3827500766492       -2206.9837292854208        0.0000000000000000       -222.90114725327260        679.15949512624570        0.0000000000000000                8           8          37          -1   0.0000000000000000        0.0000000000000000        0.0000000000000000        0.0000000000000000        0.0000000000000000        0.0000000000000000       5.37491077648110988E-016   91328521878.248398        106208622034.09145        0.0000000000000000      T
          39           9           2   706.30269769742017        155.32442096946733        0.0000000000000000        810.41726856047262       -32.375063569567693      -3.55271367880050093E-015           9           8          -1          40   0.0000000000000000        0.0000000000000000        0.0000000000000000        0.0000000000000000        0.0000000000000000        0.0000000000000000       5.37491077648110988E-016   100047168890.85089        198393946066.46738        0.0000000000000000      T
          40           9           1   1104.3051831068096       -260.55080203932744        0.0000000000000000        116.56536195630002       -618.08368984076333        0.0000000000000000                9           8          39          41   0.0000000000000000        0.0000000000000000        0.0000000000000000        78268105818.039368        5023512166.1918783        0.0000000000000000       5.37491077648110988E-016   40204987698.355301       -23355442185.610462        0.0000000000000000      T
          41           9           1   1066.9105621853730       -875.06752628923641        0.0000000000000000       -194.85512292181355       -586.46601884349013       5.68434188608080149E-014           9           8          40          42   0.0000000000000000        0.0000000000000000        0.0000000000000000        99569990176.411713       -34809657858.054276        0.0000000000000000       5.37491077648110988E-016   922014405.68772507       -59639589364.330841        0.0000000000000000      T
          42           9           1   730.35897872533053       -1392.8260580792526        0.0000000000000000       -458.98348341348429       -432.87800290505339       2.84217094304040074E-014           9           8          41          43   0.0000000000000000        0.0000000000000000        0.0000000000000000        77176288993.407135       -79212230932.679459        0.0000000000000000       5.37491077648110988E-016  -48623803680.464645       -28289008117.319973        0.0000000000000000      T
          43           9           1   209.02966548584192       -1717.9512952067478        0.0000000000000000       -542.85363352284253       -210.67327628883032        0.0000000000000000                9           8          42          79   0.0000000000000000        0.0000000000000000        0.0000000000000000        33110281831.699707       -82757088790.386047        0.0000000000000000       5.37491077648110988E-016  -50480152886.109444        63152159164.552505        0.0000000000000000      T
          44          10           2  -1425.3827500776383       -2206.9837292861193        0.0000000000000000        1397.4459408008931        642.59260890140206        0.0000000000000000               10          10          -1          45   0.0000000000000000        0.0000000000000000        0.0000000000000000        0.0000000000000000        0.0000000000000000        0.0000000000000000       5.37491077648110988E-016   4724518798779.7813       -5016818913805.2715        0.0000000000000000      T
          45          10           1  -959.12850385790694       -1789.7144382272249        0.0000000000000000        214.71194604540673        371.09779980458188       3.55271367880050093E-015          10          10          44          46   0.0000000000000000        0.0000000000000000        0.0000000000000000       -117027957664.95262        134744965196.30927        0.0000000000000000       5.37491077648110988E-016   6180432896549.2461       -5954353332488.1250        0.0000000000000000      T
          46          10           1  -483.04836723187583       -1357.6787165501687        0.0000000000000000        570.70942355476780        420.93123008812250      -4.26325641456060112E-014          10          10          45          47   0.0000000000000000        0.0000000000000000        0.0000000000000000       -132382526700.18243        108837579421.50879        0.0000000000000000       5.37491077648110988E-016   3709038953464.8892       -3806992941090.5322        0.0000000000000000      T
          47          10           1   7.7619640578495819       -939.50313239777029        0.0000000000000000        403.12176348279280        495.81119733129162        0.0000000000000000               10          10          46          48   0.0000000000000000        0.0000000000000000        0.0000000000000000        111421571290.12338        26307479075.279446        0.0000000000000000       5.37491077648110988E-016   2578838741027.8018       -2393680608187.2290        0.0000000000000000      T
          48          10           1   347.71356382544934       -387.97871504559066        0.0000000000000000        309.08931568603629        504.92398510044541       2.84217094304040074E-014          10          10          47          64   0.0000000000000000        0.0000000000000000        0.0000000000000000       -131947409021.72220        100327540478.86377        0.0000000000000000       5.37491077648110988E-016   1515791641760.1484       -1088112976269.5107        0.0000000000000000      T
          49          11           2  -323.04400819254818       -1511.0424690182554        0.0000000000000000       -219.70695789643844       -643.72117100791434        0.0000000000000000               11          10          -1          50   0.0000000000000000        0.0000000000000000        0.0000000000000000        0.0000000000000000        0.0000000000000000        0.0000000000000000       5.37491077648110988E-016   6555702354053.1318       -7092014139345.1982        0.0000000000000000      T
          50          11           1  -599.46554340173395       -1684.7604707373321        0.0000000000000000       -280.25603928135547       -74.273461591368658       2.13162820728030056E-014          11          10          49          51   0.0000000000000000        0.0000000000000000        0.0000000000000000       -640620677677.83569        721236420635.52466        0.0000000000000000       5.37491077648110988E-016  -6779381618529.7051        6775039697058.3330        0.0000000000000000      T
          51          11           1  -874.52461913306058       -1906.0416042116399        0.0000000000000000       -313.71071779967718       -244.18238820676461      -2.84217094304040074E-014          11          10          50          52   0.0000000000000000        0.0000000000000000        0.0000000000000000       -83559818784.793259        123829781383.74515        0.0000000000000000       5.37491077648110988E-016  -7235298306307.7363        8285431131975.1064        0.0000000000000000      T
          52          11           1  -1149.4044119461307       -2118.3890146392296        0.0000000000000000       -114.71769515312734       -249.88261728726539      -1.42108547152020037E-014          11          10          51          53   0.0000000000000000        0.0000000000000000        0.0000000000000000        36420264196.215149        112576783529.56674        0.0000000000000000       5.37491077648110988E-016  -6910472671771.7539        8552913789065.4160        0.0000000000000000      T
          53          11           2  -1425.3827500766492       -2206.9837292854208        0.0000000000000000       -879.99289441857911        340.88648213448312       2.84217094304040074E-014          11          10          52          -1   0.0000000000000000        0.0000000000000000        0.0000000000000000        0.0000000000000000        0.0000000000000000        0.0000000000000000       5.37491077648110988E-016  -6290504383319.5830        9023832589506.3652        0.0000000000000000      T
          54          12           2   706.30269769742063        155.32442096946738        0.0000000000000000       -326.56634135508671       -973.99052947671680        0.0000000000000000               12          10          -1          55   0.0000000000000000        0.0000000000000000        0.0000000000000000        0.0000000000000000        0.0000000000000000        0.0000000000000000       5.37491077648110988E-016   9673907586249.3828       -5235982430519.2871        0.0000000000000000      T
          55          12           1   437.80560045352695       -249.25839666600871        0.0000000000000000       -242.57941440622579       -251.62185527366287      -5.68434188608080149E-014          12          10          54          56   0.0000000000000000        0.0000000000000000        0.0000000000000000       -264183402435.95251        35924475924.191071        0.0000000000000000       5.37491077648110988E-016   9507751553472.9766       -5531665129085.8301        0.0000000000000000      T
          56          12           1   191.03737076741939       -676.78432747235945        0.0000000000000000       -248.91198181001437       -515.84829475411186       5.68434188608080149E-014          12          10          55          57   0.0000000000000000        0.0000000000000000        0.0000000000000000        3145873801.9835687       -827252276.39131498        0.0000000000000000       5.37491077648110988E-016   9306918252957.0879       -5863505269670.0664        0.0000000000000000      T
          57          12           1  -55.107446738350575       -1106.2554849727048        0.0000000000000000       -240.51179992934811       -255.97623062997732        0.0000000000000000               12          10          56          58   0.0000000000000000        0.0000000000000000        0.0000000000000000        275583245182.07355       -35732225266.533188        0.0000000000000000       5.37491077648110988E-016   9523352288577.5156       -5504837067365.7188        0.0000000000000000      T
          58          12           2  -323.04400819248940       -1511.0424690179063        0.0000000000000000       -331.28495535231895       -963.02120736261975        0.0000000000000000               12          10          57          -1   0.0000000000000000        0.0000000000000000        0.0000000000000000        0.0000000000000000        0.0000000000000000        0.0000000000000000       5.37491077648110988E-016   9694076125395.3125       -5198546727215.2695        0.0000000000000000      T
          59           1           1  -1817.0601422503557        38.804508621002704        0.0000000000000000        335.84055049152795        478.15716885696588      -2.84217094304040074E-014           1          11           5          66   0.0000000000000000        0.0000000000000000        0.0000000000000000       -192205761897.41052        141386150208.51245        0.0000000000000000       5.37491077648110988E-016  -245296586278.00433        306976558220.23706        0.0000000000000000      T
          60           2           1  -1028.3307410866366       -2445.4633808638682        0.0000000000000000       -476.31756932122482       -24.468050848909485      -7.10542735760100186E-015           2          11           8          61   0.0000000000000000        0.0000000000000000        0.0000000000000000        35518886291.468117       -69951226526.077545        0.0000000000000000       5.37491077648110988E-016  -510014328984.87427        1120646855993.4861        0.0000000000000000      T
          61           2           2  -1425.3827500766492       -2206.9837292854208        0.0000000000000000       -283.28234147254727        608.32550750239761       5.68434188608080149E-014           2          11          60          -1   0.0000000000000000        0.0000000000000000        0.0000000000000000        0.0000000000000000        0.0000000000000000        0.0000000000000000       5.37491077648110988E-016   144066224736.80768        119122121493.08238        0.0000000000000000      T
          62           4           2   706.30269769648964        155.32442096853606        0.0000000000000000        699.17544796530763        854.62821733511873        0.0000000000000000                4           7          18          -1   0.0000000000000000        0.0000000000000000        0.0000000000000000        0.0000000000000000        0.0000000000000000        0.0000000000000000       5.37491077648110988E-016   1654818102586.3157       -1062856061070.0394        0.0000000000000000      T
          63           7           1  -2045.7971050555848       -55.810946344461932        0.0000000000000000        257.08485342817926        496.92297873162261       5.68434188608080149E-014           7           8          33          65   0.0000000000000000        0.0000000000000000        0.0000000000000000       -147509512992.78082        97470755363.356567        0.0000000000000000       5.37491077648110988E-016  -1432116441714.4775        761185001353.39673        0.0000000000000000      T
          64          10           2   706.30269769648964        155.32442096853606        0.0000000000000000        456.14317468898213        768.97552236584590       5.68434188608080149E-014          10          10          48          -1   0.0000000000000000        0.0000000000000000        0.0000000000000000        0.0000000000000000        0.0000000000000000        0.0000000000000000       5.37491077648110988E-016  -190019484528.42261        118819669929.48090        0.0000000000000000      T
          65           7           1  -1740.0014924578572        414.56404907070248        0.0000000000000000        361.63184518904836        437.72792746742823        0.0000000000000000                7           8          63          67   0.0000000000000000        0.0000000000000000        0.0000000000000000       -146149948820.63782        145716697345.12827        0.0000000000000000       5.37491077648110988E-016  -368097207282.73315        364217969398.98303        0.0000000000000000      T
          66           1           1  -1435.7345432705083        482.89079618565080        0.0000000000000000        423.93089455542008        395.10449291959924       2.84217094304040074E-014           1          11          59          68   0.0000000000000000        0.0000000000000000        0.0000000000000000       -149902276965.28616        172194759304.38135        0.0000000000000000       5.37491077648110988E-016  -244110375556.21082        400716395847.64917        0.0000000000000000      T
          67           7           1  -1323.6012698783738        799.47237366582635        0.0000000000000000        462.97527134726266        318.01527142952762       1.42108547152020037E-014           7           8          65          69   0.0000000000000000        0.0000000000000000        0.0000000000000000       -146453696417.73193        208102241035.52533        0.0000000000000000       5.37491077648110988E-016   198774518420.01190        9334634672.5713692        0.0000000000000000      T
          68           1           1  -969.50760616609000        818.01887291616276        0.0000000000000000        511.09347953958968        279.06795235011759      -5.68434188608080149E-014           1          11          66          70   0.0000000000000000        0.0000000000000000        0.0000000000000000       -100511971108.57953        203226957111.32574        0.0000000000000000       5.37491077648110988E-016   14908795631.423706        218358762388.64337        0.0000000000000000      T
          69           7           1  -825.77217946301573        1045.6244564648973        0.0000000000000000        529.15500840642858        183.39220899704566       2.84217094304040074E-014           7           8          67          71   0.0000000000000000        0.0000000000000000        0.0000000000000000       -80382962115.646469        223188423188.89114        0.0000000000000000       5.37491077648110988E-016   165504293290.21429       -54259660733.248871        0.0000000000000000      T
          70           1           1  -423.00764493996746        1028.4031368517758        0.0000000000000000        569.87588227784556        125.16071967830601      -5.01820807130570756E-014           1          11          68          72   0.0000000000000000        0.0000000000000000        0.0000000000000000       -41358235316.866486        240359974356.06244        0.0000000000000000       5.37491077648110988E-016   244584839516.58960       -23638599982.894623        0.0000000000000000      T
          71           7           1  -277.43151845370460        1160.2234099114094        0.0000000000000000        558.91394930103115        30.669001319039424      -5.68434188608080149E-014           7           8          69          73   0.0000000000000000        0.0000000000000000        0.0000000000000000       -8195301235.6604385        223670935831.41077        0.0000000000000000       5.37491077648110988E-016   149112401635.53162       -89534486144.064880        0.0000000000000000      T
          72           1           1   153.70305217728657        1020.6944423069783        0.0000000000000000        579.03496637915771       -171.68412289089497        0.0000000000000000                1          11          70          74   0.0000000000000000        0.0000000000000000        0.0000000000000000        33743119363.042114        214938420220.67126        0.0000000000000000       5.37491077648110988E-016   230506528937.40839       -98514709423.207214        0.0000000000000000      T
          73           7           1   267.40675606501782        1058.2615135444191        0.0000000000000000        514.72600097354734       -268.15704303463860        0.0000000000000000                7           8          71          76   0.0000000000000000        0.0000000000000000        0.0000000000000000        71927381495.646683        195899545044.82910        0.0000000000000000       5.37491077648110988E-016   121178686172.72803       -100269986331.55379        0.0000000000000000      T
          74           1           1   641.33322217605678        724.44303917189052        0.0000000000000000        307.00685355359695       -350.30452115438192        0.0000000000000000                1          11          72          77   0.0000000000000000        0.0000000000000000        0.0000000000000000        93192546525.416656        91033553017.505325        0.0000000000000000       5.37491077648110988E-016  -13884651051.099823       -296510520742.32666        0.0000000000000000      T
          75           3           2  -323.04400819248940       -1511.0424690179063        0.0000000000000000       -375.80813580950456        854.21254515570615       5.68434188608080149E-014           3          11          13          -1   0.0000000000000000        0.0000000000000000        0.0000000000000000        0.0000000000000000        0.0000000000000000        0.0000000000000000       5.37491077648110988E-016   310477666920.47565        23022573792.312988        0.0000000000000000      T
          76           7           1   680.81382545469137        690.18068313737228        0.0000000000000000        256.91807852996806       -368.16900950259594        0.0000000000000000                7           8          73          78   0.0000000000000000        0.0000000000000000        0.0000000000000000        91297602881.073196        54035492146.878174        0.0000000000000000       5.37491077648110988E-016  -90806578217.795685       -115730419969.10043        0.0000000000000000      T
          77           1           2   706.30269769648964        155.32442096853606        0.0000000000000000       -149.26344403593563       -1023.2078565069039        0.0000000000000000                1          11          74          -1   0.0000000000000000        0.0000000000000000        0.0000000000000000        0.0000000000000000        0.0000000000000000        0.0000000000000000       5.37491077648110988E-016  -190383765173.97513        35967589709.447411        0.0000000000000000      T
          78           7           2   706.30269769648964        155.32442096853606        0.0000000000000000       -225.71049019900394       -967.97819668262605        0.0000000000000000                7           8          76          -1   0.0000000000000000        0.0000000000000000        0.0000000000000000        0.0000000000000000        0.0000000000000000        0.0000000000000000       5.37491077648110988E-016  -182492919333.20471        37220325511.282867        0.0000000000000000      T
          79           9           2  -323.04400819248968       -1511.0424690179061        0.0000000000000000       -529.81094324860624        920.92187524441533        0.0000000000000000                9           8          43          -1   0.0000000000000000        0.0000000000000000        0.0000000000000000        0.0000000000000000        0.0000000000000000        0.0000000000000000       5.37491077648110988E-016   126427390247.72408        298264735133.53595        0.0000000000000000      T
