           1   2378.6246261874257        2378.6246261874257        2378.6246261874257                0
           1   2961.9591195589951        2961.9591195589951        2961.9591195589951                0
           1   4129.2805094669511        4129.2805094669511        4129.2805094669511                0
           2   2378.6246261874257        3154.3753738125743        2378.6246261874257                0
           2   2961.9591195589951        2571.0408804410049        2961.9591195589951                0
           2   4129.2805094669511        1403.7194905330489        4129.2805094669511                0
           3   3154.3753738125743        3154.3753738125743        2378.6246261874257                0
           3   2571.0408804410049        2571.0408804410049        2961.9591195589951                0
           3   1403.7194905330489        1403.7194905330489        4129.2805094669511                0
           4   3154.3753738125743        2378.6246261874257        2378.6246261874257                0
           4   2571.0408804410049        2961.9591195589951        2961.9591195589951                0
           4   1403.7194905330489        4129.2805094669511        4129.2805094669511                0
           1           1           2  -1425.3827500776383       -2206.9837292861193        0.0000000000000000       -286.03541825292507        1261.1428756663136        0.0000000000000000                1          11          -1           2   0.0000000000000000        0.0000000000000000        0.0000000000000000        0.0000000000000000        0.0000000000000000        0.0000000000000000       5.37491077648110988E-016  -6025233684220.5439        1733614289379.1672        0.0000000000000000      T
           2           1           1  -1286.7465542398638       -1580.2408348213589        0.0000000000000000        348.81098545279116        438.85467660796854        0.0000000000000000                1          11           1           3   0.0000000000000000        0.0000000000000000        0.0000000000000000        128017548100.30829        46536143094.478577        0.0000000000000000       5.37491077648110988E-016  -5980563937087.8242        2819907713047.2358        0.0000000000000000      T
           3           1           1  -922.30686321963253       -1007.1386059836127        0.0000000000000000        400.01913701577791        582.97378780933218        0.0000000000000000                1          11           2           4   0.0000000000000000        0.0000000000000000        0.0000000000000000        122363415882.76367       -33601004590.782654        0.0000000000000000       5.37491077648110988E-016  -2476139819675.2988        1750477662536.3879        0.0000000000000000      T
           4           1           1  -458.14045353400331       -510.44032834464798        0.0000000000000000        536.93076860167901        438.65169158483508       2.84217094304040074E-014           1          11           3           5   0.0000000000000000        0.0000000000000000        0.0000000000000000       -77563366371.272766        83821817905.971741        0.0000000000000000       5.37491077648110988E-016   432827879160.80872       -398391865755.36450        0.0000000000000000      T
           5           1           1   95.402552873443554       -114.93436694863297        0.0000000000000000        505.38603685673536        339.03216295626709      -2.84217094304040074E-014           1          11           4          59   0.0000000000000000        0.0000000000000000        0.0000000000000000       -74714745063.994980        100117374831.64459        0.0000000000000000       5.37491077648110988E-016   337027792838.71411       -451760153926.94043        0.0000000000000000      T
           6           2           2  -323.04400819254818       -1511.0424690182554        0.0000000000000000       -507.36924599268832       -267.10546273551722       1.42108547152020037E-014           2          11          -1           7   0.0000000000000000        0.0000000000000000        0.0000000000000000        0.0000000000000000        0.0000000000000000        0.0000000000000000       5.37491077648110988E-016  -4354413379197.9761        3657435005278.4238        0.0000000000000000      T
           7           2           1  -451.57719594132027       -1829.9081431394984        0.0000000000000000       -99.673238955843175       -286.11484063494117        0.0000000000000000                2          11           6           8   0.0000000000000000        0.0000000000000000        0.0000000000000000        583629254508.46570       -645616766232.15942        0.0000000000000000       5.37491077648110988E-016   7778346053577.8281       -7682656973323.3223        0.0000000000000000      T
           8           2           1  -736.93560152789337       -2049.1664521583798        0.0000000000000000       -335.61257818997558       -202.80712414509136        0.0000000000000000                2          11           7          60   0.0000000000000000        0.0000000000000000        0.0000000000000000        32478917105.042091       -143931614991.93689        0.0000000000000000       5.37491077648110988E-016   7474003440727.7988       -8069650195713.0078        0.0000000000000000      T
           9           3           2   706.30269769742085        155.32442096946727        0.0000000000000000       -500.34028359195213       -941.56804351463984       5.68434188608080149E-014           3          11          -1          10   0.0000000000000000        0.0000000000000000        0.0000000000000000        0.0000000000000000        0.0000000000000000        0.0000000000000000       5.37491077648110988E-016  -7833583217394.6221        1186584250821.2781        0.0000000000000000      T
          10           3           1   682.67007467107760       -398.32004165290994        0.0000000000000000        58.509702222361398       -448.07726950561596       5.68434188608080149E-014           3          11           9          11   0.0000000000000000        0.0000000000000000        0.0000000000000000       -65009638016.742706        220665923066.88882        0.0000000000000000       5.37491077648110988E-016  -10682834316953.816        2604701227392.2319        0.0000000000000000      T
          11           3           1   495.60946438742587       -930.34526221165027        0.0000000000000000       -365.77822522747772       -523.13192800624802        0.0000000000000000                3          11          10          12   0.0000000000000000        0.0000000000000000        0.0000000000000000        155828879022.71539        170115296370.46570        0.0000000000000000       5.37491077648110988E-016  -9698797131246.5156        5185707361997.5352        0.0000000000000000      T
          12           3           1   144.63461668348873       -1386.5888382354406        0.0000000000000000       -209.50317527521619       -424.20140821698271      -2.84217094304040074E-014           3          11          11          13   0.0000000000000000        0.0000000000000000        0.0000000000000000        171036652046.73718        206405489610.91946        0.0000000000000000       5.37491077648110988E-016  -7652173528129.9941        7853896531275.2656        0.0000000000000000      T
          13           3           2  -323.04400819248940       -1511.0424690179063        0.0000000000000000       -1252.1694914114039        477.84594045540911      -1.13686837721616030E-013           3          11          12          -1   0.0000000000000000        0.0000000000000000        0.0000000000000000        0.0000000000000000        0.0000000000000000        0.0000000000000000       5.37491077648110988E-016  -5536985487747.8369        9188288952731.2344        0.0000000000000000      T
          14           4           2  -1425.3827500776383       -2206.9837292861193        0.0000000000000000        639.61265517862853        590.53692867951054        0.0000000000000000                4           7          -1          15   0.0000000000000000        0.0000000000000000        0.0000000000000000        0.0000000000000000        0.0000000000000000        0.0000000000000000       5.37491077648110988E-016   85983425791.615738       -92001263181.004349        0.0000000000000000      T
          15           4           1  -949.52864143197041       -1758.3899073958353        0.0000000000000000        439.18905437511211        403.64060780815834        0.0000000000000000                4           7          14          16   0.0000000000000000        0.0000000000000000        0.0000000000000000       -13807635809.931643        15587291065.094309        0.0000000000000000       5.37491077648110988E-016  -297794863364.50220        328532499144.53510        0.0000000000000000      T
          16           4           1  -462.32191273762595       -1324.2137639963976        0.0000000000000000        492.81363934095981        443.21053595702170       2.84217094304040074E-014           4           7          15          17   0.0000000000000000        0.0000000000000000        0.0000000000000000        22442748956.123512       -26230762028.757069        0.0000000000000000       5.37491077648110988E-016  -286932804053.82739        312167581441.99927        0.0000000000000000      T
          17           4           1   10.764816210255844       -871.20714139230540        0.0000000000000000        470.43676118772794        485.06554637434533       2.84217094304040074E-014           4           7          16          18   0.0000000000000000        0.0000000000000000        0.0000000000000000       -85770886305.532898        74563667338.660492        0.0000000000000000       5.37491077648110988E-016  -612296097278.32813        424306207969.66766        0.0000000000000000      T
          18           4           1   470.21760888674038       -410.58837556226553        0.0000000000000000        423.05788078122760        357.40344384799249        0.0000000000000000                4           7          17          62   0.0000000000000000        0.0000000000000000        0.0000000000000000       -411359189323.20190        266755639548.62415        0.0000000000000000       5.37491077648110988E-016  -5732371465706.0674        4575185676181.4570        0.0000000000000000      T
          19           5           2  -323.04400819254818       -1511.0424690182554        0.0000000000000000       -219.94296278830393       -611.49245641046980        0.0000000000000000                5           7          -1          20   0.0000000000000000        0.0000000000000000        0.0000000000000000        0.0000000000000000        0.0000000000000000        0.0000000000000000       5.37491077648110988E-016   6162476273082.9727       -9111744409479.9648        0.0000000000000000      T
          20           5           1  -621.10984044181157       -1566.5819976795246        0.0000000000000000       -292.19781466873553        18.009756184462177       2.84217094304040074E-014           5           7          19          21   0.0000000000000000        0.0000000000000000        0.0000000000000000       -759863168478.15430        796561894970.61194        0.0000000000000000       5.37491077648110988E-016  -6392115482874.5547        7494430643108.9736        0.0000000000000000      T
          21           5           1  -882.83279405786197       -1790.9154811984968        0.0000000000000000       -290.63213613269511       -300.16560486810312       4.08562073062057607E-014           5           7          20          22   0.0000000000000000        0.0000000000000000        0.0000000000000000       -136931083367.10518        73459696941.377045        0.0000000000000000       5.37491077648110988E-016  -7496210429037.9453        8050193593754.2988        0.0000000000000000      T
          22           5           1  -1143.9841999238574       -2034.1972560390891        0.0000000000000000       -113.89671924662224       -220.19311179074379      -2.13162820728030056E-014           5           7          21          23   0.0000000000000000        0.0000000000000000        0.0000000000000000        36575658044.856094        8337609600.0050106        0.0000000000000000       5.37491077648110988E-016  -7665479332770.3145        7886268457307.6250        0.0000000000000000      T
          23           5           2  -1425.3827500766492       -2206.9837292854208        0.0000000000000000       -881.43085493717774       -67.266692229693973       5.32907051820075139E-014           5           7          22          -1   0.0000000000000000        0.0000000000000000        0.0000000000000000        0.0000000000000000        0.0000000000000000        0.0000000000000000       5.37491077648110988E-016  -7227703577536.7598        8292183126008.6367        0.0000000000000000      T
          24           6           2   706.30269769742085        155.32442096946727        0.0000000000000000       -331.15399338705765       -984.32884232603965       5.68434188608080149E-014           6           7          -1          25   0.0000000000000000        0.0000000000000000        0.0000000000000000        0.0000000000000000        0.0000000000000000        0.0000000000000000       5.37491077648110988E-016   9664646749708.3691       -5253056558171.7715        0.0000000000000000      T
          25           6           1   435.07080454235029       -247.55885489336009        0.0000000000000000       -241.84841401269745       -248.30459508423527        0.0000000000000000                6           7          24          26   0.0000000000000000        0.0000000000000000        0.0000000000000000       -266514014687.49564        45162700541.712273        0.0000000000000000       5.37491077648110988E-016   9468761151671.3379       -5598153469871.0820        0.0000000000000000      T
          26           6           1   192.44015281914761       -677.19718523435961        0.0000000000000000       -243.03998519697251       -520.01759594849966      -5.68434188608080149E-014           6           7          25          27   0.0000000000000000        0.0000000000000000        0.0000000000000000       -26779985789.660973        12016870952.233925        0.0000000000000000       5.37491077648110988E-016   9331742276286.4805       -5823943755072.9033        0.0000000000000000      T
          27           6           1  -48.515388302525480       -1107.9302411368503        0.0000000000000000       -236.75022373403914       -252.73917985223679        0.0000000000000000                6           7          26          28   0.0000000000000000        0.0000000000000000        0.0000000000000000        267439995880.41623       -39732927345.843536        0.0000000000000000       5.37491077648110988E-016   9489291229160.5000       -5563358592844.1367        0.0000000000000000      T
          28           6           2  -323.04400819248940       -1511.0424690179063        0.0000000000000000       -356.41160290178181       -970.56153599319396      -5.68434188608080149E-014           6           7          27          -1   0.0000000000000000        0.0000000000000000        0.0000000000000000        0.0000000000000000        0.0000000000000000        0.0000000000000000       5.37491077648110988E-016   9657289148727.1113       -5266570639218.4268        0.0000000000000000      T
          29           7           2  -1425.3827500776383       -2206.9837292861193        0.0000000000000000       -70.675509243606882        840.34612648406221        0.0000000000000000                7           8          -1          30   0.0000000000000000        0.0000000000000000        0.0000000000000000        0.0000000000000000        0.0000000000000000        0.0000000000000000       5.37491077648110988E-016  -305126972262.37317        29160166860.364056        0.0000000000000000      T
          30           7           1  -1331.7289466022696       -1526.8810803050383        0.0000000000000000        229.44900116029137        616.20940261938085        0.0000000000000000                7           8          29          31   0.0000000000000000        0.0000000000000000        0.0000000000000000       -42283463585.956360        20844901238.101654        0.0000000000000000       5.37491077648110988E-016  -261577378990.82816        110286771897.56906        0.0000000000000000      T
          31           7           1  -1010.6869483607443       -911.35541499941485        0.0000000000000000        396.96690975312356        581.70120589852763        0.0000000000000000                7           8          30          32   0.0000000000000000        0.0000000000000000        0.0000000000000000       -59419089371.792572        48406356908.946655        0.0000000000000000       5.37491077648110988E-016  -168452941099.34430        167024086145.29309        0.0000000000000000      T
          32           7           1  -545.23575013654499       -403.30375502326308        0.0000000000000000        542.16294922438897        427.71774963183452        0.0000000000000000                7           8          31          33   0.0000000000000000        0.0000000000000000        0.0000000000000000       -51401006978.836243        52233545450.890656        0.0000000000000000       5.37491077648110988E-016   308467976592.15808       -287053194005.28967        0.0000000000000000      T
          33           7           1   45.561029306576430       -44.283917085934966        0.0000000000000000        603.12522635128175        308.64228931457444       2.84217094304040074E-014           7           8          32          63   0.0000000000000000        0.0000000000000000        0.0000000000000000       -39154139989.843117        80049999631.433075        0.0000000000000000       5.37491077648110988E-016  -22673545444.310753        58082481568.281296        0.0000000000000000      T
          34           8           2  -323.04400819254818       -1511.0424690182554        0.0000000000000000        219.36133291392929       -676.24599300137425        0.0000000000000000                8           8          -1          35   0.0000000000000000        0.0000000000000000        0.0000000000000000        0.0000000000000000        0.0000000000000000        0.0000000000000000       5.37491077648110988E-016   9377258042668.4434       -5750394038777.6885        0.0000000000000000      T
          35           8           1  -467.09106141289806       -1788.3149952987551        0.0000000000000000       -312.52966962851809       -126.82941445664075       5.68434188608080149E-014           8           8          34          36   0.0000000000000000        0.0000000000000000        0.0000000000000000       -370432907001.56653        52677916413.345428        0.0000000000000000       5.37491077648110988E-016   9012805686428.7031       -6299857986110.2012        0.0000000000000000      T
          36           8           1  -765.96773827543734       -1987.9432746108641        0.0000000000000000       -298.01384464852464       -247.13876594988909       5.68434188608080149E-014           8           8          35          37   0.0000000000000000        0.0000000000000000        0.0000000000000000       -719836933058.28857        599712586826.66956        0.0000000000000000       5.37491077648110988E-016   5739438378121.8916       -4804748570327.4561        0.0000000000000000      T
          37           8           1  -1063.8097916184170       -2193.9001032677361        0.0000000000000000       -285.57114239394002       -101.37084565074606       2.84217094304040074E-014           8           8          36          38   0.0000000000000000        0.0000000000000000        0.0000000000000000        50044167864.675011       -131155305669.30194        0.0000000000000000       5.37491077648110988E-016  -351226959923.36670        1808150441151.6663        0.0000000000000000      T
          38           8           2  -1425.3827500766492       -2206.9837292854208        0.0000000000000000       -537.94662117935104       -4.4992154707968464       1.77635683940025046E-014           8           8          37          -1   0.0000000000000000        0.0000000000000000        0.0000000000000000        0.0000000000000000        0.0000000000000000        0.0000000000000000       5.37491077648110988E-016   183792568545.93671       -1444832045107.5422        0.0000000000000000      T
          39           9           2   706.30269769742017        155.32442096946733        0.0000000000000000        778.46000935493112       -844.30819618409180        0.0000000000000000                9           8          -1          40   0.0000000000000000        0.0000000000000000        0.0000000000000000        0.0000000000000000        0.0000000000000000        0.0000000000000000       5.37491077648110988E-016   10960157368426.758       -935387865711.68250        0.0000000000000000      T
          40           9           1   757.81069188901461       -327.91408426681608        0.0000000000000000       -251.08046282793737       -409.15167508780951        0.0000000000000000                9           8          39          41   0.0000000000000000        0.0000000000000000        0.0000000000000000       -156678820379.19492       -225060779556.35822        0.0000000000000000       5.37491077648110988E-016   10523493257455.051       -3164890668912.6870        0.0000000000000000      T
          41           9           1   529.02797774135274       -829.72092752071558        0.0000000000000000       -305.96231791138376       -474.22114893521950       5.68434188608080149E-014           9           8          40          42   0.0000000000000000        0.0000000000000000        0.0000000000000000       -209750582365.90460       -121364426121.59387        0.0000000000000000       5.37491077648110988E-016   9220288652513.5078       -5977069568672.3750        0.0000000000000000      T
          42           9           1   136.59941088013841       -1216.3348283703408        0.0000000000000000       -388.70410855315640       -359.22596148188688        0.0000000000000000                9           8          41          43   0.0000000000000000        0.0000000000000000        0.0000000000000000       -426217980664.76868        259122895561.80640        0.0000000000000000       5.37491077648110988E-016   4651398695465.7646       -4664056268549.1416        0.0000000000000000      T
          43           9           2  -323.04400819248968       -1511.0424690179061        0.0000000000000000       -695.43720567751870       -132.83962962880457       2.84217094304040074E-014           9           8          42          -1   0.0000000000000000        0.0000000000000000        0.0000000000000000        0.0000000000000000        0.0000000000000000        0.0000000000000000       5.37491077648110988E-016  -726918569813.89905        1213025922544.6790        0.0000000000000000      T
          44          10           2  -1425.3827500776383       -2206.9837292861193        0.0000000000000000        1126.9855065188278        535.86101129237500        0.0000000000000000               10          10          -1          45   0.0000000000000000        0.0000000000000000        0.0000000000000000        0.0000000000000000        0.0000000000000000        0.0000000000000000       5.37491077648110988E-016   3711643951280.5786       -3520254805788.1226        0.0000000000000000      T
          45          10           1  -967.69679309353955       -1777.7419462858400        0.0000000000000000        277.09824200932923        414.59953096890911       2.48689957516035065E-014          10          10          44          46   0.0000000000000000        0.0000000000000000        0.0000000000000000        39408695745.515266       -36365495011.049759        0.0000000000000000       5.37491077648110988E-016   5454390228377.3711       -4946386072895.4844        0.0000000000000000      T
          46          10           1  -500.06176780029602       -1332.4827483590468        0.0000000000000000        540.58447227588158        429.24380761320521       5.68434188608080149E-014          10          10          45          47   0.0000000000000000        0.0000000000000000        0.0000000000000000        65205752878.037933       -62101159809.724754        0.0000000000000000       5.37491077648110988E-016   6113728903707.6953       -5549469979618.4805        0.0000000000000000      T
          47          10           1  -26.866351859348555       -896.46642266745016        0.0000000000000000        383.05519258971856        512.25180943343912      -4.26325641456060112E-014          10          10          46          48   0.0000000000000000        0.0000000000000000        0.0000000000000000        172931990295.61667        18636433033.926834        0.0000000000000000       5.37491077648110988E-016   7599471630572.2412       -5759805880236.3418        0.0000000000000000      T
          48          10           1   309.72175619401173       -344.36665665038089        0.0000000000000000        356.54532934816780        486.09722977903652       5.68434188608080149E-014          10          10          47          64   0.0000000000000000        0.0000000000000000        0.0000000000000000       -516829280453.15790        310499832504.76923        0.0000000000000000       5.37491077648110988E-016   5686361328886.9795       -3496956102019.0762        0.0000000000000000      T
          49          11           2  -323.04400819254818       -1511.0424690182554        0.0000000000000000       -706.48818354230184       -39.469515886211177      -2.84217094304040074E-014          11          10          -1          50   0.0000000000000000        0.0000000000000000        0.0000000000000000        0.0000000000000000        0.0000000000000000        0.0000000000000000       5.37491077648110988E-016  -6655797040823.5664        8757874499635.4131        0.0000000000000000      T
          50          11           1  -607.58846618291318       -1670.9104724351175        0.0000000000000000       -168.78680872167615       -205.84431698708113      -4.97379915032070130E-014          11          10          49          51   0.0000000000000000        0.0000000000000000        0.0000000000000000       -21346353232.992561       -168795729151.25198        0.0000000000000000       5.37491077648110988E-016  -6927468978282.0332        8543611222226.3027        0.0000000000000000      T
          51          11           1  -893.59736938151582       -1868.9131258625744        0.0000000000000000       -330.02466513789722       -210.76518669842133        0.0000000000000000               11          10          50          52   0.0000000000000000        0.0000000000000000        0.0000000000000000       -2159906306.1815648       -13283026487.614862        0.0000000000000000       5.37491077648110988E-016  -7362768928106.9238        8171609560813.5273        0.0000000000000000      T
          52          11           1  -1141.2215639828287       -2103.6903235749642        0.0000000000000000       -112.01382412647997       -249.43448963877410      -7.10542735760100186E-015          11          10          51          53   0.0000000000000000        0.0000000000000000        0.0000000000000000        57720808544.374237        126562248908.65009        0.0000000000000000       5.37491077648110988E-016  -6931002946032.3760        8538183435574.8281        0.0000000000000000      T
          53          11           2  -1425.3827500766492       -2206.9837292854208        0.0000000000000000       -817.27618044158248        194.29133498497831       5.68434188608080149E-014          11          10          52          -1   0.0000000000000000        0.0000000000000000        0.0000000000000000        0.0000000000000000        0.0000000000000000        0.0000000000000000       5.37491077648110988E-016  -6414982701697.7637        8935770640348.7363        0.0000000000000000      T
          54          12           2   706.30269769742063        155.32442096946738        0.0000000000000000       -355.71827311795096       -953.98628970573304      -5.68434188608080149E-014          12          10          -1          55   0.0000000000000000        0.0000000000000000        0.0000000000000000        0.0000000000000000        0.0000000000000000        0.0000000000000000       5.37491077648110988E-016   9643825574603.8281       -5291184015569.4053        0.0000000000000000      T
          55          12           1   432.85613337076973       -247.63356666424050        0.0000000000000000       -240.96945187037198       -255.38185377930503        0.0000000000000000               12          10          54          56   0.0000000000000000        0.0000000000000000        0.0000000000000000       -269384040374.09906        40224028783.062393        0.0000000000000000       5.37491077648110988E-016   9475673473142.2285       -5586522682849.6191        0.0000000000000000      T
          56          12           1   183.87792865007890       -675.09637298948053        0.0000000000000000       -247.67822654258543       -515.74867705388931        0.0000000000000000               12          10          55          57   0.0000000000000000        0.0000000000000000        0.0000000000000000       -18829788515.806938        14018203866.950905        0.0000000000000000       5.37491077648110988E-016   9301412313909.9922       -5872211551547.4492        0.0000000000000000      T
          57          12           1  -60.516245515428352       -1103.9985119022485        0.0000000000000000       -248.43477861788102       -250.71827371916149      -5.68434188608080149E-014          12          10          56          58   0.0000000000000000        0.0000000000000000        0.0000000000000000        270558076492.36285       -34386709349.007454        0.0000000000000000       5.37491077648110988E-016   9544277909943.6602       -5468377741787.4082        0.0000000000000000      T
          58          12           2  -323.04400819248940       -1511.0424690179063        0.0000000000000000       -279.34846951359640       -989.21651615474343        0.0000000000000000               12          10          57          -1   0.0000000000000000        0.0000000000000000        0.0000000000000000        0.0000000000000000        0.0000000000000000        0.0000000000000000       5.37491077648110988E-016   9714621614294.7734       -5160051055084.3174        0.0000000000000000      T
          59           1           2   706.30269769648964        155.32442096853606        0.0000000000000000        934.85453766285946        202.51390452964924      -2.84217094304040074E-014           1          11           5          -1   0.0000000000000000        0.0000000000000000        0.0000000000000000        0.0000000000000000        0.0000000000000000        0.0000000000000000       5.37491077648110988E-016   6408418157.0363588       -86865446972.790863        0.0000000000000000      T
          60           2           1  -1068.9117525863157       -2202.0523875538647        0.0000000000000000       -409.88011821924113       -19.089396027792240        0.0000000000000000                2          11           8          61   0.0000000000000000        0.0000000000000000        0.0000000000000000       -527619405089.65887        576240226590.84644        0.0000000000000000       5.37491077648110988E-016   6946001752972.3203       -8526697655387.9609        0.0000000000000000      T
          61           2           2  -1425.3827500766492       -2206.9837292854208        0.0000000000000000       -90.208394579326509       -194.28712312486283       1.42108547152020037E-014           2          11          60          -1   0.0000000000000000        0.0000000000000000        0.0000000000000000        0.0000000000000000        0.0000000000000000        0.0000000000000000       5.37491077648110988E-016   4157458607694.0503       -2558133079177.9673        0.0000000000000000      T
          62           4           2   706.30269769648964        155.32442096853606        0.0000000000000000       -76.054639853937147        1164.9153653162093        0.0000000000000000                4           7          18          -1   0.0000000000000000        0.0000000000000000        0.0000000000000000        0.0000000000000000        0.0000000000000000        0.0000000000000000       5.37491077648110988E-016  -4427424321219.7500        3395518053914.5073        0.0000000000000000      T
          63           7           2   706.30269769648964        155.32442096853606        0.0000000000000000        799.95148886958782        13.597621085264786       4.35207425653061364E-014           7           8          33          -1   0.0000000000000000        0.0000000000000000        0.0000000000000000        0.0000000000000000        0.0000000000000000        0.0000000000000000       5.37491077648110988E-016   53754850407.666847       -159507497926.20721        0.0000000000000000      T
          64          10           2   706.30269769648964        155.32442096853606        0.0000000000000000        390.27063868512448        698.73180235837390       5.68434188608080149E-014          10          10          48          -1   0.0000000000000000        0.0000000000000000        0.0000000000000000        0.0000000000000000        0.0000000000000000        0.0000000000000000       5.37491077648110988E-016  -1542105464530.3472        1018776325021.3687        0.0000000000000000      T
