           1   2378.6246261874257        2378.6246261874257        2378.6246261874257                0
           1   2961.9591195589951        2961.9591195589951        2961.9591195589951                0
           1   4129.2805094669511        4129.2805094669511        4129.2805094669511                0
           2   2378.6246261874257        3154.3753738125743        2378.6246261874257                0
           2   2961.9591195589951        2571.0408804410049        2961.9591195589951                0
           2   4129.2805094669511        1403.7194905330489        4129.2805094669511                0
           3   3154.3753738125743        3154.3753738125743        2378.6246261874257                0
           3   2571.0408804410049        2571.0408804410049        2961.9591195589951                0
           3   1403.7194905330489        1403.7194905330489        4129.2805094669511                0
           4   3154.3753738125743        2378.6246261874257        2378.6246261874257                0
           4   2571.0408804410049        2961.9591195589951        2961.9591195589951                0
           4   1403.7194905330489        4129.2805094669511        4129.2805094669511                0
           1           1           2  -1425.3827500776383       -2206.9837292861193        0.0000000000000000       -309.60501275025945        1190.8883013623454        0.0000000000000000                1          11          -1           2   0.0000000000000000        0.0000000000000000        0.0000000000000000        0.0000000000000000        0.0000000000000000        0.0000000000000000       5.37491077648110988E-016  -3887634416396.9927        749317865761.54871        0.0000000000000000      T
           2           1           1  -1345.7740282329216       -1539.2855247114237        0.0000000000000000        293.55542114870184        509.96768590038289        0.0000000000000000                1          11           1           3   0.0000000000000000        0.0000000000000000        0.0000000000000000        39932494820.351616        60576475959.231140        0.0000000000000000       5.37491077648110988E-016  -4077332171604.9590        1559862733536.0645        0.0000000000000000      T
           3           1           1  -1004.4192793748737       -929.27335672904428        0.0000000000000000        398.27374026374531        602.37207270734825        0.0000000000000000                1          11           2           4   0.0000000000000000        0.0000000000000000        0.0000000000000000        49847949140.975151        15935941486.047783        0.0000000000000000       5.37491077648110988E-016  -1808343992954.5107        1196835171135.1372        0.0000000000000000      T
           4           1           1  -531.84963660929839       -421.42034833062985        0.0000000000000000        555.12279266718645        434.13955241260624        0.0000000000000000                1          11           3           5   0.0000000000000000        0.0000000000000000        0.0000000000000000       -46963837440.024734        12747030238.147472        0.0000000000000000       5.37491077648110988E-016   1096108964493.6091       -1309081156775.7827        0.0000000000000000      T
           5           1           1   51.520423747712002       -45.496152134186381        0.0000000000000000        549.05419843526636        312.40133142680077      -4.26325641456060112E-014           1          11           4          59   0.0000000000000000        0.0000000000000000        0.0000000000000000       -111391222297.14552        177124110415.93768        0.0000000000000000       5.37491077648110988E-016   634502600910.01599       -1031159944581.8809        0.0000000000000000      T
           6           2           2  -323.04400819254818       -1511.0424690182554        0.0000000000000000       -64.113960866570750       -269.54318202113598      -1.42108547152020037E-014           2          11          -1           7   0.0000000000000000        0.0000000000000000        0.0000000000000000        0.0000000000000000        0.0000000000000000        0.0000000000000000       5.37491077648110988E-016   470644163827.20203        68609049206.765800        0.0000000000000000      T
           7           2           1  -481.32665351128878       -1829.7843662813643        0.0000000000000000       -215.74126784316871       -313.61715600652701      -2.84217094304040074E-014           2          11           6           8   0.0000000000000000        0.0000000000000000        0.0000000000000000       -224422215101.83331        246066966544.60703        0.0000000000000000       5.37491077648110988E-016   231770575978.31171        1026175721671.9492        0.0000000000000000      T
           8           2           1  -734.71429095679196       -2077.7202074569673        0.0000000000000000       -307.93181605348519       -176.02140926889152      -2.84217094304040074E-014           2          11           7          60   0.0000000000000000        0.0000000000000000        0.0000000000000000        165438697071.95386       -404246677049.00262        0.0000000000000000       5.37491077648110988E-016   1262671266611.1714       -1463161562234.5313        0.0000000000000000      T
           9           3           2   706.30269769742085        155.32442096946727        0.0000000000000000       -231.35095504111888       -909.70433510876762        0.0000000000000000                3          11          -1          10   0.0000000000000000        0.0000000000000000        0.0000000000000000        0.0000000000000000        0.0000000000000000        0.0000000000000000       5.37491077648110988E-016  -5131758723891.2207        700650972033.51245        0.0000000000000000      T
          10           3           1   712.81853172176534       -417.06358477359117        0.0000000000000000        17.756729977615919       -478.20044403683596       2.84217094304040074E-014           3          11           9          11   0.0000000000000000        0.0000000000000000        0.0000000000000000       -157049447985.42981        215053170876.24860        0.0000000000000000       5.37491077648110988E-016  -8864114558121.8672        2165636778327.7810        0.0000000000000000      T
          11           3           1   536.98266382616850       -957.50396533705020        0.0000000000000000       -347.63606648310082       -515.97904766344072       2.84217094304040074E-014           3          11          10          12   0.0000000000000000        0.0000000000000000        0.0000000000000000        96086351488.944672        220764920788.01468        0.0000000000000000       5.37491077648110988E-016  -9610383129388.2480        5336935525693.3867        0.0000000000000000      T
          12           3           1   163.49550520809078       -1399.3390844999642        0.0000000000000000       -275.18154358623684       -404.70986448852057       9.23705556488130242E-014           3          11          11          13   0.0000000000000000        0.0000000000000000        0.0000000000000000        173408187908.48022        240365573403.12888        0.0000000000000000       5.37491077648110988E-016  -7299293740248.9258        8211533323037.2305        0.0000000000000000      T
          13           3           2  -323.04400819248940       -1511.0424690179063        0.0000000000000000       -1131.7177752279265        474.20299457495412       5.68434188608080149E-014           3          11          12          -1   0.0000000000000000        0.0000000000000000        0.0000000000000000        0.0000000000000000        0.0000000000000000        0.0000000000000000       5.37491077648110988E-016  -5012086818025.8242        9791781540075.9297        0.0000000000000000      T
          14           4           2  -1425.3827500776383       -2206.9837292861193        0.0000000000000000        651.31845677302636        576.58014696477881        0.0000000000000000                4           7          -1          15   0.0000000000000000        0.0000000000000000        0.0000000000000000        0.0000000000000000        0.0000000000000000        0.0000000000000000       5.37491077648110988E-016   203137514907.98798       -223573608976.57468        0.0000000000000000      T
          15           4           1  -954.27527575980514       -1770.8116028506558        0.0000000000000000        428.95897224577106        394.71701519505302        0.0000000000000000                4           7          14          16   0.0000000000000000        0.0000000000000000        0.0000000000000000       -32529774819.841621        37895456844.175133        0.0000000000000000       5.37491077648110988E-016  -620326084550.28687        713519361815.62231        0.0000000000000000      T
          16           4           1  -464.86949388205585       -1353.0402510907654        0.0000000000000000        514.38542283063578        406.38222684107069        0.0000000000000000                4           7          15          17   0.0000000000000000        0.0000000000000000        0.0000000000000000        49601944837.898178       -57730429187.470596        0.0000000000000000       5.37491077648110988E-016  -574591128317.63306        673092590742.13696        0.0000000000000000      T
          17           4           1   13.936735308450125       -927.91423123338427        0.0000000000000000        418.13536963645174        508.44619229247741      -2.84217094304040074E-014           4           7          16          18   0.0000000000000000        0.0000000000000000        0.0000000000000000       -35767886729.734406        22013900714.088867        0.0000000000000000       5.37491077648110988E-016  -330969333878.54987        121283241428.11627        0.0000000000000000      T
          18           4           1   354.55075656051503       -384.95468060512297        0.0000000000000000        271.33384995127062        464.08971544594692        0.0000000000000000                4           7          17          62   0.0000000000000000        0.0000000000000000        0.0000000000000000        82681354474.384567       -41889101468.411163        0.0000000000000000       5.37491077648110988E-016   1316878720043.7305       -705318105344.98865        0.0000000000000000      T
          19           5           2  -323.04400819254818       -1511.0424690182554        0.0000000000000000       -770.39871162155714        238.66159954475629      -2.84217094304040074E-014           5           7          -1          20   0.0000000000000000        0.0000000000000000        0.0000000000000000        0.0000000000000000        0.0000000000000000        0.0000000000000000       5.37491077648110988E-016  -4230953132026.9409        10153769526367.604        0.0000000000000000      T
          20           5           1  -579.44986456034508       -1649.3703345011113        0.0000000000000000       -158.66947880753935       -198.35930430797794      -2.84217094304040074E-014           5           7          19          21   0.0000000000000000        0.0000000000000000        0.0000000000000000        225234028710.07745       -683303440251.74121        0.0000000000000000       5.37491077648110988E-016  -4581079653463.2578        9999865532282.7285        0.0000000000000000      T
          21           5           1  -900.31555717023753       -1757.5487276917504        0.0000000000000000       -326.73802008135391       -184.74315833332906       1.42108547152020037E-014           5           7          20          22   0.0000000000000000        0.0000000000000000        0.0000000000000000       -343903685642.28162        389244137780.32971        0.0000000000000000       5.37491077648110988E-016  -7880147851759.8564        7674404455320.5371        0.0000000000000000      T
          22           5           1  -1134.8541393668647       -2017.4604814050890        0.0000000000000000       -200.59126528660391       -166.93850307063826      -3.55271367880050093E-014           5           7          21          23   0.0000000000000000        0.0000000000000000        0.0000000000000000        604143665952.46106       -742603513360.91565        0.0000000000000000       5.37491077648110988E-016  -8363010628566.9053        7144241983913.5645        0.0000000000000000      T
          23           5           2  -1425.3827500766492       -2206.9837292854208        0.0000000000000000       -446.09849749146554       -495.80783416512986      -2.84217094304040074E-014           5           7          22          -1   0.0000000000000000        0.0000000000000000        0.0000000000000000        0.0000000000000000        0.0000000000000000        0.0000000000000000       5.37491077648110988E-016   2531482164966.3911       -3593225310705.5776        0.0000000000000000      T
          24           6           2   706.30269769742085        155.32442096946727        0.0000000000000000       -348.60225739679078       -972.22829355484475        0.0000000000000000                6           7          -1          25   0.0000000000000000        0.0000000000000000        0.0000000000000000        0.0000000000000000        0.0000000000000000        0.0000000000000000       5.37491077648110988E-016   9659522018871.1328       -5262474167817.2402        0.0000000000000000      T
          25           6           1   433.64895687785520       -248.24725814589553        0.0000000000000000       -238.33441243008571       -251.11597393948418      -5.68434188608080149E-014           6           7          24          26   0.0000000000000000        0.0000000000000000        0.0000000000000000       -269418726397.50952        43556411723.406128        0.0000000000000000       5.37491077648110988E-016   9473242296869.0313       -5590594878728.6992        0.0000000000000000      T
          26           6           1   190.89638947207578       -676.37707083589089        0.0000000000000000       -244.27901755890258       -518.41228610329256       5.68434188608080149E-014           6           7          25          27   0.0000000000000000        0.0000000000000000        0.0000000000000000       -18366311335.205719        8905839439.1691055        0.0000000000000000       5.37491077648110988E-016   9326708939113.7363       -5831997513916.9531        0.0000000000000000      T
          27           6           1  -50.694893647131437       -1107.8001132682275        0.0000000000000000       -237.58106890926462       -253.89344701434212       5.68434188608080149E-014           6           7          26          28   0.0000000000000000        0.0000000000000000        0.0000000000000000        273935770535.44223       -40423336027.689728        0.0000000000000000       5.37491077648110988E-016   9497241883684.9336       -5549759296112.3135        0.0000000000000000      T
          28           6           2  -323.04400819248940       -1511.0424690179063        0.0000000000000000       -347.21789979773376       -970.01012038538624        0.0000000000000000                6           7          27          -1   0.0000000000000000        0.0000000000000000        0.0000000000000000        0.0000000000000000        0.0000000000000000        0.0000000000000000       5.37491077648110988E-016   9670672907563.7383       -5241954360247.0176        0.0000000000000000      T
          29           7           2  -1425.3827500776383       -2206.9837292861193        0.0000000000000000       -519.02691742264153        846.55360602836151       5.68434188608080149E-014           7           8          -1          30   0.0000000000000000        0.0000000000000000        0.0000000000000000        0.0000000000000000        0.0000000000000000        0.0000000000000000       5.37491077648110988E-016  -5933384213598.2256        532372891364.94391        0.0000000000000000      T
          30           7           1  -1428.2356732923533       -1637.0664008319625        0.0000000000000000        229.36837972381278        496.24681906010738        0.0000000000000000                7           8          29          31   0.0000000000000000        0.0000000000000000        0.0000000000000000        16022645077.289604        79461028265.992432        0.0000000000000000       5.37491077648110988E-016  -5916132650508.6758        1463086756441.5015        0.0000000000000000      T
          31           7           1  -1207.5627648651925       -1074.3916057312895        0.0000000000000000        255.01335416472722        566.23548839569844        0.0000000000000000                7           8          30          32   0.0000000000000000        0.0000000000000000        0.0000000000000000        147694116404.88901       -14299119071.599724        0.0000000000000000       5.37491077648110988E-016  -2917482796978.1348        1312398864734.8340        0.0000000000000000      T
          32           7           1  -879.36746831744836       -567.19680884013894        0.0000000000000000        397.18281854199415        448.42000333256976       2.84217094304040074E-014           7           8          31          33   0.0000000000000000        0.0000000000000000        0.0000000000000000       -99503669942.391159        84558105807.353668        0.0000000000000000       5.37491077648110988E-016   262093181896.02792       -100234782187.19922        0.0000000000000000      T
          33           7           1  -418.10289474112824       -178.35799590279493        0.0000000000000000        524.63498203948939        328.18532775950604        0.0000000000000000                7           8          32          63   0.0000000000000000        0.0000000000000000        0.0000000000000000       -65200528421.547760        99673181340.327621        0.0000000000000000       5.37491077648110988E-016   118251744996.63188       -85799936865.933411        0.0000000000000000      T
          34           8           2  -323.04400819254818       -1511.0424690182554        0.0000000000000000        508.82170373585677       -725.78876314769218      -5.68434188608080149E-014           8           8          -1          35   0.0000000000000000        0.0000000000000000        0.0000000000000000        0.0000000000000000        0.0000000000000000        0.0000000000000000       5.37491077648110988E-016   9933881547061.2676       -4724192778555.4697        0.0000000000000000      T
          35           8           1  -374.71893650079954       -1831.9195036100944        0.0000000000000000       -337.91494069752127       -138.50883992298532        0.0000000000000000                8           8          34          36   0.0000000000000000        0.0000000000000000        0.0000000000000000       -233914509817.86981       -81739961399.763641        0.0000000000000000       5.37491077648110988E-016   9375562940424.9453       -5717806850143.2383        0.0000000000000000      T
          36           8           1  -715.17445185474787       -2010.6961041103787        0.0000000000000000       -333.55327193237110       -219.13678243673718        0.0000000000000000                8           8          35          37   0.0000000000000000        0.0000000000000000        0.0000000000000000       -694331819099.41846        478500215787.13623        0.0000000000000000       5.37491077648110988E-016   6764513999647.3887       -5439457574109.4053        0.0000000000000000      T
          37           8           1  -1045.2253589491988       -2209.9903742762826        0.0000000000000000       -339.39123891819270       -119.15664232863075       1.42108547152020037E-014           8           8          36          38   0.0000000000000000        0.0000000000000000        0.0000000000000000        3580529265.9302197       -124871929396.81973        0.0000000000000000       5.37491077648110988E-016   175797320381.32306       -250739368033.90314        0.0000000000000000      T
          38           8           2  -1425.3827500766492       -2206.9837292854208        0.0000000000000000       -439.50666706056211        106.90047622613429      -2.84217094304040074E-014           8           8          37          -1   0.0000000000000000        0.0000000000000000        0.0000000000000000        0.0000000000000000        0.0000000000000000        0.0000000000000000       5.37491077648110988E-016  -51068487014.418747       -148484279495.13913        0.0000000000000000      T
          39           9           2   706.30269769742017        155.32442096946733        0.0000000000000000        827.92769459944736       -826.71402329951979        0.0000000000000000                9           8          -1          40   0.0000000000000000        0.0000000000000000        0.0000000000000000        0.0000000000000000        0.0000000000000000        0.0000000000000000       5.37491077648110988E-016   10987479888231.918       -524676763063.83301        0.0000000000000000      T
          40           9           1   787.70891781682019       -330.76769306502956        0.0000000000000000       -239.09632446637033       -422.25909924702034        0.0000000000000000                9           8          39          41   0.0000000000000000        0.0000000000000000        0.0000000000000000       -138143629170.69873       -239027761166.35229        0.0000000000000000       5.37491077648110988E-016   10587609272304.840       -2928159949847.1377        0.0000000000000000      T
          41           9           1   560.34280604118271       -844.95265371752043        0.0000000000000000       -309.42207170267824       -485.08080377336188        0.0000000000000000                9           8          40          42   0.0000000000000000        0.0000000000000000        0.0000000000000000       -209770908811.18115       -131289913239.24738        0.0000000000000000       5.37491077648110988E-016   9251556149813.6367       -5926224186625.5068        0.0000000000000000      T
          42           9           1   160.27653235003453       -1236.7846303645235        0.0000000000000000       -405.51254512327358       -355.46849755801281        0.0000000000000000                9           8          41          43   0.0000000000000000        0.0000000000000000        0.0000000000000000       -408356920824.22705        243511145923.59808        0.0000000000000000       5.37491077648110988E-016   4421695781542.2813       -4537846866251.8779        0.0000000000000000      T
          43           9           2  -323.04400819248968       -1511.0424690179061        0.0000000000000000       -718.68819050524439       -91.314651895744248      -2.13162820728030056E-014           9           8          42          -1   0.0000000000000000        0.0000000000000000        0.0000000000000000        0.0000000000000000        0.0000000000000000        0.0000000000000000       5.37491077648110988E-016  -634738316903.29395        1155570657883.5703        0.0000000000000000      T
          44          10           2  -1425.3827500776383       -2206.9837292861193        0.0000000000000000        1016.8103348543125        674.19272072837418      -5.68434188608080149E-014          10          10          -1          45   0.0000000000000000        0.0000000000000000        0.0000000000000000        0.0000000000000000        0.0000000000000000        0.0000000000000000       5.37491077648110988E-016   2174880014364.3027       -2353262084957.5386        0.0000000000000000      T
          45          10           1  -965.29228249444031       -1769.8751935359537        0.0000000000000000        312.86243531913601        375.35577789126387      -2.84217094304040074E-014          10          10          44          46   0.0000000000000000        0.0000000000000000        0.0000000000000000       -101115987844.10654        108085158821.74576        0.0000000000000000       5.37491077648110988E-016   2090250342675.7566       -2212352981284.2979        0.0000000000000000      T
          46          10           1  -494.62592460371832       -1335.0596094268899        0.0000000000000000        524.01040029090302        440.15652728425812      -2.84217094304040074E-014          10          10          45          47   0.0000000000000000        0.0000000000000000        0.0000000000000000       -171600823292.77243        164904468199.13754        0.0000000000000000       5.37491077648110988E-016  -202061830476.50394        59289144417.138290        0.0000000000000000      T
          47          10           1  -28.550470360479352       -894.12770017672688        0.0000000000000000        401.32139991913442        491.26059304938337        0.0000000000000000               10          10          46          48   0.0000000000000000        0.0000000000000000        0.0000000000000000       -92409570283.961975        19594931616.310928        0.0000000000000000       5.37491077648110988E-016  -2380674339957.4341        1745717606024.9155        0.0000000000000000      T
          48          10           1   326.85307531343619       -362.19941738379862        0.0000000000000000        335.14099978402345        513.38167664748255        0.0000000000000000               10          10          47          64   0.0000000000000000        0.0000000000000000        0.0000000000000000        434794413964.36084       -275957402380.86810        0.0000000000000000       5.37491077648110988E-016   21556007815.297894       -114251764551.81812        0.0000000000000000      T
          49          11           2  -323.04400819254818       -1511.0424690182554        0.0000000000000000       -627.55379251522857       -225.39520131370818        0.0000000000000000               11          10          -1          50   0.0000000000000000        0.0000000000000000        0.0000000000000000        0.0000000000000000        0.0000000000000000        0.0000000000000000       5.37491077648110988E-016  -6928786403065.4375        8543530826344.3105        0.0000000000000000      T
          50          11           1  -626.02732716278877       -1705.2378687949968        0.0000000000000000       -234.16596350942973       -160.28964214001917       1.42108547152020037E-014          11          10          49          51   0.0000000000000000        0.0000000000000000        0.0000000000000000       -29791338113.582191       -55590502016.051437        0.0000000000000000       5.37491077648110988E-016  -6879351219434.7109        8580641789111.9395        0.0000000000000000      T
          51          11           1  -945.93628385493730       -1880.2167139203787        0.0000000000000000       -304.45918043422085       -240.96896483258439      -2.13162820728030056E-014          11          10          50          52   0.0000000000000000        0.0000000000000000        0.0000000000000000       -8970639970.2308540       -67795524394.451645        0.0000000000000000       5.37491077648110988E-016  -7333225490200.6602        8198631093723.2451        0.0000000000000000      T
          52          11           1  -1117.6781546315744       -2178.8457490971218        0.0000000000000000       -22.949797160043587       -296.65813943601864       3.19744231092045084E-014          11          10          51          53   0.0000000000000000        0.0000000000000000        0.0000000000000000        134889916775.08240       -93842623447.252594        0.0000000000000000       5.37491077648110988E-016  -7259229762088.9668        8255002670987.7529        0.0000000000000000      T
          53          11           2  -1425.3827500766492       -2206.9837292854208        0.0000000000000000       -1042.0810295907399        447.30047648153169      -5.68434188608080149E-014          11          10          52          -1   0.0000000000000000        0.0000000000000000        0.0000000000000000        0.0000000000000000        0.0000000000000000        0.0000000000000000       5.37491077648110988E-016  -6780126980179.7891        8661978880870.0107        0.0000000000000000      T
          54          12           2   706.30269769742063        155.32442096946738        0.0000000000000000       -367.61950068417855       -950.13837061378933        0.0000000000000000               12          10          -1          55   0.0000000000000000        0.0000000000000000        0.0000000000000000        0.0000000000000000        0.0000000000000000        0.0000000000000000       5.37491077648110988E-016   9647772838998.1426       -5283983274679.2178        0.0000000000000000      T
          55          12           1   430.87106559363428       -248.08830783887478        0.0000000000000000       -235.88871380700238       -257.35418728703394        0.0000000000000000               12          10          54          56   0.0000000000000000        0.0000000000000000        0.0000000000000000       -274804490464.17871        41667949196.578552        0.0000000000000000       5.37491077648110988E-016   9473037146439.3789       -5591067755754.3125        0.0000000000000000      T
          56          12           1   187.05653504843841       -675.97715927210004        0.0000000000000000       -246.56413203475768       -514.34962096277593        0.0000000000000000               12          10          55          57   0.0000000000000000        0.0000000000000000        0.0000000000000000       -3472602876.2264452        4872568304.1583271        0.0000000000000000       5.37491077648110988E-016   9315546745699.1387       -5849792264408.3184        0.0000000000000000      T
          57          12           1  -56.613664718134771       -1104.9252510525339        0.0000000000000000       -240.30894898927573       -255.75815850284036      -5.68434188608080149E-014          12          10          56          58   0.0000000000000000        0.0000000000000000        0.0000000000000000        262552850911.90265       -36447094718.441223        0.0000000000000000       5.37491077648110988E-016   9506020748087.7363       -5534622256574.5098        0.0000000000000000      T
          58          12           2  -323.04400819248940       -1511.0424690179063        0.0000000000000000       -322.50170173092368       -967.81367426328256       5.68434188608080149E-014          12          10          57          -1   0.0000000000000000        0.0000000000000000        0.0000000000000000        0.0000000000000000        0.0000000000000000        0.0000000000000000       5.37491077648110988E-016   9676678407619.0879       -5230859871523.8486        0.0000000000000000      T
          59           1           2   706.30269769648964        155.32442096853606        0.0000000000000000        963.11741650911313        46.489429777688358       6.39488462184090167E-014           1          11           5          -1   0.0000000000000000        0.0000000000000000        0.0000000000000000        0.0000000000000000        0.0000000000000000        0.0000000000000000       5.37491077648110988E-016  -31358117161.161308       -78514997251.444565        0.0000000000000000      T
          60           2           1  -1071.7059123037036       -2197.6017503551120        0.0000000000000000       -323.66924432013553       -85.749359139149988      -4.26325641456060112E-014           2          11           8          61   0.0000000000000000        0.0000000000000000        0.0000000000000000       -56137438863.717255        181775713829.82788        0.0000000000000000       5.37491077648110988E-016  -12594425514.585194        174740927135.24579        0.0000000000000000      T
          61           2           2  -1425.3827500766492       -2206.9837292854208        0.0000000000000000       -469.39658402554539        131.22828034013071       7.10542735760100186E-015           2          11          60          -1   0.0000000000000000        0.0000000000000000        0.0000000000000000        0.0000000000000000        0.0000000000000000        0.0000000000000000       5.37491077648110988E-016   179567884236.10318        494773014847.47369        0.0000000000000000      T
          62           4           2   706.30269769648964        155.32442096853606        0.0000000000000000        573.62711772258479        884.91090252949630       5.68434188608080149E-014           4           7          18          -1   0.0000000000000000        0.0000000000000000        0.0000000000000000        0.0000000000000000        0.0000000000000000        0.0000000000000000       5.37491077648110988E-016  -726827610469.55127        469272759613.08978        0.0000000000000000      T
          63           7           1   121.39424079499645        87.999776010740874        0.0000000000000000        506.56238063738249        204.42844018204511       2.84217094304040074E-014           7           8          33          65   0.0000000000000000        0.0000000000000000        0.0000000000000000       -30666121592.064095        79684831972.273010        0.0000000000000000       5.37491077648110988E-016   56062015832.751900       -17977485860.963993        0.0000000000000000      T
          64          10           2   706.30269769648964        155.32442096853606        0.0000000000000000        462.67410511567857        603.56906379647558        0.0000000000000000               10          10          48          -1   0.0000000000000000        0.0000000000000000        0.0000000000000000        0.0000000000000000        0.0000000000000000        0.0000000000000000       5.37491077648110988E-016   70220923772.007019       -103977032147.79837        0.0000000000000000      T
          65           7           2   706.30269769648964        155.32442096853606        0.0000000000000000        822.33227272383465       -144.85183787369294       1.42108547152020037E-014           7           8          63          -1   0.0000000000000000        0.0000000000000000        0.0000000000000000        0.0000000000000000        0.0000000000000000        0.0000000000000000       5.37491077648110988E-016   6001936585.3703957       -181699982808.36276        0.0000000000000000      T
