           1   2378.6246261874257        2378.6246261874257        2378.6246261874257                0
           1   2961.9591195589951        2961.9591195589951        2961.9591195589951                0
           1   4129.2805094669511        4129.2805094669511        4129.2805094669511                0
           2   2378.6246261874257        3154.3753738125743        2378.6246261874257                0
           2   2961.9591195589951        2571.0408804410049        2961.9591195589951                0
           2   4129.2805094669511        1403.7194905330489        4129.2805094669511                0
           3   3154.3753738125743        3154.3753738125743        2378.6246261874257                0
           3   2571.0408804410049        2571.0408804410049        2961.9591195589951                0
           3   1403.7194905330489        1403.7194905330489        4129.2805094669511                0
           4   3154.3753738125743        2378.6246261874257        2378.6246261874257                0
           4   2571.0408804410049        2961.9591195589951        2961.9591195589951                0
           4   1403.7194905330489        4129.2805094669511        4129.2805094669511                0
           1           1           2  -1425.3827500776383       -2206.9837292861193        0.0000000000000000       -783.82700430759019       -89.599141383952855       1.42108547152020037E-014           1          11          -1           2   0.0000000000000000        0.0000000000000000        0.0000000000000000        0.0000000000000000        0.0000000000000000        0.0000000000000000       5.37491077648110988E-016  -2520630678.6329718       -243468786221.33786        0.0000000000000000      T
           2           1           1  -1894.2912597567654       -1970.8953515660025        0.0000000000000000       -266.73426668590031        455.62590953988433        0.0000000000000000                1          11           1           3   0.0000000000000000        0.0000000000000000        0.0000000000000000       -107209131631.45821       -49310478370.935547        0.0000000000000000       5.37491077648110988E-016  -153440572628.02802       -13379962229.028168        0.0000000000000000      T
           3           1           1  -2062.6076754400660       -1441.0758423742889        0.0000000000000000       -60.910705036091628        564.81916395990766        0.0000000000000000                1          11           2           4   0.0000000000000000        0.0000000000000000        0.0000000000000000       -168095818754.61810       -10489311323.551340        0.0000000000000000       5.37491077648110988E-016  -113605901691.39713        95828983890.377502        0.0000000000000000      T
           4           1           1  -2018.9721680383345       -885.78795802860850        0.0000000000000000        136.33436198555870        540.41961523266798      -5.68434188608080149E-014           1          11           3           5   0.0000000000000000        0.0000000000000000        0.0000000000000000       -199058119940.62985        53479109231.225891        0.0000000000000000       5.37491077648110988E-016  -104757074547.46448        160021620572.92566        0.0000000000000000      T
           5           1           1  -1812.1726751093256       -367.23953627165440        0.0000000000000000        266.87825808607664        495.01129341732309        0.0000000000000000                1          11           4          59   0.0000000000000000        0.0000000000000000        0.0000000000000000       -187718107028.03464        105067709225.22307        0.0000000000000000       5.37491077648110988E-016  -231195947533.89386        267748137016.68750        0.0000000000000000      T
           6           2           2  -323.04400819254818       -1511.0424690182554        0.0000000000000000        849.46470797189920       -564.85471384066125      -5.68434188608080149E-014           2          11          -1           7   0.0000000000000000        0.0000000000000000        0.0000000000000000        0.0000000000000000        0.0000000000000000        0.0000000000000000       5.37491077648110988E-016   10838819947810.146       -1876161543938.2759        0.0000000000000000      T
           7           2           1  -305.15616166112102       -1858.1952252652079        0.0000000000000000       -347.94791666541676       -294.50374658472106      -5.68434188608080149E-014           2          11           6           8   0.0000000000000000        0.0000000000000000        0.0000000000000000       -202449314817.71054       -239522815656.38165        0.0000000000000000       5.37491077648110988E-016   10165096976387.820       -4116555915189.1963        0.0000000000000000      T
           8           2           1  -620.69583401808859       -2195.1111144598271        0.0000000000000000       -350.62851878685353       -309.33623614517012        0.0000000000000000                2          11           7          60   0.0000000000000000        0.0000000000000000        0.0000000000000000       -606593613852.77808        155629667436.44772        0.0000000000000000       5.37491077648110988E-016   7411875453807.1172       -6583818384963.1143        0.0000000000000000      T
           9           3           2   706.30269769742085        155.32442096946727        0.0000000000000000        578.13291091392898       -149.46429751365554       5.68434188608080149E-014           3          11          -1          10   0.0000000000000000        0.0000000000000000        0.0000000000000000        0.0000000000000000        0.0000000000000000        0.0000000000000000       5.37491077648110988E-016   159674622995.88181        130421074158.86769        0.0000000000000000      T
          10           3           1   1041.4209134867247       -443.73320812712046        0.0000000000000000        66.717197238756228       -776.13769619056484        0.0000000000000000                3          11           9          11   0.0000000000000000        0.0000000000000000        0.0000000000000000        88636703645.907364        4801473823.6750755        0.0000000000000000       5.37491077648110988E-016   17323587104.339931       -93230704148.884216        0.0000000000000000      T
          11           3           1   858.38614173707253       -1130.9121018571550        0.0000000000000000       -388.75136774999817       -604.69448620395167       5.68434188608080149E-014           3          11          10          12   0.0000000000000000        0.0000000000000000        0.0000000000000000        86467758842.253052       -53368950303.275085        0.0000000000000000       5.37491077648110988E-016  -33047550350.091003       -77189807455.566864        0.0000000000000000      T
          12           3           1   329.29388067890324       -1616.1372011675840        0.0000000000000000       -648.09282466222999       -322.29633811501765      -2.84217094304040074E-014           3          11          11          13   0.0000000000000000        0.0000000000000000        0.0000000000000000        38574503752.085617       -83286777009.994904        0.0000000000000000       5.37491077648110988E-016  -107054288476.03473       -11487441441.248314        0.0000000000000000      T
          13           3           2  -323.04400819248940       -1511.0424690179063        0.0000000000000000       -563.16778338976781        753.48873718176810        0.0000000000000000                3          11          12          -1   0.0000000000000000        0.0000000000000000        0.0000000000000000        0.0000000000000000        0.0000000000000000        0.0000000000000000       5.37491077648110988E-016   83931586328.244888        232231962451.43933        0.0000000000000000      T
          14           4           2  -1425.3827500776383       -2206.9837292861193        0.0000000000000000        719.53726475470125        620.96086309476664       5.68434188608080149E-014           4           7          -1          15   0.0000000000000000        0.0000000000000000        0.0000000000000000        0.0000000000000000        0.0000000000000000        0.0000000000000000       5.37491077648110988E-016   35376589968.352989       -40809847740.440613        0.0000000000000000      T
          15           4           1  -934.21218497300606       -1784.2586144486895        0.0000000000000000        425.43410130092997        372.58505786158798       2.84217094304040074E-014           4           7          14          16   0.0000000000000000        0.0000000000000000        0.0000000000000000        13722546519.889706       -15318358315.264837        0.0000000000000000       5.37491077648110988E-016   58589078654.187317       -62620484246.273514        0.0000000000000000      T
          16           4           1  -452.40330729926723       -1357.6608328296493        0.0000000000000000        497.66465837669256        436.66759482829161        0.0000000000000000                4           7          15          17   0.0000000000000000        0.0000000000000000        0.0000000000000000       -1908728082.6292095        1514841657.3286982        0.0000000000000000       5.37491077648110988E-016   295601730607.61658       -331766516937.99664        0.0000000000000000      T
          17           4           1   2.8063476226001853       -897.16121606460524        0.0000000000000000        394.96286297911877        542.03675797749884        0.0000000000000000                4           7          16          18   0.0000000000000000        0.0000000000000000        0.0000000000000000       -295655100013.39880        174049916190.28860        0.0000000000000000       5.37491077648110988E-016  -3074274689998.6865        2373388121195.7598        0.0000000000000000      T
          18           4           1   367.29890916946988       -368.30751210341941        0.0000000000000000        381.59053911304392        363.24533544040236        0.0000000000000000                4           7          17          62   0.0000000000000000        0.0000000000000000        0.0000000000000000       -151232837575.93689        79809143965.305573        0.0000000000000000       5.37491077648110988E-016  -6497205582215.8164        4604479311762.9395        0.0000000000000000      T
          19           5           2  -323.04400819254818       -1511.0424690182554        0.0000000000000000       -676.99040140058810       -88.214759103290845       4.97379915032070130E-014           5           7          -1          20   0.0000000000000000        0.0000000000000000        0.0000000000000000        0.0000000000000000        0.0000000000000000        0.0000000000000000       5.37491077648110988E-016  -7197759533387.6719        8318188366436.9424        0.0000000000000000      T
          20           5           1  -582.15798477648013       -1717.7560059843245        0.0000000000000000       -161.31781256192068       -232.04568270521909       2.84217094304040074E-014           5           7          19          21   0.0000000000000000        0.0000000000000000        0.0000000000000000        387053955063.21106       -565943832479.50488        0.0000000000000000       5.37491077648110988E-016  -7441873539503.4658        8100159997881.7773        0.0000000000000000      T
          21           5           1  -873.13966580306590       -1910.7420419021989        0.0000000000000000       -328.02532118328281       -182.70122872766424       7.10542735760100186E-015           5           7          20          22   0.0000000000000000        0.0000000000000000        0.0000000000000000        207312612398.22919       -273335411296.00983        0.0000000000000000       5.37491077648110988E-016  -1114501579090.0432        949736484573.64001        0.0000000000000000      T
          22           5           1  -1183.7851768273370       -2034.4989485158367        0.0000000000000000       -331.46247885751910        12.621770021339451        0.0000000000000000                5           7          21          23   0.0000000000000000        0.0000000000000000        0.0000000000000000        370204993692.94586       -423587624915.66956        0.0000000000000000       5.37491077648110988E-016   6493240393448.6895       -8875145174977.1133        0.0000000000000000      T
          23           5           2  -1425.3827500766492       -2206.9837292854208        0.0000000000000000       -2.8540162073904014       -756.51091350735862       5.68434188608080149E-014           5           7          22          -1   0.0000000000000000        0.0000000000000000        0.0000000000000000        0.0000000000000000        0.0000000000000000        0.0000000000000000       5.37491077648110988E-016   6878631087127.9707       -8583963791116.3564        0.0000000000000000      T
          24           6           2   706.30269769742085        155.32442096946727        0.0000000000000000       -347.98923957947574       -974.38415231915963       5.68434188608080149E-014           6           7          -1          25   0.0000000000000000        0.0000000000000000        0.0000000000000000        0.0000000000000000        0.0000000000000000        0.0000000000000000       5.37491077648110988E-016   9651679298091.6152       -5276844390996.3623        0.0000000000000000      T
          25           6           1   432.80620016382682       -245.48959483448550        0.0000000000000000       -238.54088623139995       -250.41733218101109       5.68434188608080149E-014           6           7          24          26   0.0000000000000000        0.0000000000000000        0.0000000000000000       -267866757119.71271        45279873941.184593        0.0000000000000000       5.37491077648110988E-016   9465843363803.2109       -5603115956468.8574        0.0000000000000000      T
          26           6           1   190.78880267796097       -676.69703274069218        0.0000000000000000       -244.38890055330333       -520.01088008727561        0.0000000000000000                6           7          25          27   0.0000000000000000        0.0000000000000000        0.0000000000000000       -8529055268.1761913        4938496800.8594208        0.0000000000000000       5.37491077648110988E-016   9334335378167.3047       -5819785559462.0322        0.0000000000000000      T
          27           6           1  -50.133088799080497       -1106.8003787054715        0.0000000000000000       -232.72137844410895       -253.47149908284439        0.0000000000000000                6           7          26          28   0.0000000000000000        0.0000000000000000        0.0000000000000000        260012732489.37012       -39686474750.129951        0.0000000000000000       5.37491077648110988E-016   9475662398483.3867       -5586429509948.8906        0.0000000000000000      T
          28           6           2  -323.04400819248940       -1511.0424690179063        0.0000000000000000       -366.22401828161276       -969.13943241298853        0.0000000000000000                6           7          27          -1   0.0000000000000000        0.0000000000000000        0.0000000000000000        0.0000000000000000        0.0000000000000000        0.0000000000000000       5.37491077648110988E-016   9650368988199.5586       -5279240323341.6279        0.0000000000000000      T
          29           7           2  -1425.3827500776383       -2206.9837292861193        0.0000000000000000       -740.75863921751920       -147.44271868544587       4.26325641456060112E-014           7           8          -1          30   0.0000000000000000        0.0000000000000000        0.0000000000000000        0.0000000000000000        0.0000000000000000        0.0000000000000000       5.37491077648110988E-016  -219582918297.78552       -282896968514.27411        0.0000000000000000      T
          30           7           1  -1943.4693107043252       -1987.7927523020085        0.0000000000000000       -329.85139986789682        467.04190902591893       2.84217094304040074E-014           7           8          29          31   0.0000000000000000        0.0000000000000000        0.0000000000000000       -143827875485.28253       -73235531636.242065        0.0000000000000000       5.37491077648110988E-016  -654579727141.20215       -95896941851.450043        0.0000000000000000      T
          31           7           1  -2133.5683003742301       -1433.8697148047759        0.0000000000000000       -64.392412200670265        598.61712602580053        0.0000000000000000                7           8          30          32   0.0000000000000000        0.0000000000000000        0.0000000000000000       -252672297580.68182        1683192373.5267632        0.0000000000000000       5.37491077648110988E-016  -1435300789924.6233        40855702865.398071        0.0000000000000000      T
          32           7           1  -2100.5659789739520       -840.23400723906025        0.0000000000000000        116.13104386169790        581.16582205972452        0.0000000000000000                7           8          31          33   0.0000000000000000        0.0000000000000000        0.0000000000000000       -220012372040.85648        76342061872.824341        0.0000000000000000       5.37491077648110988E-016  -2158649446711.4915        511021135504.66907        0.0000000000000000      T
          33           7           1  -1914.1029222132681       -279.75472514612193        0.0000000000000000        258.26437123676470        539.06455471126219        0.0000000000000000                7           8          32          63   0.0000000000000000        0.0000000000000000        0.0000000000000000       -89806517595.093491        67667673052.712509        0.0000000000000000       5.37491077648110988E-016  -1285223216138.3032        638129705231.68689        0.0000000000000000      T
          34           8           2  -323.04400819254818       -1511.0424690182554        0.0000000000000000        995.55391628958182       -303.37673272027507        0.0000000000000000                8           8          -1          35   0.0000000000000000        0.0000000000000000        0.0000000000000000        0.0000000000000000        0.0000000000000000        0.0000000000000000       5.37491077648110988E-016   10228810349025.338       -359737701096.47833        0.0000000000000000      T
          35           8           1  -253.94243810348428       -1860.7648313134159        0.0000000000000000       -336.66107693059877       -401.61041544517263      -5.68434188608080149E-014           8           8          34          36   0.0000000000000000        0.0000000000000000        0.0000000000000000       -162707084669.07886       -252770502311.78766        0.0000000000000000       5.37491077648110988E-016   10451159003448.719       -3204190664165.0903        0.0000000000000000      T
          36           8           1  -563.03065062164319       -2255.6429486622392        0.0000000000000000       -368.86953585447174       -323.98304443098584        0.0000000000000000                8           8          35          37   0.0000000000000000        0.0000000000000000        0.0000000000000000       -463312651553.01868        49956369392.189240        0.0000000000000000       5.37491077648110988E-016   5899782822014.2793       -5359136561053.7480        0.0000000000000000      T
          37           8           1  -1018.8721157253101       -2435.2426410322309        0.0000000000000000       -482.64981251699288       -25.890835987329098      -3.55271367880050093E-015           8           8          36          38   0.0000000000000000        0.0000000000000000        0.0000000000000000        35770763202.148911       -53849294842.348984        0.0000000000000000       5.37491077648110988E-016  -522182736185.84985        1098096485736.1411        0.0000000000000000      T
          38           8           2  -1425.3827500766492       -2206.9837292854208        0.0000000000000000       -287.58751244257451        573.52404651075722        0.0000000000000000                8           8          37          -1   0.0000000000000000        0.0000000000000000        0.0000000000000000        0.0000000000000000        0.0000000000000000        0.0000000000000000       5.37491077648110988E-016   95669383551.645569        90765829493.076813        0.0000000000000000      T
          39           9           2   706.30269769742017        155.32442096946733        0.0000000000000000        758.09289737266477       -226.28035802516141      -1.42108547152020037E-014           9           8          -1          40   0.0000000000000000        0.0000000000000000        0.0000000000000000        0.0000000000000000        0.0000000000000000        0.0000000000000000       5.37491077648110988E-016   46233321892.821671        178252813706.12799        0.0000000000000000      T
          40           9           1   1041.6615295000724       -413.20964674992916        0.0000000000000000        9.7773542713454447       -725.08543480034791        0.0000000000000000                9           8          39          41   0.0000000000000000        0.0000000000000000        0.0000000000000000        70433685703.335464       -2703563334.3453808        0.0000000000000000       5.37491077648110988E-016   37077723768.156433       -9395010163.3091240        0.0000000000000000      T
          41           9           1   844.03917846556396       -1085.0540876473501        0.0000000000000000       -383.99287215361448       -594.51342862389936      -5.68434188608080149E-014           9           8          40          42   0.0000000000000000        0.0000000000000000        0.0000000000000000        82146561320.247406       -51682699573.409630        0.0000000000000000       5.37491077648110988E-016  -3836498225.6778998       -39261865304.457558        0.0000000000000000      T
          42           9           1   327.89054949621328       -1559.2877729224710        0.0000000000000000       -615.11880566846446       -335.09522922168026       2.84217094304040074E-014           9           8          41          43   0.0000000000000000        0.0000000000000000        0.0000000000000000        38366313836.686783       -82186328082.173676        0.0000000000000000       5.37491077648110988E-016  -59314271405.642014        1478227503.0383353        0.0000000000000000      T
          43           9           2  -323.04400819248968       -1511.0424690179061        0.0000000000000000       -656.78146514668913        656.92920139895250       5.68434188608080149E-014           9           8          42          -1   0.0000000000000000        0.0000000000000000        0.0000000000000000        0.0000000000000000        0.0000000000000000        0.0000000000000000       5.37491077648110988E-016   90340664326.040771        261190904688.34589        0.0000000000000000      T
          44          10           2  -1425.3827500776383       -2206.9837292861193        0.0000000000000000        1272.0668745762155        743.45364090183045      -5.68434188608080149E-014          10          10          -1          45   0.0000000000000000        0.0000000000000000        0.0000000000000000        0.0000000000000000        0.0000000000000000        0.0000000000000000       5.37491077648110988E-016   3037316060773.6323       -3327014154835.8193        0.0000000000000000      T
          45          10           1  -963.70083436106427       -1776.7412272844124        0.0000000000000000        257.86344621685578        338.23114016877804       3.19744231092045084E-014          10          10          44          46   0.0000000000000000        0.0000000000000000        0.0000000000000000       -76664391789.669006        82965221974.579651        0.0000000000000000       5.37491077648110988E-016   3751815365893.2241       -3922618422110.4990        0.0000000000000000      T
          46          10           1  -472.60264740775392       -1365.9605328212901        0.0000000000000000        554.81964856601383        426.69138781754481       2.84217094304040074E-014          10          10          45          47   0.0000000000000000        0.0000000000000000        0.0000000000000000       -65808973204.735542        68598729730.702599        0.0000000000000000       5.37491077648110988E-016   2364889060133.4453       -2536468098833.0557        0.0000000000000000      T
          47          10           1  -3.2018269803446628       -930.55418255520078        0.0000000000000000        404.35498166124819        493.56444274867738        0.0000000000000000               10          10          46          48   0.0000000000000000        0.0000000000000000        0.0000000000000000       -77707644620.262436        108362264212.64261        0.0000000000000000       5.37491077648110988E-016   1477120286088.4678       -1496173592197.6018        0.0000000000000000      T
          48          10           1   356.97091927616907       -399.38247613936790        0.0000000000000000        316.48112484076421        498.78501123351327        0.0000000000000000               10          10          47          64   0.0000000000000000        0.0000000000000000        0.0000000000000000       -61774735294.637466        53240533525.377213        0.0000000000000000       5.37491077648110988E-016   501512152310.16345       -441441323120.30554        0.0000000000000000      T
          49          11           2  -323.04400819254818       -1511.0424690182554        0.0000000000000000       -620.23171771869295       -343.82738488280387      -2.84217094304040074E-014          11          10          -1          50   0.0000000000000000        0.0000000000000000        0.0000000000000000        0.0000000000000000        0.0000000000000000        0.0000000000000000       5.37491077648110988E-016  -242304537472.22775       -2654314877930.1309        0.0000000000000000      T
          50          11           1  -596.35188818349138       -1717.1924687534656        0.0000000000000000       -135.24890906371633       -220.07881912042419      -8.52651282912120223E-014          11          10          49          51   0.0000000000000000        0.0000000000000000        0.0000000000000000        86917795364.037216        27655427874.767151        0.0000000000000000       5.37491077648110988E-016  -6898321540610.1582        5189164944418.5566        0.0000000000000000      T
          51          11           1  -827.52450715564748       -1973.1644898374327        0.0000000000000000       -352.21414291573922       -162.22340109303067        0.0000000000000000               11          10          50          52   0.0000000000000000        0.0000000000000000        0.0000000000000000        1063774486668.3546       -1118149774644.7095        0.0000000000000000       5.37491077648110988E-016   948120038307.09644       -2584742484362.1621        0.0000000000000000      T
          52          11           1  -1163.6339552030822       -2069.8265430637016        0.0000000000000000       -157.74072033209850       -188.92979943816096        0.0000000000000000               11          10          51          53   0.0000000000000000        0.0000000000000000        0.0000000000000000       -391368482645.13458        420932633965.46545        0.0000000000000000       5.37491077648110988E-016   6335201213876.2520       -8892515486155.6504        0.0000000000000000      T
          53          11           2  -1425.3827500766492       -2206.9837292854208        0.0000000000000000       -810.39770451887239        216.48488050170940      -1.42108547152020037E-014          11          10          52          -1   0.0000000000000000        0.0000000000000000        0.0000000000000000        0.0000000000000000        0.0000000000000000        0.0000000000000000       5.37491077648110988E-016  -4999795260933.1885        7777073535064.9785        0.0000000000000000      T
          54          12           2   706.30269769742063        155.32442096946738        0.0000000000000000       -348.94314118639630       -964.84330610505003        0.0000000000000000               12          10          -1          55   0.0000000000000000        0.0000000000000000        0.0000000000000000        0.0000000000000000        0.0000000000000000        0.0000000000000000       5.37491077648110988E-016   9687262379734.8750       -5211232827860.7344        0.0000000000000000      T
          55          12           1   436.32228894604174       -249.59620936268368        0.0000000000000000       -235.90603442750452       -255.26179279670447        0.0000000000000000               12          10          54          56   0.0000000000000000        0.0000000000000000        0.0000000000000000       -269257859529.24780        34295183391.858200        0.0000000000000000       5.37491077648110988E-016   9518263573458.2500       -5513636661213.5781        0.0000000000000000      T
          56          12           1   193.07811857580609       -678.27134952430879        0.0000000000000000       -247.10645846842900       -514.89683418946129      -5.68434188608080149E-014          12          10          55          57   0.0000000000000000        0.0000000000000000        0.0000000000000000       -4404682674.3666191        1238356877.6917214        0.0000000000000000       5.37491077648110988E-016   9317235739507.5547       -5847105035866.2900        0.0000000000000000      T
          57          12           1  -51.806561958434600       -1105.0086572569203        0.0000000000000000       -240.05468441220856       -251.38821412816083        0.0000000000000000               12          10          56          58   0.0000000000000000        0.0000000000000000        0.0000000000000000        255235746458.78253       -34767094746.913063        0.0000000000000000       5.37491077648110988E-016   9500556739323.0410       -5544029950139.1465        0.0000000000000000      T
          58          12           2  -323.04400819248940       -1511.0424690179063        0.0000000000000000       -341.04118418762340       -977.86366777868739      -5.68434188608080149E-014          12          10          57          -1   0.0000000000000000        0.0000000000000000        0.0000000000000000        0.0000000000000000        0.0000000000000000        0.0000000000000000       5.37491077648110988E-016   9662473181358.9004       -5257053549234.5898        0.0000000000000000      T
          59           1           1  -1495.7530052934590        95.363169575175661        0.0000000000000000        365.81009390476208        422.98859390939299      -2.84217094304040074E-014           1          11           5          66   0.0000000000000000        0.0000000000000000        0.0000000000000000       -150219988339.22894        135877554536.35065        0.0000000000000000       5.37491077648110988E-016  -223121880109.30518        319854356961.65125        0.0000000000000000      T
          60           2           1  -1031.2260776653061       -2390.0616496372531        0.0000000000000000       -427.74775619972536       -63.750581950733505       4.26325641456060112E-014           2          11           8          61   0.0000000000000000        0.0000000000000000        0.0000000000000000        44248057981.198296       -37761251511.236198        0.0000000000000000       5.37491077648110988E-016  -632111076483.72839        1682310354358.8958        0.0000000000000000      T
          61           2           2  -1425.3827500766492       -2206.9837292854208        0.0000000000000000       -352.44120458992694        528.72071947132304        0.0000000000000000                2          11          60          -1   0.0000000000000000        0.0000000000000000        0.0000000000000000        0.0000000000000000        0.0000000000000000        0.0000000000000000       5.37491077648110988E-016   172470615449.41870        36484759041.124298        0.0000000000000000      T
          62           4           2   706.30269769648964        155.32442096853606        0.0000000000000000        189.16403079037320        1162.4388113603156        0.0000000000000000                4           7          18          -1   0.0000000000000000        0.0000000000000000        0.0000000000000000        0.0000000000000000        0.0000000000000000        0.0000000000000000       5.37491077648110988E-016  -6590071470919.7676        4321961245583.8755        0.0000000000000000      T
          63           7           1  -1589.0160112360859        225.12538233656855        0.0000000000000000        385.46137440484182        458.65412782211195        0.0000000000000000                7           8          33          65   0.0000000000000000        0.0000000000000000        0.0000000000000000       -146119768609.06787        123291934908.38431        0.0000000000000000       5.37491077648110988E-016   455339239635.70447       -199759120459.70233        0.0000000000000000      T
          64          10           2   706.30269769648964        155.32442096853606        0.0000000000000000        458.23409300619829        768.93132288848005        0.0000000000000000               10          10          48          -1   0.0000000000000000        0.0000000000000000        0.0000000000000000        0.0000000000000000        0.0000000000000000        0.0000000000000000       5.37491077648110988E-016  -43562996454.108788        26311265556.640572        0.0000000000000000      T
          65           7           1  -1147.5322190042216        620.84799947600163        0.0000000000000000        499.60224077100747        328.12710786666236       2.84217094304040074E-014           7           8          63          67   0.0000000000000000        0.0000000000000000        0.0000000000000000       -148620635747.42535        202990716056.38922        0.0000000000000000       5.37491077648110988E-016   321346060477.32654       -150338749923.99020        0.0000000000000000      T
          66           1           1  -1082.5850595683410        468.92487163046940        0.0000000000000000        458.64421291782935        321.52755465147641       2.84217094304040074E-014           1          11          59          68   0.0000000000000000        0.0000000000000000        0.0000000000000000       -110496235329.38693        170912724546.80151        0.0000000000000000       5.37491077648110988E-016  -3073362388.6556091        181307047473.40387        0.0000000000000000      T
          67           7           1  -602.06522512623928        872.83123362059177        0.0000000000000000        576.98202084066838        171.95499456330865       4.26325641456060112E-014           7           8          65          69   0.0000000000000000        0.0000000000000000        0.0000000000000000       -55321070721.017334        213380655862.09589        0.0000000000000000       5.37491077648110988E-016   139025644304.70465        37217571155.648941        0.0000000000000000      T
          68           1           1  -586.73535045402309        728.55210697691928        0.0000000000000000        526.66601894222867        190.46799968993179       3.55271367880050093E-014           1          11          66          70   0.0000000000000000        0.0000000000000000        0.0000000000000000       -69063364781.355835        211146072859.97571        0.0000000000000000       5.37491077648110988E-016   194746753363.49631       -5907274186.7728615        0.0000000000000000      T
          69           7           1  -6.7041599416514828        924.76008699544150        0.0000000000000000        614.95385305403022       -104.21082356157726       1.42108547152020037E-014           7           8          67          71   0.0000000000000000        0.0000000000000000        0.0000000000000000        15166599504.174961        213664443152.87842        0.0000000000000000       5.37491077648110988E-016   125267555673.12540       -22886650392.178146        0.0000000000000000      T
          70           1           1  -31.952869280156762        820.12894657917752        0.0000000000000000        586.58828217780933       -29.787328565078184        0.0000000000000000                1          11          68          72   0.0000000000000000        0.0000000000000000        0.0000000000000000       -7203792192.1584358        206564332087.21118        0.0000000000000000       5.37491077648110988E-016   191359469652.80139       -64466231822.308395        0.0000000000000000      T
          71           7           1   541.06173331342677        693.05094521862304        0.0000000000000000        392.58344226220834       -294.45256552290516       2.84217094304040074E-014           7           8          69          73   0.0000000000000000        0.0000000000000000        0.0000000000000000        80051713031.565521        84573509745.165253        0.0000000000000000       5.37491077648110988E-016  -43077383564.957306       -145684726545.70163        0.0000000000000000      T
          72           1           1   500.97011969787064        672.04243759107135        0.0000000000000000        390.09726280221645       -240.84769358716321        0.0000000000000000                1          11          70          74   0.0000000000000000        0.0000000000000000        0.0000000000000000        65664063806.058624        119442188356.09543        0.0000000000000000       5.37491077648110988E-016   63758792717.461388       -226948628056.40881        0.0000000000000000      T
          73           7           2   706.30269769648964        155.32442096853606        0.0000000000000000       -46.267049188439955       -1026.2859124275190        0.0000000000000000                7           8          71          -1   0.0000000000000000        0.0000000000000000        0.0000000000000000        0.0000000000000000        0.0000000000000000        0.0000000000000000       5.37491077648110988E-016  -192357286520.77951        5087538183.8470697        0.0000000000000000      T
          74           1           2   706.30269769648964        155.32442096853606        0.0000000000000000        67.789367543263580       -1001.2354739181937        0.0000000000000000                1          11          72          -1   0.0000000000000000        0.0000000000000000        0.0000000000000000        0.0000000000000000        0.0000000000000000        0.0000000000000000       5.37491077648110988E-016  -183747221062.99521        46271132860.465561        0.0000000000000000      T
