           1   2378.6246261874257        2378.6246261874257        2378.6246261874257                0
           1   2961.9591195589951        2961.9591195589951        2961.9591195589951                0
           1   4129.2805094669511        4129.2805094669511        4129.2805094669511                0
           2   2378.6246261874257        3154.3753738125743        2378.6246261874257                0
           2   2961.9591195589951        2571.0408804410049        2961.9591195589951                0
           2   4129.2805094669511        1403.7194905330489        4129.2805094669511                0
           3   3154.3753738125743        3154.3753738125743        2378.6246261874257                0
           3   2571.0408804410049        2571.0408804410049        2961.9591195589951                0
           3   1403.7194905330489        1403.7194905330489        4129.2805094669511                0
           4   3154.3753738125743        2378.6246261874257        2378.6246261874257                0
           4   2571.0408804410049        2961.9591195589951        2961.9591195589951                0
           4   1403.7194905330489        4129.2805094669511        4129.2805094669511                0
           1           1           2  -1425.3827500776383       -2206.9837292861193        0.0000000000000000        623.35759125303377        520.73459715790091        0.0000000000000000                1          11          -1           2   0.0000000000000000        0.0000000000000000        0.0000000000000000        0.0000000000000000        0.0000000000000000        0.0000000000000000       5.37491077648110988E-016  -673643848203.63818        969208473328.52576        0.0000000000000000      T
           2           1           1  -889.56951184612967       -1848.5125111334269        0.0000000000000000        504.30890637379002        331.47823475758594      -2.84217094304040074E-014           1          11           1           3   0.0000000000000000        0.0000000000000000        0.0000000000000000       -74132706502.999268        103918872999.24356        0.0000000000000000       5.37491077648110988E-016  -702479078122.62036        943275966296.75073        0.0000000000000000      T
           3           1           1  -386.15998141079876       -1441.3541500119115        0.0000000000000000        477.07508925232503        450.24120163437931        0.0000000000000000                1          11           2           4   0.0000000000000000        0.0000000000000000        0.0000000000000000       -103007188805.08557        98632314606.797058        0.0000000000000000       5.37491077648110988E-016  -460731221270.10535        508954935712.86310        0.0000000000000000      T
           4           1           1   42.776785149105706       -957.43460002033714        0.0000000000000000        384.42962760261571        540.79069204416567        0.0000000000000000                1          11           3           5   0.0000000000000000        0.0000000000000000        0.0000000000000000       -122480862934.00430        82412390001.091644        0.0000000000000000       5.37491077648110988E-016  -120018716230.97870        67958366833.353821        0.0000000000000000      T
           5           1           1   377.78411226647989       -402.10862561404861        0.0000000000000000        277.03868136904833        504.33260338254604        0.0000000000000000                1          11           4          59   0.0000000000000000        0.0000000000000000        0.0000000000000000       -192837114672.40894        109724704304.76141        0.0000000000000000       5.37491077648110988E-016   427270965963.57977       -270663617277.29950        0.0000000000000000      T
           6           2           2  -323.04400819254818       -1511.0424690182554        0.0000000000000000       -496.17334565517370       -372.36351502796515        0.0000000000000000                2          11          -1           7   0.0000000000000000        0.0000000000000000        0.0000000000000000        0.0000000000000000        0.0000000000000000        0.0000000000000000       5.37491077648110988E-016   625279083579.77588       -2958135207188.7036        0.0000000000000000      T
           7           2           1  -649.59065043860983       -1683.9646106785297        0.0000000000000000       -251.29388304537960       -162.87700216745679      -1.42108547152020037E-014           2          11           6           8   0.0000000000000000        0.0000000000000000        0.0000000000000000        3154075868.9826269        77421733049.953094        0.0000000000000000       5.37491077648110988E-016  -2206862670360.7490        2431922998672.3354        0.0000000000000000      T
           8           2           1  -939.86321402676060       -1905.4188732198222        0.0000000000000000       -349.10873966594579       -159.25768890690827      -2.84217094304040074E-014           2          11           7          60   0.0000000000000000        0.0000000000000000        0.0000000000000000        250284774522.41876       -269639238283.23828        0.0000000000000000       5.37491077648110988E-016   2727596332932.1519       -3348765881667.1846        0.0000000000000000      T
           9           3           2   706.30269769742085        155.32442096946727        0.0000000000000000        12.526768316964706       -1030.7654627240902        0.0000000000000000                3          11          -1          10   0.0000000000000000        0.0000000000000000        0.0000000000000000        0.0000000000000000        0.0000000000000000        0.0000000000000000       5.37491077648110988E-016   8953692418305.8828       -6389944606831.2471        0.0000000000000000      T
          10           3           1   400.02009727958745       -181.75223498327972        0.0000000000000000       -372.10774832953723       -185.30712702618825        0.0000000000000000                3          11           9          11   0.0000000000000000        0.0000000000000000        0.0000000000000000       -837816036474.87866        463885305489.21637        0.0000000000000000       5.37491077648110988E-016   3710362113551.8223       -3816305062034.8896        0.0000000000000000      T
          11           3           1   126.91882806957830       -607.66595126267202        0.0000000000000000       -262.24738388234442       -516.97714586757479      -2.84217094304040074E-014           3          11          10          12   0.0000000000000000        0.0000000000000000        0.0000000000000000       -485286146823.84290        304232250768.03766        0.0000000000000000       5.37491077648110988E-016  -8603480595807.0449        3636981561317.8252        0.0000000000000000      T
          12           3           1  -99.376948050855162       -1071.5490343334473        0.0000000000000000       -77.093852132412607       -416.17468755401541       2.84217094304040074E-014           3          11          11          13   0.0000000000000000        0.0000000000000000        0.0000000000000000       -152079013710.89526        157392799135.60425        0.0000000000000000       5.37491077648110988E-016  -9930409360961.7344        4699205415244.0762        0.0000000000000000      T
          13           3           2  -323.04400819248940       -1511.0424690179063        0.0000000000000000       -779.26571637420761       -528.45365718206631      -8.52651282912120223E-014           3          11          12          -1   0.0000000000000000        0.0000000000000000        0.0000000000000000        0.0000000000000000        0.0000000000000000        0.0000000000000000       5.37491077648110988E-016  -9595269518693.6367        5378736177172.9229        0.0000000000000000      T
          14           4           2  -1425.3827500776383       -2206.9837292861193        0.0000000000000000        376.26516181726703        771.88362525971911        0.0000000000000000                4           7          -1          15   0.0000000000000000        0.0000000000000000        0.0000000000000000        0.0000000000000000        0.0000000000000000        0.0000000000000000       5.37491077648110988E-016   847313559200.78308       -392568168003.53870        0.0000000000000000      T
          15           4           1  -1165.7023012085524       -1611.2545891551135        0.0000000000000000        263.69635168568232        534.36568318445529        0.0000000000000000                4           7          14          16   0.0000000000000000        0.0000000000000000        0.0000000000000000        56421477476.696991       -32498550890.242870        0.0000000000000000       5.37491077648110988E-016   758626880141.10522       -411826769320.44916        0.0000000000000000      T
          16           4           1  -810.86608655736609       -1062.1333560606595        0.0000000000000000        412.49942200082114        525.20476167883976      -2.84217094304040074E-014           4           7          15          17   0.0000000000000000        0.0000000000000000        0.0000000000000000        95715808363.538818       -86331191191.729843        0.0000000000000000       5.37491077648110988E-016   288301444069.94006       -266301136018.44354        0.0000000000000000      T
          17           4           1  -352.66291138464032       -596.66464065835078        0.0000000000000000        525.42412978276934        408.58511559047440      -2.84217094304040074E-014           4           7          16          18   0.0000000000000000        0.0000000000000000        0.0000000000000000        103495859128.89157       -132001305516.76926        0.0000000000000000       5.37491077648110988E-016  -109134740817.61404       -48080590366.183395        0.0000000000000000      T
          18           4           1   189.82844970818957       -235.40590052765026        0.0000000000000000        487.88766766476851        320.63714255828950       2.84217094304040074E-014           4           7          17          62   0.0000000000000000        0.0000000000000000        0.0000000000000000        19859637292.074547       -31283099293.684338        0.0000000000000000       5.37491077648110988E-016  -255026918704.67426        429629477316.81470        0.0000000000000000      T
          19           5           2  -323.04400819254818       -1511.0424690182554        0.0000000000000000       -1118.5186632352679        156.33045348054833      -1.42108547152020037E-014           5           7          -1          20   0.0000000000000000        0.0000000000000000        0.0000000000000000        0.0000000000000000        0.0000000000000000        0.0000000000000000       5.37491077648110988E-016  -6816059607522.0420        8633732184096.6572        0.0000000000000000      T
          20           5           1  -546.99173328454367       -1693.7200863441351        0.0000000000000000        58.538717630530343       -327.72079464490218       1.06581410364015028E-013           5           7          19          21   0.0000000000000000        0.0000000000000000        0.0000000000000000        348801931728.01599       -348110008960.18738        0.0000000000000000       5.37491077648110988E-016  -6960082925908.4170        8517339146505.2061        0.0000000000000000      T
          21           5           1  -723.73446786315992       -1971.4337929560097        0.0000000000000000       -317.70758629868914       -226.62124671420412      -5.68434188608080149E-014           5           7          20          22   0.0000000000000000        0.0000000000000000        0.0000000000000000        605923618100.13574       -648261098001.26343        0.0000000000000000       5.37491077648110988E-016   3336100087274.0049       -4261421615417.4688        0.0000000000000000      T
          22           5           1  -1089.7088454121017       -2106.5709811413599        0.0000000000000000       -415.85970881844753       -4.3469028899556434        0.0000000000000000                5           7          21          23   0.0000000000000000        0.0000000000000000        0.0000000000000000       -7640987879.5373154       -171468211259.63257        0.0000000000000000       5.37491077648110988E-016   6482517062307.2715       -8884689315879.9727        0.0000000000000000      T
          23           5           2  -1425.3827500766492       -2206.9837292854208        0.0000000000000000       -123.79842506798805       -462.64095071420536        0.0000000000000000                5           7          22          -1   0.0000000000000000        0.0000000000000000        0.0000000000000000        0.0000000000000000        0.0000000000000000        0.0000000000000000       5.37491077648110988E-016   6175958208455.9219       -9102611724522.0313        0.0000000000000000      T
          24           6           2   706.30269769742085        155.32442096946727        0.0000000000000000        240.41689421974979       -1040.9057610513669       5.68434188608080149E-014           6           7          -1          25   0.0000000000000000        0.0000000000000000        0.0000000000000000        0.0000000000000000        0.0000000000000000        0.0000000000000000       5.37491077648110988E-016   10334966361786.980       -3766758593370.6436        0.0000000000000000      T
          25           6           1   541.53963597359200       -290.24366274563556        0.0000000000000000       -299.82206625897078       -290.87457886685320       5.68434188608080149E-014           6           7          24          26   0.0000000000000000        0.0000000000000000        0.0000000000000000       -369506359497.70001       -28451995360.458477        0.0000000000000000       5.37491077648110988E-016   9949634792486.3281       -4689852510385.6797        0.0000000000000000      T
          26           6           1   302.87432137994932       -754.84196012781888        0.0000000000000000       -251.41375813628011       -526.09506677307911        0.0000000000000000                6           7          25          27   0.0000000000000000        0.0000000000000000        0.0000000000000000       -110948764415.97571       -27670058389.414932        0.0000000000000000       5.37491077648110988E-016   9151386319428.6055       -6100398267043.6914        0.0000000000000000      T
          27           6           1  -26.933520893801699       -1144.3275496684064        0.0000000000000000       -399.94237179809090       -166.99681480914282      -5.68434188608080149E-014           6           7          26          28   0.0000000000000000        0.0000000000000000        0.0000000000000000       -59022324656.506195       -6021043715.4838800        0.0000000000000000       5.37491077648110988E-016   8657340498663.6934       -6785633622265.8809        0.0000000000000000      T
          28           6           2  -323.04400819248940       -1511.0424690179063        0.0000000000000000       -26.571743388673099       -1074.5192006606117        0.0000000000000000                6           7          27          -1   0.0000000000000000        0.0000000000000000        0.0000000000000000        0.0000000000000000        0.0000000000000000        0.0000000000000000       5.37491077648110988E-016   8510780408175.9756       -6968975308021.1123        0.0000000000000000      T
          29           7           2  -1425.3827500776383       -2206.9837292861193        0.0000000000000000       -143.51983045508177        942.53260691213973      -5.68434188608080149E-014           7           8          -1          30   0.0000000000000000        0.0000000000000000        0.0000000000000000        0.0000000000000000        0.0000000000000000        0.0000000000000000       5.37491077648110988E-016  -3013796793013.9683        633335994992.25500        0.0000000000000000      T
          30           7           1  -1291.2906724811226       -1546.1799465361569        0.0000000000000000        260.35350534729798        580.83442490230027        0.0000000000000000                7           8          29          31   0.0000000000000000        0.0000000000000000        0.0000000000000000        120003369501.56252       -14329332919.121964        0.0000000000000000       5.37491077648110988E-016  -2884541990947.9961        863157566751.74182        0.0000000000000000      T
          31           7           1  -1005.6920640575698       -918.90471888919114        0.0000000000000000        361.17786712609416        598.36672466944447        0.0000000000000000                7           8          30          32   0.0000000000000000        0.0000000000000000        0.0000000000000000        158316753350.86560       -79188713123.934784        0.0000000000000000       5.37491077648110988E-016  -925448800913.56396        319657523069.52026        0.0000000000000000      T
          32           7           1  -540.67714323552514       -410.19629995651513        0.0000000000000000        546.77561388511856        433.64961615884738      -2.84217094304040074E-014           7           8          31          33   0.0000000000000000        0.0000000000000000        0.0000000000000000        70709474534.644592       -86131343039.136658        0.0000000000000000       5.37491077648110988E-016   32529044636.316696       -83904520900.924911        0.0000000000000000      T
          33           7           1   43.733309454621555       -49.752922647054689        0.0000000000000000        599.99579787000675        274.49019942157480       2.84217094304040074E-014           7           8          32          63   0.0000000000000000        0.0000000000000000        0.0000000000000000        31359278765.684616       -62665140978.382126        0.0000000000000000       5.37491077648110988E-016  -53495217541.984650        42344392535.217270        0.0000000000000000      T
          34           8           2  -323.04400819254818       -1511.0424690182554        0.0000000000000000        194.15846974963728       -769.32940263444789        0.0000000000000000                8           8          -1          35   0.0000000000000000        0.0000000000000000        0.0000000000000000        0.0000000000000000        0.0000000000000000        0.0000000000000000       5.37491077648110988E-016   9186488579204.5879       -6050489863155.1865        0.0000000000000000      T
          35           8           1  -500.14057575604329       -1752.0337570487941        0.0000000000000000       -321.02449725127195       -78.084124009849688        0.0000000000000000                8           8          34          36   0.0000000000000000        0.0000000000000000        0.0000000000000000       -758656386459.96362        409806983913.78369        0.0000000000000000       5.37491077648110988E-016   8499975698840.7363       -6956938701342.5977        0.0000000000000000      T
          36           8           1  -799.64090660031809       -1932.0448225608027        0.0000000000000000       -339.85117596785966       -181.34116195379602        0.0000000000000000                8           8          35          37   0.0000000000000000        0.0000000000000000        0.0000000000000000       -80324699068.103134       -18215194321.452652        0.0000000000000000       5.37491077648110988E-016   2996960148316.9668       -4873712940085.4180        0.0000000000000000      T
          37           8           1  -1123.7671453451935       -2083.8975213690301        0.0000000000000000       -190.45050764473979       -192.14252113567349       2.84217094304040074E-014           8           8          36          38   0.0000000000000000        0.0000000000000000        0.0000000000000000       -113755319319.10933        87743014648.742050        0.0000000000000000       5.37491077648110988E-016  -5513175496595.2939        6262536431522.8613        0.0000000000000000      T
          38           8           2  -1425.3827500766492       -2206.9837292854208        0.0000000000000000       -775.57232388217426        125.09452632263616      -2.13162820728030056E-014           8           8          37          -1   0.0000000000000000        0.0000000000000000        0.0000000000000000        0.0000000000000000        0.0000000000000000        0.0000000000000000       5.37491077648110988E-016  -2942432931663.8438        498513970551.90320        0.0000000000000000      T
          39           9           2   706.30269769742017        155.32442096946733        0.0000000000000000        482.92611574642564       -1064.6783752793772        0.0000000000000000                9           8          -1          40   0.0000000000000000        0.0000000000000000        0.0000000000000000        0.0000000000000000        0.0000000000000000        0.0000000000000000       5.37491077648110988E-016   10659671679312.588       -2715032170944.0479        0.0000000000000000      T
          40           9           1   647.88863824335124       -310.47651377718296        0.0000000000000000       -267.22797113952811       -316.09219752795798        0.0000000000000000                9           8          39          41   0.0000000000000000        0.0000000000000000        0.0000000000000000       -205410940348.20776       -118774429824.28964        0.0000000000000000       5.37491077648110988E-016   10233120876009.746       -4015934287516.2910        0.0000000000000000      T
          41           9           1   411.38336553726600       -773.15605518417101        0.0000000000000000       -298.77222766877600       -456.39426306970654        0.0000000000000000                9           8          40          42   0.0000000000000000        0.0000000000000000        0.0000000000000000       -260407921409.26898       -9407561711.2064171        0.0000000000000000       5.37491077648110988E-016   9231102673927.0195       -5968535775269.5313        0.0000000000000000      T
          42           9           1   47.384409639281841       -1145.4978521313806        0.0000000000000000       -339.19580399757626       -363.39476525580835        0.0000000000000000                9           8          41          43   0.0000000000000000        0.0000000000000000        0.0000000000000000       -526036535208.75854        343991770817.95325        0.0000000000000000       5.37491077648110988E-016   5076669908914.7539       -4165546107574.3389        0.0000000000000000      T
          43           9           2  -323.04400819248968       -1511.0424690179061        0.0000000000000000       -547.72667753018607       -303.68591740826469       2.84217094304040074E-014           9           8          42          -1   0.0000000000000000        0.0000000000000000        0.0000000000000000        0.0000000000000000        0.0000000000000000        0.0000000000000000       5.37491077648110988E-016  -467915194811.98309        581667753459.52612        0.0000000000000000      T
          44          10           2  -1425.3827500776383       -2206.9837292861193        0.0000000000000000        754.80655275294862        320.30256002129067       5.68434188608080149E-014          10          10          -1          45   0.0000000000000000        0.0000000000000000        0.0000000000000000        0.0000000000000000        0.0000000000000000        0.0000000000000000       5.37491077648110988E-016  -103307439437.66512        222384050917.51999        0.0000000000000000      T
          45          10           1  -822.91500069576443       -1933.1801854699065        0.0000000000000000        544.35057057091137        297.33139712065753      -2.84217094304040074E-014          10          10          44          46   0.0000000000000000        0.0000000000000000        0.0000000000000000       -45334026246.430450        82634067995.398010        0.0000000000000000       5.37491077648110988E-016  -135342174427.19882        193990982576.90027        0.0000000000000000      T
          46          10           1  -283.77989350911002       -1554.0078173317602        0.0000000000000000        492.59973466899049        449.29958735915670      -5.68434188608080149E-014          10          10          45          47   0.0000000000000000        0.0000000000000000        0.0000000000000000       -94815094813.903473        100075429655.46725        0.0000000000000000       5.37491077648110988E-016  -175413482953.94836        150327003945.75247        0.0000000000000000      T
          47          10           1   140.29262119922925       -1049.6803131987215        0.0000000000000000        374.87335643810781        555.96987025627004        0.0000000000000000               10          10          46          48   0.0000000000000000        0.0000000000000000        0.0000000000000000       -86535565522.330688        57465746907.445862        0.0000000000000000       5.37491077648110988E-016  -65865084231.636604        78604638374.163925        0.0000000000000000      T
          48          10           1   465.30603641505701       -473.63560592053079        0.0000000000000000        255.16462935107970        567.93756584945118        0.0000000000000000               10          10          47          64   0.0000000000000000        0.0000000000000000        0.0000000000000000       -61062746042.616409        22099995165.060341        0.0000000000000000       5.37491077648110988E-016  -100145395033.03558        65008597974.138229        0.0000000000000000      T
          49          11           2  -323.04400819254818       -1511.0424690182554        0.0000000000000000       -759.57571272671896        14.865201883060564       6.21724893790087663E-015          11          10          -1          50   0.0000000000000000        0.0000000000000000        0.0000000000000000        0.0000000000000000        0.0000000000000000        0.0000000000000000       5.37491077648110988E-016  -6332571191724.7588        8994361683951.6543        0.0000000000000000      T
          50          11           1  -605.39375586857932       -1647.6257250159517        0.0000000000000000       -118.62933916414975       -237.48361411257400       2.84217094304040074E-014          11          10          49          51   0.0000000000000000        0.0000000000000000        0.0000000000000000        79123737605.022079       -347718235798.66309        0.0000000000000000       5.37491077648110988E-016  -6817814931249.9414        8631168920921.9004        0.0000000000000000      T
          51          11           1  -846.58764572740779       -1881.5913330390404        0.0000000000000000       -336.53784322126120       -176.57733749511954      -1.42108547152020037E-014          11          10          50          52   0.0000000000000000        0.0000000000000000        0.0000000000000000        1005245474519.5767       -1217101951322.7578        0.0000000000000000       5.37491077648110988E-016  -6911902630968.5898        6852375411376.3242        0.0000000000000000      T
          52          11           1  -1158.4555132192752       -2025.6035526495896        0.0000000000000000       -194.40456000289322       -190.14051880786198      -2.84217094304040074E-014          11          10          51          53   0.0000000000000000        0.0000000000000000        0.0000000000000000        147474482744.49561       -167068913993.47510        0.0000000000000000       5.37491077648110988E-016   4573795663297.2383       -6571832230185.3828        0.0000000000000000      T
          53          11           2  -1425.3827500766492       -2206.9837292854208        0.0000000000000000       -622.22922981489012       -39.037776012574028       3.19744231092045084E-014          11          10          52          -1   0.0000000000000000        0.0000000000000000        0.0000000000000000        0.0000000000000000        0.0000000000000000        0.0000000000000000       5.37491077648110988E-016  -3251527868100.5356        4528559388952.1572        0.0000000000000000      T
          54          12           2   706.30269769742063        155.32442096946738        0.0000000000000000       -83.520621085378593       -1045.2974599427876        0.0000000000000000               12          10          -1          55   0.0000000000000000        0.0000000000000000        0.0000000000000000        0.0000000000000000        0.0000000000000000        0.0000000000000000       5.37491077648110988E-016   8507491501896.9590       -6972989914315.8828        0.0000000000000000      T
          55          12           1   391.00395377629548       -192.56318979159482        0.0000000000000000       -380.12255926271808       -173.77673703824323      -5.68434188608080149E-014          12          10          54          56   0.0000000000000000        0.0000000000000000        0.0000000000000000       -79713921926.553833        87889480432.479523        0.0000000000000000       5.37491077648110988E-016   8481336137542.1729       -7004776092439.9727        0.0000000000000000      T
          56          12           1   93.379508518580337       -605.79109504147721        0.0000000000000000       -234.75870940026957       -542.94213993707274        0.0000000000000000               12          10          55          57   0.0000000000000000        0.0000000000000000        0.0000000000000000        255406409033.48776       -17227970434.405571        0.0000000000000000       5.37491077648110988E-016   9097478776011.6797       -6182468878001.8818        0.0000000000000000      T
          57          12           1  -146.22332894817023       -1065.0446316853286        0.0000000000000000       -292.52445130960081       -271.89902889466737        0.0000000000000000               12          10          56          58   0.0000000000000000        0.0000000000000000        0.0000000000000000        321783327660.28149        12561748354.877537        0.0000000000000000       5.37491077648110988E-016   9699444785020.1797       -5186959974690.7139        0.0000000000000000      T
          58          12           2  -323.04400819248940       -1511.0424690179063        0.0000000000000000        155.58596450546295       -1085.2158664135459      -5.68434188608080149E-014          12          10          57          -1   0.0000000000000000        0.0000000000000000        0.0000000000000000        0.0000000000000000        0.0000000000000000        0.0000000000000000       5.37491077648110988E-016   10175629165971.652       -4178106159090.1494        0.0000000000000000      T
          59           1           2   706.30269769648964        155.32442096853606        0.0000000000000000        497.99338456334289        780.15595739227024        0.0000000000000000                1          11           5          -1   0.0000000000000000        0.0000000000000000        0.0000000000000000        0.0000000000000000        0.0000000000000000        0.0000000000000000       5.37491077648110988E-016   183286109426.02670       -93008857034.024948        0.0000000000000000      T
          60           2           1  -1218.4959953774751       -2042.8004599545748        0.0000000000000000       -58.987193107433228       -276.59979003304409       1.42108547152020037E-014           2          11           8          61   0.0000000000000000        0.0000000000000000        0.0000000000000000       -539638652698.31464        826911016669.97144        0.0000000000000000       5.37491077648110988E-016  -2793654814312.1323        4194779054530.6240        0.0000000000000000      T
          61           2           2  -1425.3827500766492       -2206.9837292854208        0.0000000000000000       -871.50109605398666        360.96228084228875      -5.68434188608080149E-014           2          11          60          -1   0.0000000000000000        0.0000000000000000        0.0000000000000000        0.0000000000000000        0.0000000000000000        0.0000000000000000       5.37491077648110988E-016  -5816732760883.9600        9336252995097.0840        0.0000000000000000      T
          62           4           2   706.30269769648964        155.32442096853606        0.0000000000000000        699.92202680154685        564.83349905702721       5.68434188608080149E-014           4           7          18          -1   0.0000000000000000        0.0000000000000000        0.0000000000000000        0.0000000000000000        0.0000000000000000        0.0000000000000000       5.37491077648110988E-016  -238706613572.31647        367454819003.66467        0.0000000000000000      T
          63           7           2   706.30269769648964        155.32442096853606        0.0000000000000000        794.18071743089888        164.95174893000700      -2.84217094304040074E-014           7           8          33          -1   0.0000000000000000        0.0000000000000000        0.0000000000000000        0.0000000000000000        0.0000000000000000        0.0000000000000000       5.37491077648110988E-016  -30714953894.844917        84679152261.814468        0.0000000000000000      T
          64          10           2   706.30269769648964        155.32442096853606        0.0000000000000000        302.49835564935427        787.29406884769855       5.68434188608080149E-014          10          10          48          -1   0.0000000000000000        0.0000000000000000        0.0000000000000000        0.0000000000000000        0.0000000000000000        0.0000000000000000       5.37491077648110988E-016   106599399501.78719       -40331228961.169357        0.0000000000000000      T
