           1   2378.6246261874257        2378.6246261874257        2378.6246261874257                2
          17          18
           1   2961.9591195589951        2961.9591195589951        2961.9591195589951                0
           1   4129.2805094669511        4129.2805094669511        4129.2805094669511                2
          13          19
           2   2378.6246261874257        3154.3753738125743        2378.6246261874257                0
           2   2961.9591195589951        2571.0408804410049        2961.9591195589951                0
           2   4129.2805094669511        1403.7194905330489        4129.2805094669511                0
           3   3154.3753738125743        3154.3753738125743        2378.6246261874257                2
          15          16
           3   2571.0408804410049        2571.0408804410049        2961.9591195589951                1
          20
           3   1403.7194905330489        1403.7194905330489        4129.2805094669511                1
          14
           4   3154.3753738125743        2378.6246261874257        2378.6246261874257                0
           4   2571.0408804410049        2961.9591195589951        2961.9591195589951                0
           4   1403.7194905330489        4129.2805094669511        4129.2805094669511                0
           1   2284.9471761336181        2284.9471761336176        2284.9471761336176                2
           3          19
           3   3248.0528238663819        3248.0528238663824        2284.9471761336176                1
           9
           3   1310.0420404792412        1310.0420404792408        4222.9579595207597                1
           7
           3   4998.7087071459073        4998.7087071459073        534.29129285409226                1
           7
           1   534.29129285409238        534.29129285409238        534.29129285409249                1
           1
           1   4222.9579595207588        4222.9579595207597        4222.9579595207597                1
           1
           1   440.61384280028471        440.61384280028415        440.61384280028426                2
          13           3
           3   726.70754710767142        726.70754710767187        4806.2924528923286                1
           8
           1           1           2  -1425.3827500776383       -2206.9837292861193        0.0000000000000000        723.11501427019516        136.95978376847881      -2.84217094304040074E-014           1          11          -1           2   0.0000000000000000        0.0000000000000000        0.0000000000000000        0.0000000000000000        0.0000000000000000        0.0000000000000000       5.37491077648110988E-016   814184989613.65698        582364065790.69019        0.0000000000000000      T
           2           1           1  -1009.3495630174501       -2520.1069426994445        0.0000000000000000        155.57094823984255       -550.99307620078685        0.0000000000000000                1          11           1           3   0.0000000000000000        0.0000000000000000        0.0000000000000000        188619877526.85831        20626647076.577667        0.0000000000000000       5.37491077648110988E-016   891207507099.89575       -265966284434.42523        0.0000000000000000      T
           3           1           1  -1028.8375937330957        1442.0332985557984        0.0000000000000000       -155.76333819593881       -538.96314225890171        0.0000000000000000               18          11           2           4   0.0000000000000000        0.0000000000000000        0.0000000000000000       -144013858881.85043        141442952386.86603        0.0000000000000000       5.37491077648110988E-016  -4792135677617.9727        1208213310444.6377        0.0000000000000000      T
           4           1           1  -1280.9176270659311        933.41966339436954        0.0000000000000000       -347.22178760152985       -485.60128330148711      -5.68434188608080149E-014          18          11           3           5   0.0000000000000000        0.0000000000000000        0.0000000000000000        12172313437.565632        64417121878.831528        0.0000000000000000       5.37491077648110988E-016  -8882911521282.2344        3992458371739.6021        0.0000000000000000      T
           5           1           1  -1569.6405442917405        451.85394940650826        0.0000000000000000       -77.758363073875032       -489.16977198302089      -1.42108547152020037E-014          18          11           4         109   0.0000000000000000        0.0000000000000000        0.0000000000000000        739631024468.00342       -44070170582.319298        0.0000000000000000       5.37491077648110988E-016  -9029214107026.8711        6234542969367.3584        0.0000000000000000      T
           6           2           2  -323.04400819254818       -1511.0424690182554        0.0000000000000000        837.24052786604727        509.33070447693399      -2.84217094304040074E-014           2          11          -1          56   0.0000000000000000        0.0000000000000000        0.0000000000000000        0.0000000000000000        0.0000000000000000        0.0000000000000000       5.37491077648110988E-016  -417793983059.90607        128976518226.86655        0.0000000000000000      T
           7           3           2   706.30269769742085        155.32442096946727        0.0000000000000000       -808.39835405505914        121.74404757734533       6.39488462184090167E-014           3          11          -1           8   0.0000000000000000        0.0000000000000000        0.0000000000000000        0.0000000000000000        0.0000000000000000        0.0000000000000000       5.37491077648110988E-016  -189651677647.34518       -298010941155.64893        0.0000000000000000      T
           8           3           1   440.91186316663538        752.63911702953237        0.0000000000000000        111.75332502672504        755.44911028755428        0.0000000000000000                3          11           7           9   0.0000000000000000        0.0000000000000000        0.0000000000000000       -224526426720.99451        56905997116.137856        0.0000000000000000       5.37491077648110988E-016  -67672976181.813965        277679038191.45288        0.0000000000000000      T
           9           3           1   728.79062841487723        1387.2384862447780        0.0000000000000000        428.84884610052779        552.20170709836862        0.0000000000000000                3          11           8          10   0.0000000000000000        0.0000000000000000        0.0000000000000000       -258990092865.15552        199701300433.36200        0.0000000000000000       5.37491077648110988E-016   58123848580.623878        341289179515.61102        0.0000000000000000      T
          10           3           1   1252.0592712919770       -2657.5334914777959        0.0000000000000000        606.29351494719037        358.25298261631116        0.0000000000000000               13          11           9          11   0.0000000000000000        0.0000000000000000        0.0000000000000000       -198365935332.46552        348308640138.59424        0.0000000000000000       5.37491077648110988E-016   288575715532.04230        217931874079.96426        0.0000000000000000      T
          11           3           1   1916.7407691806538       -2442.2529860761024        0.0000000000000000        709.82751640804111        79.338692293071645      -9.23705556488130242E-014          13          11          10          71   0.0000000000000000        0.0000000000000000        0.0000000000000000       -26913001576.822121        389307638920.39642        0.0000000000000000       5.37491077648110988E-016   461295406869.32697       -104063491612.53162        0.0000000000000000      T
          12           4           2  -1425.3827500776383       -2206.9837292861193        0.0000000000000000        482.67259800197934        416.95193550718625      -2.84217094304040074E-014           4           7          -1          13   0.0000000000000000        0.0000000000000000        0.0000000000000000        0.0000000000000000        0.0000000000000000        0.0000000000000000       5.37491077648110988E-016   173183833077.78708       -187241068549.91681        0.0000000000000000      T
          13           4           1  -954.71913536261366       -1768.0880466753883        0.0000000000000000        468.52457172509469        442.95924760059415       2.84217094304040074E-014           4           7          12          14   0.0000000000000000        0.0000000000000000        0.0000000000000000       -36609655205.354904        38307909373.563301        0.0000000000000000       5.37491077648110988E-016  -495397389062.48163        528501387017.63879        0.0000000000000000      T
          14           4           1  -478.40645150761048       -1337.2406438593230        0.0000000000000000        484.15801080772457        420.44033037082636        0.0000000000000000                4           7          13          15   0.0000000000000000        0.0000000000000000        0.0000000000000000       -2785075642.3561010       -2892677816.6932936        0.0000000000000000       5.37491077648110988E-016  -743884165057.41785        747594901464.37659        0.0000000000000000      T
          15           4           1  -16.696182619915902       -898.75701144740674        0.0000000000000000        408.91224327210193        483.27253660004567      -2.84217094304040074E-014           4           7          14          16   0.0000000000000000        0.0000000000000000        0.0000000000000000        3569005281.9307709       -14172026141.669415        0.0000000000000000       5.37491077648110988E-016  -650671753017.59692        510867858447.29602        0.0000000000000000      T
          16           4           1   340.12579266186748       -371.19361442462599        0.0000000000000000        335.78974861230233        544.61061153308276        0.0000000000000000                4           7          15          58   0.0000000000000000        0.0000000000000000        0.0000000000000000       -14118741452.589287        9599127080.5401688        0.0000000000000000       5.37491077648110988E-016   602997905503.09839       -382026164316.91394        0.0000000000000000      T
          17           5           2  -323.04400819254818       -1511.0424690182554        0.0000000000000000       -318.53471098437916       -306.59464834867299      -2.84217094304040074E-014           5           7          -1          18   0.0000000000000000        0.0000000000000000        0.0000000000000000        0.0000000000000000        0.0000000000000000        0.0000000000000000       5.37491077648110988E-016   797803489920.06934        1154684621911.6802        0.0000000000000000      T
          18           5           1  -630.76689113364785       -1643.9923339160750        0.0000000000000000       -269.82787359736335       -133.23929723905454      -7.81597009336110204E-014           5           7          17          19   0.0000000000000000        0.0000000000000000        0.0000000000000000       -374531069094.46936        555214251020.60107        0.0000000000000000       5.37491077648110988E-016  -6928974003912.6025        8543269250507.4414        0.0000000000000000      T
          19           5           1  -894.35696799899370       -1854.9515534657580        0.0000000000000000       -316.09267404550371       -192.17541603761757      -2.84217094304040074E-014           5           7          18          20   0.0000000000000000        0.0000000000000000        0.0000000000000000       -50631354208.979286        19276925922.693336        0.0000000000000000       5.37491077648110988E-016  -7037744413224.0000        8453951366754.1191        0.0000000000000000      T
          20           5           1  -1188.5623285352426       -2012.3572468711795        0.0000000000000000       -139.18774242540590       -203.15377747578941      -5.68434188608080149E-014           5           7          19          21   0.0000000000000000        0.0000000000000000        0.0000000000000000       -73556358489.237320        53214294153.222229        0.0000000000000000       5.37491077648110988E-016  -6976205284023.9648        8504673667502.8535        0.0000000000000000      T
          21           5           2  -1425.3827500766492       -2206.9837292854208        0.0000000000000000       -720.23370248583933       -51.306001518212589      -2.84217094304040074E-014           5           7          20          -1   0.0000000000000000        0.0000000000000000        0.0000000000000000        0.0000000000000000        0.0000000000000000        0.0000000000000000       5.37491077648110988E-016  -7173717564696.2188        8338931364507.6240        0.0000000000000000      T
          22           6           2   706.30269769742085        155.32442096946727        0.0000000000000000       -165.47825879660130       -999.37597274302141        0.0000000000000000                6           7          -1          23   0.0000000000000000        0.0000000000000000        0.0000000000000000        0.0000000000000000        0.0000000000000000        0.0000000000000000       5.37491077648110988E-016   9495445754047.6367       -5553063112547.7666        0.0000000000000000      T
          23           6           1   448.23294780331855       -262.96345886546982        0.0000000000000000       -298.28731539960233       -253.96430791783749        0.0000000000000000                6           7          22          24   0.0000000000000000        0.0000000000000000        0.0000000000000000       -254705249682.60321        83258149428.425171        0.0000000000000000       5.37491077648110988E-016   9155769977358.8203       -6095608809026.4561        0.0000000000000000      T
          24           6           1   143.65859801438944       -670.39719345066942        0.0000000000000000       -329.30477865408386       -461.93163884603871        0.0000000000000000                6           7          23          25   0.0000000000000000        0.0000000000000000        0.0000000000000000       -834791707789.58643        460342923619.68884        0.0000000000000000       5.37491077648110988E-016   5903373813489.9570       -4631615846659.2520        0.0000000000000000      T
          25           6           1  -105.03449904384354       -1106.0810205809216        0.0000000000000000       -44.295910525547157       -427.66182184436400       2.84217094304040074E-014           6           7          24          26   0.0000000000000000        0.0000000000000000        0.0000000000000000       -622129699605.73328        452892734513.82300        0.0000000000000000       5.37491077648110988E-016  -9585141923890.2930        4634751916286.8262        0.0000000000000000      T
          26           6           2  -323.04400819248940       -1511.0424690179063        0.0000000000000000       -893.61939786436369       -349.35690047821549       5.68434188608080149E-014           6           7          25          -1   0.0000000000000000        0.0000000000000000        0.0000000000000000        0.0000000000000000        0.0000000000000000        0.0000000000000000       5.37491077648110988E-016  -9478290620359.2910        5582294054957.0742        0.0000000000000000      T
          27           7           2  -1425.3827500776383       -2206.9837292861193        0.0000000000000000        755.20807772599267        234.33444652604311       2.84217094304040074E-014           7           8          -1          28   0.0000000000000000        0.0000000000000000        0.0000000000000000        0.0000000000000000        0.0000000000000000        0.0000000000000000       5.37491077648110988E-016   36622573943.236465        368024336034.31549        0.0000000000000000      T
          28           7           1  -938.37066954779220       -2436.9284198145497        0.0000000000000000        270.83897246655579       -505.62361069258759        0.0000000000000000                7           8          27          29   0.0000000000000000        0.0000000000000000        0.0000000000000000        226183755606.82013        86502964077.048767        0.0000000000000000       5.37491077648110988E-016   285563857229.98053       -220749701104.27527        0.0000000000000000      T
          29           7           1  -812.30716158970040        1522.4293750201837        0.0000000000000000       0.66279787159777148       -576.62743765610742        0.0000000000000000               15           8          28          30   0.0000000000000000        0.0000000000000000        0.0000000000000000        396345762406.68494       -4995737617.2684021        0.0000000000000000       5.37491077648110988E-016   382304664360.61389       -207153838354.03888        0.0000000000000000      T
          30           7           1  -884.10718109408424        953.79524699604281        0.0000000000000000       -110.69969859182231       -568.72238507052930        0.0000000000000000               15           8          29         104   0.0000000000000000        0.0000000000000000        0.0000000000000000        552290999472.89087       -88590675216.206238        0.0000000000000000       5.37491077648110988E-016   1491700143997.3730       -154346324718.42773        0.0000000000000000      T
          31          13           2   899.67125373032343        3149.5052820292535        0.0000000000000000       -696.71736925236814        268.87242210090619        0.0000000000000000                7           8         101          59   0.0000000000000000        0.0000000000000000        0.0000000000000000        0.0000000000000000        0.0000000000000000        0.0000000000000000       5.37491077648110988E-016   0.0000000000000000        0.0000000000000000        0.0000000000000000      T
          32           8           2  -323.04400819254818       -1511.0424690182554        0.0000000000000000        542.70330841737598        546.15677090347276      -5.68434188608080149E-014           8           8          -1          33   0.0000000000000000        0.0000000000000000        0.0000000000000000        0.0000000000000000        0.0000000000000000        0.0000000000000000       5.37491077648110988E-016   70090553862.200348        375406578871.40192        0.0000000000000000      T
          33           8           1   212.68303850145446       -1400.6096961932558        0.0000000000000000        471.80723190970906       -249.05732947192325       2.84217094304040074E-014           8           8          32          34   0.0000000000000000        0.0000000000000000        0.0000000000000000        123248819226.01749        166568441708.96130        0.0000000000000000       5.37491077648110988E-016   421579690216.64124       -51520079482.914764        0.0000000000000000      T
          34           8           1   539.44518366015905       -1849.2348436773993        0.0000000000000000        157.53533950190950       -564.50457699321237        0.0000000000000000                8           8          33          93   0.0000000000000000        0.0000000000000000        0.0000000000000000        234716740425.21002        64330917588.107246        0.0000000000000000       5.37491077648110988E-016   136883877538.89865       -232938871999.68094        0.0000000000000000      T
          35           9           2   706.30269769742017        155.32442096946733        0.0000000000000000       -788.09332902488472        53.500171011806977       2.48689957516035065E-014           9           8          -1          36   0.0000000000000000        0.0000000000000000        0.0000000000000000        0.0000000000000000        0.0000000000000000        0.0000000000000000       5.37491077648110988E-016   0.0000000000000000        0.0000000000000000        0.0000000000000000      T
          36           9           1   308.75746463384945        706.96526450862007        0.0000000000000000       -17.657098186893009        773.79717725112016      -5.68434188608080149E-014           9           8          35          37   0.0000000000000000        0.0000000000000000        0.0000000000000000       -256151517379.38562        4459799775.8432331        0.0000000000000000       5.37491077648110988E-016  -68602367734.983704        620473520515.23975        0.0000000000000000      T
          37           9           1   577.57090146333258        1397.5171490295136        0.0000000000000000        472.52633307019397        577.88930416385222        0.0000000000000000                9           8          36          38   0.0000000000000000        0.0000000000000000        0.0000000000000000       -261359230840.21545        207048078940.28842        0.0000000000000000       5.37491077648110988E-016   180975245463.52979        320690719656.48547        0.0000000000000000      T
          38           9           1   1152.6943434797188       -2678.4271804780092        0.0000000000000000        659.36240244372516        311.49501795290769        0.0000000000000000               14           8          37          39   0.0000000000000000        0.0000000000000000        0.0000000000000000       -145216196819.39435        328404069712.39447        0.0000000000000000       5.37491077648110988E-016   279283839693.12012        134238290506.56430        0.0000000000000000      T
          39           9           1   1864.1754217784942       -2495.3588413777352        0.0000000000000000        749.83761810039118        50.529399622092932       1.77635683940025046E-015          14           8          38          75   0.0000000000000000        0.0000000000000000        0.0000000000000000       -22429356521.030788        360519117788.69128        0.0000000000000000       5.37491077648110988E-016   361779974702.49487       -31340932582.473885        0.0000000000000000      T
          40          10           2  -1425.3827500776383       -2206.9837292861193        0.0000000000000000        565.87193690417439        479.16778477490539        0.0000000000000000               10          10          -1          41   0.0000000000000000        0.0000000000000000        0.0000000000000000        0.0000000000000000        0.0000000000000000        0.0000000000000000       5.37491077648110988E-016   518771563368.08752       -548855643307.88501        0.0000000000000000      T
          41          10           1  -973.92240932615152       -1751.2242125944451        0.0000000000000000        430.77291732049338        441.33703920289571        0.0000000000000000               10          10          40          42   0.0000000000000000        0.0000000000000000        0.0000000000000000       -176783325683.08759        189023866735.74115        0.0000000000000000       5.37491077648110988E-016  -1621840373427.4966        1813159680536.2266        0.0000000000000000      T
          42          10           1  -493.58954644167488       -1322.1098623674366        0.0000000000000000        506.41600472174213        410.10565916955994        0.0000000000000000               10          10          41          43   0.0000000000000000        0.0000000000000000        0.0000000000000000       -46083564117.833511        41727367718.240906        0.0000000000000000       5.37491077648110988E-016  -3253007566005.3086        3628246187844.3281        0.0000000000000000      T
          43          10           1  -17.100604399405654       -889.66591766335603        0.0000000000000000        414.02847857277567        502.91520891213293        0.0000000000000000               10          10          42          44   0.0000000000000000        0.0000000000000000        0.0000000000000000        68585766741.478226       -129490066807.45770        0.0000000000000000       5.37491077648110988E-016  -2773266631273.3350        2714289530208.8594        0.0000000000000000      T
          44          10           1   321.91134740391971       -348.08931045259732        0.0000000000000000        283.97276252393834        500.29516092642592        0.0000000000000000               10          10          43          60   0.0000000000000000        0.0000000000000000        0.0000000000000000        10093655241.011385        11585983029.725965        0.0000000000000000       5.37491077648110988E-016  -1642199124385.1680        1322567491446.3901        0.0000000000000000      T
          45          11           2  -323.04400819254818       -1511.0424690182554        0.0000000000000000        5.7445666504160329       -708.88708163509591        0.0000000000000000               11          10          -1          46   0.0000000000000000        0.0000000000000000        0.0000000000000000        0.0000000000000000        0.0000000000000000        0.0000000000000000       5.37491077648110988E-016   7071555885135.0615       -8425740167095.8076        0.0000000000000000      T
          46          11           1  -567.66721219205169       -1672.7616431047045        0.0000000000000000       -329.36059681604149       -4.3110422633112080        0.0000000000000000               11          10          45          47   0.0000000000000000        0.0000000000000000        0.0000000000000000       -494551827849.72205        581395610577.88989        0.0000000000000000       5.37491077648110988E-016   6803800411245.2871       -8641794997523.8320        0.0000000000000000      T
          47          11           1  -849.05196434558070       -1840.9959538210710        0.0000000000000000       -266.32604784534743       -263.72920372010685      -4.97379915032070130E-014          11          10          46          48   0.0000000000000000        0.0000000000000000        0.0000000000000000        84081344544.744385       -75277167617.002823        0.0000000000000000       5.37491077648110988E-016  -5090869953686.1328        5822942706060.2637        0.0000000000000000      T
          48          11           1  -1125.7008419848282       -2053.0679461275258        0.0000000000000000       -279.43610118089799       -81.691051924724604       5.68434188608080149E-014          11          10          47          49   0.0000000000000000        0.0000000000000000        0.0000000000000000        80807344608.609528       -123434406183.45609        0.0000000000000000       5.37491077648110988E-016   5648874191417.9258       -7495627465142.0850        0.0000000000000000      T
          49          11           2  -1425.3827500766492       -2206.9837292854208        0.0000000000000000       -344.92190462426663       -507.46991497404360      -2.84217094304040074E-014          11          10          48          -1   0.0000000000000000        0.0000000000000000        0.0000000000000000        0.0000000000000000        0.0000000000000000        0.0000000000000000       5.37491077648110988E-016   4347064676257.4976       -2657214666549.7129        0.0000000000000000      T
          50          12           2   706.30269769742063        155.32442096946738        0.0000000000000000       -933.72672840436360       -298.10830250940410        0.0000000000000000               12          10          -1          51   0.0000000000000000        0.0000000000000000        0.0000000000000000        0.0000000000000000        0.0000000000000000        0.0000000000000000       5.37491077648110988E-016  -9152588605128.7598        6101649107025.6680        0.0000000000000000      T
          51          12           1   460.85564324798196       -239.50901988423109        0.0000000000000000       -64.416856573879230       -435.21405548014297        0.0000000000000000               12          10          50          52   0.0000000000000000        0.0000000000000000        0.0000000000000000        362996347203.10034       -259675687243.82657        0.0000000000000000       5.37491077648110988E-016  -9358659231824.9707        5779800595274.6445        0.0000000000000000      T
          52          12           1   208.01877529170926       -681.45300172536372        0.0000000000000000       -303.45761251725281       -471.36774365451663        0.0000000000000000               12          10          51          53   0.0000000000000000        0.0000000000000000        0.0000000000000000        929302606920.15063       -568833817691.61548        0.0000000000000000       5.37491077648110988E-016   1445651382731.5317       -593509010333.48462        0.0000000000000000      T
          53          12           1  -83.960715080891759       -1103.4886861516056        0.0000000000000000       -356.20176834373120       -271.25396870391432      -5.68434188608080149E-014          12          10          52          54   0.0000000000000000        0.0000000000000000        0.0000000000000000        303338803765.77783       -139841134075.80905        0.0000000000000000       5.37491077648110988E-016   9549820212948.1016       -5458934254781.3779        0.0000000000000000      T
          54          12           2  -323.04400819248940       -1511.0424690179063        0.0000000000000000        135.07633543958070       -932.38478340745451       5.68434188608080149E-014          12          10          53          -1   0.0000000000000000        0.0000000000000000        0.0000000000000000        0.0000000000000000        0.0000000000000000        0.0000000000000000       5.37491077648110988E-016   9628517169876.0332       -5318990234001.4121        0.0000000000000000      T
          55          14           2   237.24325308322011        3539.9496993898283        0.0000000000000000       -485.88312275205408        496.64665398277236        0.0000000000000000                1          11          99          62   0.0000000000000000        0.0000000000000000        0.0000000000000000        0.0000000000000000        0.0000000000000000        0.0000000000000000       5.37491077648110988E-016   0.0000000000000000        0.0000000000000000        0.0000000000000000      T
          56           2           1   217.60908680315509       -1569.8437346992080        0.0000000000000000        323.98267820061358       -438.28064398272272        0.0000000000000000                2          11           6          57   0.0000000000000000        0.0000000000000000        0.0000000000000000        159412354657.13089        107815125149.71259        0.0000000000000000       5.37491077648110988E-016  -118896953418.88602       -151572317575.60184        0.0000000000000000      T
          57           2           1   392.57560131730986       -2128.1562079311407        0.0000000000000000        13.687587861073489       -607.54934528469892        0.0000000000000000                2          11          56         110   0.0000000000000000        0.0000000000000000        0.0000000000000000        231056058514.12009        18395211413.938934        0.0000000000000000       5.37491077648110988E-016  -379386296557.23047       -70457455289.940247        0.0000000000000000      T
          58           4           2   706.30269769648964        155.32442096853606        0.0000000000000000        416.92540322790506        500.52931451545169       2.84217094304040074E-014           4           7          16          -1   0.0000000000000000        0.0000000000000000        0.0000000000000000        0.0000000000000000        0.0000000000000000        0.0000000000000000       5.37491077648110988E-016   1126155288960.8413       -780804855571.49951        0.0000000000000000      T
          59          13           2   316.43247488864597        3439.4180844261232        0.0000000000000000       -670.04890956739837        380.69768993862937        0.0000000000000000                7           8          31          61   0.0000000000000000        0.0000000000000000        0.0000000000000000        0.0000000000000000        0.0000000000000000        0.0000000000000000       5.37491077648110988E-016   0.0000000000000000        0.0000000000000000        0.0000000000000000      T
          60          10           2   706.30269769648964        155.32442096853606        0.0000000000000000        620.29037761915731        630.87516327783919        0.0000000000000000               10          10          44          -1   0.0000000000000000        0.0000000000000000        0.0000000000000000        0.0000000000000000        0.0000000000000000        0.0000000000000000       5.37491077648110988E-016   1119113926943.3677       -836332038556.31519        0.0000000000000000      T
          61          13           2  -144.68149821239390       -557.80817822518145        0.0000000000000000       -324.21331462742580        686.64540105470394        0.0000000000000000               16           8          59          63   0.0000000000000000        0.0000000000000000        0.0000000000000000        0.0000000000000000        0.0000000000000000        0.0000000000000000       5.37491077648110988E-016   0.0000000000000000        0.0000000000000000        0.0000000000000000      T
          62          14           2  -161.49366682966595       -466.84215180135789        0.0000000000000000       -352.99615385954786        555.88150643221024        0.0000000000000000               17          11          55          64   0.0000000000000000        0.0000000000000000        0.0000000000000000        0.0000000000000000        0.0000000000000000        0.0000000000000000       5.37491077648110988E-016   0.0000000000000000        0.0000000000000000        0.0000000000000000      T
          63          13           2  -429.68830351859185        32.180210781038710        0.0000000000000000       -307.25040409601161        647.63637227801939        0.0000000000000000               16           8          61          65   0.0000000000000000        0.0000000000000000        0.0000000000000000        0.0000000000000000        0.0000000000000000        0.0000000000000000       5.37491077648110988E-016   0.0000000000000000        0.0000000000000000        0.0000000000000000      T
          64          14           2  -429.01784566880804        112.90187225953423        0.0000000000000000       -295.67641760815764        594.66406028061192        0.0000000000000000               17          11          62          66   0.0000000000000000        0.0000000000000000        0.0000000000000000        0.0000000000000000        0.0000000000000000        0.0000000000000000       5.37491077648110988E-016   0.0000000000000000        0.0000000000000000        0.0000000000000000      T
          65          13           2   3338.3011482210486       -1586.6425294091111        0.0000000000000000       -44.996408112252084        718.11363472474443        0.0000000000000000                7           8          63          67   0.0000000000000000        0.0000000000000000        0.0000000000000000        0.0000000000000000        0.0000000000000000        0.0000000000000000       5.37491077648110988E-016   0.0000000000000000        0.0000000000000000        0.0000000000000000      T
          66          14           2   3338.4622558819547       -1513.3020702728409        0.0000000000000000        11.998642977135169        670.83014951528924        0.0000000000000000                1          11          64          68   0.0000000000000000        0.0000000000000000        0.0000000000000000        0.0000000000000000        0.0000000000000000        0.0000000000000000       5.37491077648110988E-016   0.0000000000000000        0.0000000000000000        0.0000000000000000      T
          67          13           2   3376.2459956711109       -943.61640553092093        0.0000000000000000        145.52914745416800        679.20533187537603        0.0000000000000000                7           8          65          69   0.0000000000000000        0.0000000000000000        0.0000000000000000        0.0000000000000000        0.0000000000000000        0.0000000000000000       5.37491077648110988E-016   0.0000000000000000        0.0000000000000000        0.0000000000000000      T
          68          14           2   3399.4657614993012       -878.40061620382278        0.0000000000000000        149.12898920107611        646.73865991505420        0.0000000000000000                1          11          66          70   0.0000000000000000        0.0000000000000000        0.0000000000000000        0.0000000000000000        0.0000000000000000        0.0000000000000000       5.37491077648110988E-016   0.0000000000000000        0.0000000000000000        0.0000000000000000      T
          69          13           2   3505.6785829201772       -308.81814843568804        0.0000000000000000        152.49451068451509        629.02276800177003        0.0000000000000000                7           8          67          72   0.0000000000000000        0.0000000000000000        0.0000000000000000        0.0000000000000000        0.0000000000000000        0.0000000000000000       5.37491077648110988E-016   0.0000000000000000        0.0000000000000000        0.0000000000000000      T
          70          14           2  -321.01438982432012       -2519.3342899639069        0.0000000000000000        229.71004320960708        591.98112302690936        0.0000000000000000               18          11          68          73   0.0000000000000000        0.0000000000000000        0.0000000000000000        0.0000000000000000        0.0000000000000000        0.0000000000000000       5.37491077648110988E-016   0.0000000000000000        0.0000000000000000        0.0000000000000000      T
          71           3           1   2617.2796294204891       -2524.9852420132956        0.0000000000000000        650.05749380618317       -277.96300339509634        0.0000000000000000               13          11          11          79   0.0000000000000000        0.0000000000000000        0.0000000000000000        174821909014.48630        384450537811.20605        0.0000000000000000       5.37491077648110988E-016   668733945789.59619       -133689526256.70129        0.0000000000000000      T
          72          13           2  -212.62482592527886       -1962.9545736352384        0.0000000000000000        279.65325443062125        586.82987219151357        0.0000000000000000               15           8          69          74   0.0000000000000000        0.0000000000000000        0.0000000000000000        0.0000000000000000        0.0000000000000000        0.0000000000000000       5.37491077648110988E-016   0.0000000000000000        0.0000000000000000        0.0000000000000000      T
          73          14           2  -122.41115195577788       -1921.4772492327347        0.0000000000000000        211.05765578444755        610.97180234193024        0.0000000000000000               18          11          70          76   0.0000000000000000        0.0000000000000000        0.0000000000000000        0.0000000000000000        0.0000000000000000        0.0000000000000000       5.37491077648110988E-016   0.0000000000000000        0.0000000000000000        0.0000000000000000      T
          74          13           2   34.635802857368162       -1383.9569571194604        0.0000000000000000        311.40732707962843        581.33958904067720        0.0000000000000000               15           8          72          77   0.0000000000000000        0.0000000000000000        0.0000000000000000        0.0000000000000000        0.0000000000000000        0.0000000000000000       5.37491077648110988E-016   0.0000000000000000        0.0000000000000000        0.0000000000000000      T
          75           9           1   2602.2621242165101       -2607.1740059824288        0.0000000000000000        689.99046736508558       -299.85309295453754        0.0000000000000000               14           8          39          81   0.0000000000000000        0.0000000000000000        0.0000000000000000        206188954049.36948        393624731682.92548        0.0000000000000000       5.37491077648110988E-016   685975688286.08215        84794006117.836243        0.0000000000000000      T
          76          14           2   119.37268295200789       -1313.6043297030324        0.0000000000000000        279.72033236583576        578.82250043848069        0.0000000000000000               18          11          73          78   0.0000000000000000        0.0000000000000000        0.0000000000000000        0.0000000000000000        0.0000000000000000        0.0000000000000000       5.37491077648110988E-016   0.0000000000000000        0.0000000000000000        0.0000000000000000      T
          77          13           2   368.48682912642533       -816.25764149081101        0.0000000000000000        389.23593501298467        547.33136184144530        0.0000000000000000               15           8          74          80   0.0000000000000000        0.0000000000000000        0.0000000000000000        0.0000000000000000        0.0000000000000000        0.0000000000000000       5.37491077648110988E-016   0.0000000000000000        0.0000000000000000        0.0000000000000000      T
          78          14           2   445.15336860244764       -776.45678486077418        0.0000000000000000        382.41748488341199        520.25460530965461        0.0000000000000000               18          11          76          82   0.0000000000000000        0.0000000000000000        0.0000000000000000        0.0000000000000000        0.0000000000000000        0.0000000000000000       5.37491077648110988E-016   0.0000000000000000        0.0000000000000000        0.0000000000000000      T
          79           3           1  -772.82061770824771        3789.8969014687168        0.0000000000000000        358.52380861602410       -600.57713630721651      -5.68434188608080149E-014          13          11          71          85   0.0000000000000000        0.0000000000000000        0.0000000000000000        374179744466.25940        229449123845.33215        0.0000000000000000       5.37491077648110988E-016   636398137397.30042       -350165764992.49829        0.0000000000000000      T
          80          13           2   805.16145905371650       -331.83968916609831        0.0000000000000000        486.04926068486361        452.46844218586739        0.0000000000000000               15           8          77          83   0.0000000000000000        0.0000000000000000        0.0000000000000000        0.0000000000000000        0.0000000000000000        0.0000000000000000       5.37491077648110988E-016   0.0000000000000000        0.0000000000000000        0.0000000000000000      T
          81           9           1  -756.14029810936836        3687.3370222274848        0.0000000000000000        366.51881369118126       -632.56955721726786        0.0000000000000000               14           8          75          87   0.0000000000000000        0.0000000000000000        0.0000000000000000        321384759302.86615        229378200814.38562        0.0000000000000000       5.37491077648110988E-016  -393955991765.61426       -636539635498.09827        0.0000000000000000      T
          82          14           2   901.72519296588484       -295.52527122830827        0.0000000000000000        496.86902053853794        455.54340272668446        0.0000000000000000               18          11          78          84   0.0000000000000000        0.0000000000000000        0.0000000000000000        0.0000000000000000        0.0000000000000000        0.0000000000000000       5.37491077648110988E-016   0.0000000000000000        0.0000000000000000        0.0000000000000000      T
          83          13           2   1328.7062387599467        34.471835407194675        0.0000000000000000        506.51168116193145        401.57605465579331        0.0000000000000000               15           8          80          86   0.0000000000000000        0.0000000000000000        0.0000000000000000        0.0000000000000000        0.0000000000000000        0.0000000000000000       5.37491077648110988E-016   0.0000000000000000        0.0000000000000000        0.0000000000000000      T
          84          14           2   1429.8634537578982        90.262784707971804        0.0000000000000000        532.88172401937061        359.03351527920472        0.0000000000000000               18          11          82          88   0.0000000000000000        0.0000000000000000        0.0000000000000000        0.0000000000000000        0.0000000000000000        0.0000000000000000       5.37491077648110988E-016   0.0000000000000000        0.0000000000000000        0.0000000000000000      T
          85           3           1  -572.84257348229062        3127.8237051217261        0.0000000000000000        82.746123936882427       -690.84173019995887        0.0000000000000000               13          11          79          89   0.0000000000000000        0.0000000000000000        0.0000000000000000        439806270852.84558        85601395058.569489        0.0000000000000000       5.37491077648110988E-016   303444913471.95483       -355206850097.18164        0.0000000000000000      T
          86          13           2   1856.5669020468390        407.02046036681367        0.0000000000000000        511.77619975569627        372.34680780762670        0.0000000000000000               15           8          83          90   0.0000000000000000        0.0000000000000000        0.0000000000000000        0.0000000000000000        0.0000000000000000        0.0000000000000000       5.37491077648110988E-016   0.0000000000000000        0.0000000000000000        0.0000000000000000      T
          87           9           1  -527.58887571640525        2983.9517844748857        0.0000000000000000        191.64673898694377       -726.03142703343201        0.0000000000000000               14           8          81          95   0.0000000000000000        0.0000000000000000        0.0000000000000000        446747997977.72461        168132020180.83630        0.0000000000000000       5.37491077648110988E-016  -1108664597616.3677       -478037090790.29736        0.0000000000000000      T
          88          14           2   1964.3147143541448        428.99531942203191        0.0000000000000000        526.86593224430078        366.95400030951822        0.0000000000000000               18          11          84          91   0.0000000000000000        0.0000000000000000        0.0000000000000000        0.0000000000000000        0.0000000000000000        0.0000000000000000       5.37491077648110988E-016   0.0000000000000000        0.0000000000000000        0.0000000000000000      T
          89           3           1  -496.03481206107017        2435.3079356719222        0.0000000000000000        140.84911257797950       -699.82284028332992        0.0000000000000000               13          11          85          97   0.0000000000000000        0.0000000000000000        0.0000000000000000        435670600822.53259        95253579901.570557        0.0000000000000000       5.37491077648110988E-016  -91816140407.907822       -177559883583.54788        0.0000000000000000      T
          90          13           2  -1518.4174546643428        3010.0704827947425        0.0000000000000000        620.88117486190367        281.86140615352195        0.0000000000000000                7           8          86          92   0.0000000000000000        0.0000000000000000        0.0000000000000000        0.0000000000000000        0.0000000000000000        0.0000000000000000       5.37491077648110988E-016   0.0000000000000000        0.0000000000000000        0.0000000000000000      T
          91          14           2  -1392.5600435270871        3030.2626234454865        0.0000000000000000        601.51533652527394        271.44253411552387        0.0000000000000000                1          11          88          96   0.0000000000000000        0.0000000000000000        0.0000000000000000        0.0000000000000000        0.0000000000000000        0.0000000000000000       5.37491077648110988E-016   0.0000000000000000        0.0000000000000000        0.0000000000000000      T
          92          13           2  -887.74699913153040        3247.3612303550126        0.0000000000000000        680.73167172091291        131.34980736941279        0.0000000000000000                7           8          90          98   0.0000000000000000        0.0000000000000000        0.0000000000000000        0.0000000000000000        0.0000000000000000        0.0000000000000000       5.37491077648110988E-016   0.0000000000000000        0.0000000000000000        0.0000000000000000      T
          93           8           1   527.47258909972970       -2423.1740511877606        0.0000000000000000       -157.57993812252062       -560.61742753874250        0.0000000000000000                8           8          34          94   0.0000000000000000        0.0000000000000000        0.0000000000000000        252196957841.54001       -59516543733.937294        0.0000000000000000       5.37491077648110988E-016   45871978371.352890       -207309053112.43390        0.0000000000000000      T
          94           8           1   268.79935427620023       -2944.2012362427522        0.0000000000000000       -339.15307516370348       -477.92489054787535      -5.68434188608080149E-014           8           8          93         126   0.0000000000000000        0.0000000000000000        0.0000000000000000        207611038410.22485       -153931519946.92163        0.0000000000000000       5.37491077648110988E-016   114697393464.03806       -250014407325.20313        0.0000000000000000      T
          95           9           1  -310.34537773542706        2274.5006590091043        0.0000000000000000        204.27899148286747       -701.81382430414851        0.0000000000000000               14           8          87         102   0.0000000000000000        0.0000000000000000        0.0000000000000000        431914209858.07947        97075062616.201355        0.0000000000000000       5.37491077648110988E-016  -246843932374.55228       -196997818644.10895        0.0000000000000000      T
          96          14           2  -799.36102368787203        3289.6930765341240        0.0000000000000000        647.75562627571856        176.61005845014904        0.0000000000000000                1          11          91          99   0.0000000000000000        0.0000000000000000        0.0000000000000000        0.0000000000000000        0.0000000000000000        0.0000000000000000       5.37491077648110988E-016   0.0000000000000000        0.0000000000000000        0.0000000000000000      T
          97           3           1  -303.65018947007866        1731.4100461000003        0.0000000000000000        161.43457778783474       -699.10788573189961        0.0000000000000000               13          11          89         100   0.0000000000000000        0.0000000000000000        0.0000000000000000        466350850179.34412        92627422135.110352        0.0000000000000000       5.37491077648110988E-016  -123056300509.58688       -301920454299.56616        0.0000000000000000      T
          98          13           2  -245.70506486579859        3305.4904121763502        0.0000000000000000        669.27733872130102       -18.815731422004419        0.0000000000000000                7           8          92         101   0.0000000000000000        0.0000000000000000        0.0000000000000000        0.0000000000000000        0.0000000000000000        0.0000000000000000       5.37491077648110988E-016   0.0000000000000000        0.0000000000000000        0.0000000000000000      T
          99          14           2  -143.58493754285701        3375.2641869214099        0.0000000000000000        678.85552337709510        41.902235699933321        0.0000000000000000                1          11          96          55   0.0000000000000000        0.0000000000000000        0.0000000000000000        0.0000000000000000        0.0000000000000000        0.0000000000000000       5.37491077648110988E-016   0.0000000000000000        0.0000000000000000        0.0000000000000000      T
         100           3           1  -239.18345478338961        1035.8535740148627        0.0000000000000000       -16.033351896275388       -702.10870176025014        0.0000000000000000               13          11          97         103   0.0000000000000000        0.0000000000000000        0.0000000000000000        448268308512.31165       -3369371190.0082817        0.0000000000000000       5.37491077648110988E-016  -82004034797.753952       -290820779824.59045        0.0000000000000000      T
         101          13           2   410.43166255592450        3238.9745802429425        0.0000000000000000        695.29256627423035       -134.86791524989965        0.0000000000000000                7           8          98          31   0.0000000000000000        0.0000000000000000        0.0000000000000000        0.0000000000000000        0.0000000000000000        0.0000000000000000       5.37491077648110988E-016   0.0000000000000000        0.0000000000000000        0.0000000000000000      T
         102           9           1  -189.57173474983847        1562.2381379708579        0.0000000000000000        5.2887179812881300       -731.85421526205948        0.0000000000000000               14           8          95         105   0.0000000000000000        0.0000000000000000        0.0000000000000000        409680078567.41431        5916538331.9587841        0.0000000000000000       5.37491077648110988E-016   15814950013.216871       -246132503676.55579        0.0000000000000000      T
         103           3           1  -334.72546634755440        337.02797657380802        0.0000000000000000       -190.52700083515970       -675.60351580567658        0.0000000000000000               13          11         100         106   0.0000000000000000        0.0000000000000000        0.0000000000000000        420632495945.52069       -120930832787.01828        0.0000000000000000       5.37491077648110988E-016  -94747662785.402679       -274279987631.04816        0.0000000000000000      T
         104           7           1  -995.99776523216235        381.10984035774072        0.0000000000000000       -108.93581443169469       -572.44162604910298        0.0000000000000000               15           8          30         107   0.0000000000000000        0.0000000000000000        0.0000000000000000        556986342100.81836       -99670507336.934174        0.0000000000000000       5.37491077648110988E-016   3162276155849.7480       -386815375586.89087        0.0000000000000000      T
         105           9           1  -298.54419106369210        825.15070431366848        0.0000000000000000       -190.03030339281577       -718.81917873391887        0.0000000000000000               14           8         102         108   0.0000000000000000        0.0000000000000000        0.0000000000000000        403670386942.57697       -116226096088.49271        0.0000000000000000       5.37491077648110988E-016  -24580755204.446167       -261249248251.82004        0.0000000000000000      T
         106           3           1  -629.70595244542073       -300.89808667666261        0.0000000000000000       -393.42613774917908       -605.73221709162056        0.0000000000000000               13          11         103         112   0.0000000000000000        0.0000000000000000        0.0000000000000000        365912987171.27020       -228006829383.33820        0.0000000000000000       5.37491077648110988E-016  -52628193185.548981       -289436795660.09180        0.0000000000000000      T
         107           7           1  -1080.9865231268382       -189.88716980051595        0.0000000000000000       -44.195069779660308       -572.55836112273676       5.68434188608080149E-014          15           8         104         113   0.0000000000000000        0.0000000000000000        0.0000000000000000        360473954608.98883       -53878867857.814423        0.0000000000000000       5.37491077648110988E-016   2762514300096.3184       -684700750134.10876        0.0000000000000000      T
         108           9           1  -545.70148540613695        137.07328774563348        0.0000000000000000       -313.55675637892097       -668.36362047793739       5.68434188608080149E-014          14           8         105         114   0.0000000000000000        0.0000000000000000        0.0000000000000000        402305574693.17932       -183951251425.06030        0.0000000000000000       5.37491077648110988E-016  -6417201621.6669140       -312278185281.58923        0.0000000000000000      T
         109           1           1  -1429.0010304632617       -57.297091643666363        0.0000000000000000        214.00502970503680       -529.86989388053826      -1.42108547152020037E-014          18          11           5         115   0.0000000000000000        0.0000000000000000        0.0000000000000000        524597712895.62756       -375114214801.04034        0.0000000000000000       5.37491077648110988E-016   255176506382.02057        3996487939113.4053        0.0000000000000000      T
         110           2           1   260.36462932762504       -2711.3825760123027        0.0000000000000000       -250.46640207149807       -556.13849881776514        0.0000000000000000                2          11          57         111   0.0000000000000000        0.0000000000000000        0.0000000000000000        221320538427.77023       -86507296919.625793        0.0000000000000000       5.37491077648110988E-016  -427295279870.88770        108001388656.46008        0.0000000000000000      T
         111           2           1  -84.136186430630346       -3202.6352622088179        0.0000000000000000       -441.95734281890282       -391.33382227727384      -5.68434188608080149E-014           2          11         110         129   0.0000000000000000        0.0000000000000000        0.0000000000000000        159848009335.24716       -172692687020.12567        0.0000000000000000       5.37491077648110988E-016  -471344041005.20679        49862401638.187866        0.0000000000000000      T
         112           3           1  -1089.9543496065876       -866.17771831733808        0.0000000000000000       -501.45509794522570       -511.08470050127909      -2.84217094304040074E-014          13          11         106         116   0.0000000000000000        0.0000000000000000        0.0000000000000000        305643544206.92883       -305059271061.94141        0.0000000000000000       5.37491077648110988E-016   90620558395.322418       -389138417641.10590        0.0000000000000000      T
         113           7           1  -1129.1025638539302       -760.24806979076936        0.0000000000000000       -113.59830231496792       -561.39865990548321        0.0000000000000000               15           8         107         117   0.0000000000000000        0.0000000000000000        0.0000000000000000        331988478885.33514       -53924908612.642746        0.0000000000000000       5.37491077648110988E-016   1061648299394.9253       -618507009445.15906        0.0000000000000000      T
         114           9           1  -931.26762396084030       -497.68119425352188        0.0000000000000000       -453.91296978294463       -576.22203505590130      -5.68434188608080149E-014          14           8         108         118   0.0000000000000000        0.0000000000000000        0.0000000000000000        309715573405.77783       -233677069139.99951        0.0000000000000000       5.37491077648110988E-016  -309212398454.38037       -41632677249.929611        0.0000000000000000      T
         115           1           1  -1304.8640823404380       -605.07986068393097        0.0000000000000000        16.067630107635928       -562.15208276614396        0.0000000000000000               18          11         109         119   0.0000000000000000        0.0000000000000000        0.0000000000000000        347024702411.52563        32774020734.436714        0.0000000000000000       5.37491077648110988E-016  -588924071525.16309       -379119331789.79797        0.0000000000000000      T
         116           3           1  -1617.6104538077238       -1320.8516588819357        0.0000000000000000       -564.46697455683181       -409.78969751908176      -2.84217094304040074E-014          13          11         112         120   0.0000000000000000        0.0000000000000000        0.0000000000000000        247209513660.99280       -332729651773.83936        0.0000000000000000       5.37491077648110988E-016   107971985677.47639       -406917646314.14624        0.0000000000000000      T
         117           7           1   2588.1763902271964        951.31614348232597        0.0000000000000000       -231.18844181386700       -534.75043281646731        0.0000000000000000                7           8         113         121   0.0000000000000000        0.0000000000000000        0.0000000000000000        148591358406.97101       -26330186919.783005        0.0000000000000000       5.37491077648110988E-016   141831422132.49902       -228423389831.03561        0.0000000000000000      T
         118           9           1  -1451.0736471051566       -998.95209451098981        0.0000000000000000       -586.90784958635936       -434.82438606832864      -2.84217094304040074E-014          14           8         114         122   0.0000000000000000        0.0000000000000000        0.0000000000000000        249855318719.14902       -316909992961.71973        0.0000000000000000       5.37491077648110988E-016  -454495982468.59229        293266805497.02100        0.0000000000000000      T
         119           1           1   2527.2758244626502        1091.4181624562902        0.0000000000000000       -146.71044627334464       -551.88938616467794       5.68434188608080149E-014           1          11         115         123   0.0000000000000000        0.0000000000000000        0.0000000000000000        352892250158.90662       -71427476584.665710        0.0000000000000000       5.37491077648110988E-016  -1395205515321.1777        239103232188.51038        0.0000000000000000      T
         120           3           1  -2221.0018668310672       -1694.2279416112106        0.0000000000000000       -633.81955550088674       -333.90717930401024       2.84217094304040074E-014          13          11         116         124   0.0000000000000000        0.0000000000000000        0.0000000000000000        174627949692.57959       -350505632172.07568        0.0000000000000000       5.37491077648110988E-016  -38410599584.147644       -274720850720.08429        0.0000000000000000      T
         121           7           1   2348.8996950748865        425.99124766848439        0.0000000000000000       -264.90661455861539       -517.39502986054697      -2.84217094304040074E-014           7           8         117         125   0.0000000000000000        0.0000000000000000        0.0000000000000000        145175239718.42041       -120832191131.60605        0.0000000000000000       5.37491077648110988E-016  -38384872897.357208       -255420406782.62268        0.0000000000000000      T
         122           9           1  -2089.0127266840550       -1382.8057002784990        0.0000000000000000       -671.69094004126339       -339.85393874571679      -1.42108547152020037E-014          14           8         118         127   0.0000000000000000        0.0000000000000000        0.0000000000000000        176554859861.78595       -379604408073.23865        0.0000000000000000       5.37491077648110988E-016  -409504949374.15686        377686137505.73883        0.0000000000000000      T
         123           1           1   2333.1555903450226        562.40445814577038        0.0000000000000000       -252.43228787337756       -504.35078949570175        0.0000000000000000                1          11         119         128   0.0000000000000000        0.0000000000000000        0.0000000000000000        374282193477.56555       -155695662691.95267        0.0000000000000000       5.37491077648110988E-016  -1625312464402.2258        664721637670.87427        0.0000000000000000      T
         124           3           1  -2881.9860327223851       -1971.5254716343936        0.0000000000000000       -693.38154018360376       -206.60302352225037      -5.68434188608080149E-014          13          11         120         130   0.0000000000000000        0.0000000000000000        0.0000000000000000        99340413374.108978       -381216553268.67688        0.0000000000000000       5.37491077648110988E-016  -223680809020.68158       -201770572156.49319        0.0000000000000000      T
         125           7           1   2020.5604655952384       -45.930133681255072        0.0000000000000000       -412.03287384754481       -387.40827923208491      -5.68434188608080149E-014           7           8         121         131   0.0000000000000000        0.0000000000000000        0.0000000000000000        226429094908.66733       -255498288285.55444        0.0000000000000000       5.37491077648110988E-016  -92191246488.082123       -329483660340.63165        0.0000000000000000      T
         126           8           1  -130.79542483550608       -3365.4506897736246        0.0000000000000000       -460.61180302837266       -354.51292602734804        0.0000000000000000                8           8          94         138   0.0000000000000000        0.0000000000000000        0.0000000000000000        150560845872.07455       -227973935073.22684        0.0000000000000000       5.37491077648110988E-016   7784609846.8815117       -334033919687.26062        0.0000000000000000      T
         127           9           1  -2780.8266276180611       -1604.4992448468947        0.0000000000000000       -715.58733178729949       -22.401309956519071      -5.95079541199083906E-014          14           8         122         132   0.0000000000000000        0.0000000000000000        0.0000000000000000        25506992295.558044       -434488129219.18213        0.0000000000000000       5.37491077648110988E-016  -491051089578.52313       -69212123843.631409        0.0000000000000000      T
         128           1           1   2009.8158841037962        99.560037936357432        0.0000000000000000       -395.94022330970859       -406.28182941231387      -2.84217094304040074E-014           1          11         123         133   0.0000000000000000        0.0000000000000000        0.0000000000000000        284294816179.93311       -241463256765.57333        0.0000000000000000       5.37491077648110988E-016  -1028880273128.5986        674784508614.90674        0.0000000000000000      T
         129           2           1  -605.24961908894284       -3469.0868145375116        0.0000000000000000       -578.54697190259401       -151.63892764876744      -7.10542735760100186E-015           2          11         111         142   0.0000000000000000        0.0000000000000000        0.0000000000000000        61873232857.327515       -110197188805.33427        0.0000000000000000       5.37491077648110988E-016  -272024241691.24933       -29129811737.554428        0.0000000000000000      T
         130           3           1   311.68758848774678        186.23049022013220        0.0000000000000000       -731.85137872375549        25.181195477376122       2.84217094304040074E-014          19          11         124         134   0.0000000000000000        0.0000000000000000        0.0000000000000000       -19034060700.063362       -418906364408.55731        0.0000000000000000       5.37491077648110988E-016  -363183309638.62451       -84396561826.761566        0.0000000000000000      T
         131           7           1   1518.6388526074329       -317.90783816133234        0.0000000000000000       -577.74441745356614       -164.66911070056329       1.42108547152020037E-014           7           8         125         149   0.0000000000000000        0.0000000000000000        0.0000000000000000        82475288616.830048       -263509011821.79245        0.0000000000000000       5.37491077648110988E-016  -195884256352.30893        44948246454.041016        0.0000000000000000      T
         132           9           1  -3514.5035768312223       -1496.7875400254359        0.0000000000000000       -742.43228325104053        87.513659330981739      -1.95399252334027551E-014          14           8         127         135   0.0000000000000000        0.0000000000000000        0.0000000000000000       -29127090009.743156       -510705785351.02606        0.0000000000000000       5.37491077648110988E-016   148480952035.12866       -462830276836.96655        0.0000000000000000      T
         133           1           1   1540.9337701602094       -218.84107152895731        0.0000000000000000       -540.47227944222993       -214.25848187922543       5.68434188608080149E-014           1          11         128         136   0.0000000000000000        0.0000000000000000        0.0000000000000000        129983694664.84116       -274277959925.35089        0.0000000000000000       5.37491077648110988E-016  -495750226959.27185        447290164518.12646        0.0000000000000000      T
         134           3           1  -394.24280061517356        343.55566192018432        0.0000000000000000       -653.24870951524213        274.60826886681650        0.0000000000000000               19          11         130         137   0.0000000000000000        0.0000000000000000        0.0000000000000000       -199464516896.91003       -427745054532.60168        0.0000000000000000       5.37491077648110988E-016  -309180660349.31860        188669875554.19174        0.0000000000000000      T
         135           9           1   3563.9759375637841       -1491.7504414771465        0.0000000000000000       -754.80676149400620        10.593082741836682      -6.39488462184090167E-014          14           8         132         139   0.0000000000000000        0.0000000000000000        0.0000000000000000       -30739661549.957256       -358569284466.69250        0.0000000000000000       5.37491077648110988E-016  -219685678281.61856       -168069191356.18213        0.0000000000000000      T
         136           1           1   991.91999708778167       -267.34451534966558        0.0000000000000000       -495.85831996941613        162.60209707114734        0.0000000000000000                1          11         133         146   0.0000000000000000        0.0000000000000000        0.0000000000000000       -32029175360.683228       -218750705368.24866        0.0000000000000000       5.37491077648110988E-016  -323488661884.76270        333315952534.01208        0.0000000000000000      T
         137           3           1   2933.8302264717281       -1537.0001469090007        0.0000000000000000       -525.99133017883537        483.20719107762307        0.0000000000000000               13          11         134         140   0.0000000000000000        0.0000000000000000        0.0000000000000000       -295235139471.14240       -341613520259.98450        0.0000000000000000       5.37491077648110988E-016  -213710340917.86612        359957732550.23529        0.0000000000000000      T
         138           8           1  -647.75722463056843       -3620.0094691525655        0.0000000000000000       -568.06944944311203       -131.44810407217250      -1.42108547152020037E-014           8           8         126         144   0.0000000000000000        0.0000000000000000        0.0000000000000000        50983823700.927567       -295074125872.14221        0.0000000000000000       5.37491077648110988E-016  -223748116230.58716       -162511465346.33282        0.0000000000000000      T
         139           9           1   2839.5960708931971       -1337.5290512175732        0.0000000000000000       -650.57264943068094        347.88947612526238        0.0000000000000000               14           8         135         141   0.0000000000000000        0.0000000000000000        0.0000000000000000       -198112859845.36053       -297236952350.31146        0.0000000000000000       5.37491077648110988E-016  -617937442217.74719        136639641778.85086        0.0000000000000000      T
         140           3           1   2484.5140654176016       -961.80064620530675        0.0000000000000000       -343.78083258659154        653.00741585588173        0.0000000000000000               13          11         137         143   0.0000000000000000        0.0000000000000000        0.0000000000000000       -301507255714.02808       -150242495205.06262        0.0000000000000000       5.37491077648110988E-016  -246997619005.38766        328244291826.13031        0.0000000000000000      T
         141           9           1   2343.5024459852666       -805.92374532822009        0.0000000000000000       -304.32311551882526        655.32910120389363        0.0000000000000000               14           8         139         145   0.0000000000000000        0.0000000000000000        0.0000000000000000       -375540080273.41028       -169386715977.52173        0.0000000000000000       5.37491077648110988E-016  -313346830930.42773        460227433266.64642        0.0000000000000000      T
         142           2           1  -1205.4778397121615       -3507.3003336758902        0.0000000000000000       -607.87972941531461        83.894318471130845        0.0000000000000000                2          11         129         147   0.0000000000000000        0.0000000000000000        0.0000000000000000       -52532121583.001114       -72309472600.322174        0.0000000000000000       5.37491077648110988E-016  -76266447400.562729        182463744167.40994        0.0000000000000000      T
         143           3           1   2299.2607538730867       -263.57678745116073        0.0000000000000000       -2.5937572707246090        725.03322387236824        0.0000000000000000               13          11         140         148   0.0000000000000000        0.0000000000000000        0.0000000000000000       -385572812787.51569        9087416495.0605621        0.0000000000000000       5.37491077648110988E-016  -98180661031.214920        417158128829.35388        0.0000000000000000      T
         144           8           1  -1222.7096671330917       -3591.4213327736215        0.0000000000000000       -542.85312609193716        202.39341331604729        0.0000000000000000                8           8         138         150   0.0000000000000000        0.0000000000000000        0.0000000000000000       -97039489039.640869       -290451514263.21423        0.0000000000000000       5.37491077648110988E-016  -268065705466.13745        169339336915.11871        0.0000000000000000      T
         145           9           1   2237.9250254528902       -98.000607226140119        0.0000000000000000        62.851975185061200        749.37945103345953        0.0000000000000000               14           8         141         151   0.0000000000000000        0.0000000000000000        0.0000000000000000       -390588955262.06372        18992824555.273979        0.0000000000000000       5.37491077648110988E-016  -30030513642.361031        489594298998.31274        0.0000000000000000      T
         146           1           2   706.30269769649021        155.32442096853498        0.0000000000000000        20.012341928738493        686.34657108711167        0.0000000000000000                1          11         136          -1   0.0000000000000000        0.0000000000000000        0.0000000000000000        0.0000000000000000        0.0000000000000000        0.0000000000000000       5.37491077648110988E-016   212453037886.02457        45296922689.170227        0.0000000000000000      T
         147           2           1  -1710.0855137435890       -3250.9574338467182        0.0000000000000000       -304.44179440008662        470.44979583662428        0.0000000000000000                2          11         142         152   0.0000000000000000        0.0000000000000000        0.0000000000000000       -137456582960.95135       -157936899649.82990        0.0000000000000000       5.37491077648110988E-016   117649831175.26949        315709127105.26367        0.0000000000000000      T
         148           3           1   2491.8878243039749        422.51091021697039        0.0000000000000000        376.27713832860701        599.79435792147399       2.84217094304040074E-014          13          11         143         153   0.0000000000000000        0.0000000000000000        0.0000000000000000       -332412343470.23938        189227982064.08847        0.0000000000000000       5.37491077648110988E-016   281176117341.88501        332578133104.51135        0.0000000000000000      T
         149           7           1   950.36379563641049       -330.36451323568417        0.0000000000000000       -487.57946621467579        192.78158337104787        0.0000000000000000                7           8         131         158   0.0000000000000000        0.0000000000000000        0.0000000000000000       -41801471074.628082       -216606664495.16516        0.0000000000000000       5.37491077648110988E-016  -335293105870.87585        289098680309.18127        0.0000000000000000      T
         150           8           1  -1651.8013156515192       -3225.7800902314148        0.0000000000000000       -272.65031925199287        504.56258757143576        0.0000000000000000                8           8         144         154   0.0000000000000000        0.0000000000000000        0.0000000000000000       -209580518817.46539       -144039114058.61591        0.0000000000000000       5.37491077648110988E-016  -19466422901.609680        292995305850.24609        0.0000000000000000      T
         151           9           1   2464.7311277366261        602.06358949617970        0.0000000000000000        416.60126003265970        571.11509913546820       2.84217094304040074E-014          14           8         145         155   0.0000000000000000        0.0000000000000000        0.0000000000000000       -271474548023.30194        202295482157.11362        0.0000000000000000       5.37491077648110988E-016   146545545377.19800        300210259896.36694        0.0000000000000000      T
         152           2           1  -1780.3834804664261       -2659.6370043944053        0.0000000000000000        100.92998475286666        577.29648602682448       2.84217094304040074E-014           2          11         147         156   0.0000000000000000        0.0000000000000000        0.0000000000000000       -94887169035.437103       -27326324850.618134        0.0000000000000000       5.37491077648110988E-016   1017361045988.7169       -301865446146.64069        0.0000000000000000      T
         153           3           1  -911.72013464498559       -1349.8152045371291        0.0000000000000000        601.80799931758179        393.58746659349219      -1.13686837721616030E-013           3          11         148         157   0.0000000000000000        0.0000000000000000        0.0000000000000000       -157471692215.19519        232858082516.67676        0.0000000000000000       5.37491077648110988E-016   337570562370.64893       -88213332090.306091        0.0000000000000000      T
         154           8           1  -1730.5072108964025       -2666.1597764580301        0.0000000000000000        110.06177180997543        555.14090534498382      -2.84217094304040074E-014           8           8         150         159   0.0000000000000000        0.0000000000000000        0.0000000000000000       -140959411665.24725        21118162737.076050        0.0000000000000000       5.37491077648110988E-016   197223938399.89835        46454375314.109451        0.0000000000000000      T
         155           9           1  -865.48062546723872       -1260.6007273004730        0.0000000000000000        697.79149283941501        254.87316561133255        0.0000000000000000                9           8         151         160   0.0000000000000000        0.0000000000000000        0.0000000000000000       -144164890126.29791        223074663161.73010        0.0000000000000000       5.37491077648110988E-016   56457705691.052521        50728319389.231125        0.0000000000000000      T
         156           2           2  -1425.3827500766492       -2206.9837292854208        0.0000000000000000        754.83014638943996        352.28537373997005       2.84217094304040074E-014           2          11         152          -1   0.0000000000000000        0.0000000000000000        0.0000000000000000        0.0000000000000000        0.0000000000000000        0.0000000000000000       5.37491077648110988E-016   1007571455272.4216       -912635425168.43030        0.0000000000000000      T
         157           3           2  -323.04400819248940       -1511.0424690179063        0.0000000000000000        508.96082782717622       -1198.2909885904091      -1.13686837721616030E-013           3          11         153          -1   0.0000000000000000        0.0000000000000000        0.0000000000000000        0.0000000000000000        0.0000000000000000        0.0000000000000000       5.37491077648110988E-016  -262353750919.95175       -1117739114744.6445        0.0000000000000000      T
         158           7           2   706.30269769649021        155.32442096853498        0.0000000000000000        91.053817579441358        813.23955460597313        0.0000000000000000                7           8         149          -1   0.0000000000000000        0.0000000000000000        0.0000000000000000        0.0000000000000000        0.0000000000000000        0.0000000000000000       5.37491077648110988E-016   244618953126.76849       -64481887601.861244        0.0000000000000000      T
         159           8           2  -1425.3827500766492       -2206.9837292854208        0.0000000000000000        511.65892873670236        331.26287388661081      -2.84217094304040074E-014           8           8         154          -1   0.0000000000000000        0.0000000000000000        0.0000000000000000        0.0000000000000000        0.0000000000000000        0.0000000000000000       5.37491077648110988E-016   121625586061.69006       -194468115679.99240        0.0000000000000000      T
         160           9           2  -323.04400819248968       -1511.0424690179061        0.0000000000000000        166.17282173783505       -1153.4125637133948        0.0000000000000000                9           8         155          -1   0.0000000000000000        0.0000000000000000        0.0000000000000000        0.0000000000000000        0.0000000000000000        0.0000000000000000       5.37491077648110988E-016  -671877130034.35535       -469263083121.79022        0.0000000000000000      T
