           1   2378.6246261874257        2378.6246261874257        2378.6246261874257                0
           1   2961.9591195589951        2961.9591195589951        2961.9591195589951                0
           1   4129.2805094669511        4129.2805094669511        4129.2805094669511                1
          13
           2   2378.6246261874257        3154.3753738125743        2378.6246261874257                0
           2   2961.9591195589951        2571.0408804410049        2961.9591195589951                0
           2   4129.2805094669511        1403.7194905330489        4129.2805094669511                0
           3   3154.3753738125743        3154.3753738125743        2378.6246261874257                0
           3   2571.0408804410049        2571.0408804410049        2961.9591195589951                0
           3   1403.7194905330489        1403.7194905330489        4129.2805094669511                1
          14
           4   3154.3753738125743        2378.6246261874257        2378.6246261874257                0
           4   2571.0408804410049        2961.9591195589951        2961.9591195589951                0
           4   1403.7194905330489        4129.2805094669511        4129.2805094669511                0
           1   2284.9471761336181        2284.9471761336176        2284.9471761336176                1
           3
           3   3248.0528238663819        3248.0528238663824        2284.9471761336176                1
           9
           1           1           2  -1425.3827500776383       -2206.9837292861193        0.0000000000000000       -305.57699182943838       -453.13233219592695        0.0000000000000000                1          11          -1           2   0.0000000000000000        0.0000000000000000        0.0000000000000000        0.0000000000000000        0.0000000000000000        0.0000000000000000       5.37491077648110988E-016   69453293424.099564        9227865969.7972946        0.0000000000000000      T
           2           1           1  -1846.0935154911267       -2524.3849314260192        0.0000000000000000       -510.86027519736331       -155.32959916145359      -4.26325641456060112E-014           1          11           1           3   0.0000000000000000        0.0000000000000000        0.0000000000000000        33976864034.117836       -108942554105.71291        0.0000000000000000       5.37491077648110988E-016  -21459270918.825974       -65678204135.133728        0.0000000000000000      T
           3           1           1  -2373.6802006789294       -2490.2993645769857        0.0000000000000000       -495.87425918498127        224.50382296914233      -2.84217094304040074E-014           1          11           2           4   0.0000000000000000        0.0000000000000000        0.0000000000000000       -86763393749.650696       -186106513485.54111        0.0000000000000000       5.37491077648110988E-016   6118919975.5600548        183653217923.77032        0.0000000000000000      T
           4           1           1  -2776.1136787008163       -2121.8627491757643        0.0000000000000000       -295.70317769178172        464.88085403564901        0.0000000000000000                1          11           3           5   0.0000000000000000        0.0000000000000000        0.0000000000000000       -164312472153.44092       -129891852917.98444        0.0000000000000000       5.37491077648110988E-016   557007932986.77124        373427427172.61853        0.0000000000000000      T
           5           1           1  -2976.1376983882960       -1620.7752645325477        0.0000000000000000       -128.68552317599296        524.54506102157529      -5.68434188608080149E-014           1          11           4          57   0.0000000000000000        0.0000000000000000        0.0000000000000000       -220678135771.37201       -72920241049.788193        0.0000000000000000       5.37491077648110988E-016   1368731120467.7031        396046645744.81421        0.0000000000000000      T
           6           2           2  -323.04400819254818       -1511.0424690182554        0.0000000000000000        409.31196839328015       -333.48892101518322      -2.84217094304040074E-014           2          11          -1           7   0.0000000000000000        0.0000000000000000        0.0000000000000000        0.0000000000000000        0.0000000000000000        0.0000000000000000       5.37491077648110988E-016   706110124098.35352       -26981702265.952065        0.0000000000000000      T
           7           2           1  -228.31666326706971       -2054.2035472949042        0.0000000000000000       -162.65741262997537       -585.11375502837211        0.0000000000000000                2          11           6           8   0.0000000000000000        0.0000000000000000        0.0000000000000000        15337630360.671997       -29438438106.410858        0.0000000000000000       5.37491077648110988E-016   880619863248.75085       -272528883878.17117        0.0000000000000000      T
           8           2           1  -568.80942085100241       -2517.2687686894888        0.0000000000000000       -495.97855584874344       -344.73495788502998       2.84217094304040074E-014           2          11           7          58   0.0000000000000000        0.0000000000000000        0.0000000000000000        18578828452.001549       -65272668978.117683        0.0000000000000000       5.37491077648110988E-016   438612351592.54016       -407206001354.58490        0.0000000000000000      T
           9           3           2   706.30269769742085        155.32442096946727        0.0000000000000000        440.03045989524708        364.97541084967116      -2.84217094304040074E-014           3          11          -1          10   0.0000000000000000        0.0000000000000000        0.0000000000000000        0.0000000000000000        0.0000000000000000        0.0000000000000000       5.37491077648110988E-016  -113072181498.12132        104531701575.96822        0.0000000000000000      T
          10           3           1   1256.8583692743150        261.74841497547249        0.0000000000000000        540.27214224841600       -178.72393761127924      -2.84217094304040074E-014           3          11           9          11   0.0000000000000000        0.0000000000000000        0.0000000000000000        88253916701.017395        168691839498.07397        0.0000000000000000       5.37491077648110988E-016   342362834834.17126        50858618753.934563        0.0000000000000000      T
          11           3           1   1654.7752322327533       -141.99147701345220        0.0000000000000000        244.29857471708615       -542.02735435331249       5.68434188608080149E-014           3          11          10          12   0.0000000000000000        0.0000000000000000        0.0000000000000000        269424736566.43610        106474992573.09406        0.0000000000000000       5.37491077648110988E-016   160709067351.99005       -195387387673.00476        0.0000000000000000      T
          12           3           1  -2162.3597193502583        1545.5802840108395        0.0000000000000000       -37.855246074979085       -578.18441127903179        0.0000000000000000               13          11          11          13   0.0000000000000000        0.0000000000000000        0.0000000000000000        329310012590.66412       -17609386696.923836        0.0000000000000000       5.37491077648110988E-016   30308423839.608398       -256665957833.26511        0.0000000000000000      T
          13           3           1  -2303.1713209627142        987.95224905186512        0.0000000000000000       -229.45178908806881       -531.91719574427100        0.0000000000000000               13          11          12          73   0.0000000000000000        0.0000000000000000        0.0000000000000000        290221434975.50806       -118250218578.46231        0.0000000000000000       5.37491077648110988E-016  -45071708014.910530       -211755398149.29346        0.0000000000000000      T
          14           4           2  -1425.3827500776383       -2206.9837292861193        0.0000000000000000        579.35337710784336        320.56458114593255      -5.68434188608080149E-014           4           7          -1          15   0.0000000000000000        0.0000000000000000        0.0000000000000000        0.0000000000000000        0.0000000000000000        0.0000000000000000       5.37491077648110988E-016   1456119958492.2217       -1643483190283.3342        0.0000000000000000      T
          15           4           1  -941.01351723936364       -1786.7880862665606        0.0000000000000000        456.72080839465394        447.04346769483709       2.84217094304040074E-014           4           7          14          16   0.0000000000000000        0.0000000000000000        0.0000000000000000       -17490546669.891136        18538227346.737137        0.0000000000000000       5.37491077648110988E-016   1235214532770.7534       -1410318011265.7422        0.0000000000000000      T
          16           4           1  -454.22619981036439       -1370.2666442742882        0.0000000000000000        507.23304011536237        401.41280311021274        0.0000000000000000                4           7          15          17   0.0000000000000000        0.0000000000000000        0.0000000000000000       -59140163689.142906        69096680778.116440        0.0000000000000000       5.37491077648110988E-016   631320074977.66846       -723489344277.46631        0.0000000000000000      T
          17           4           1   25.130529883099655       -940.93254675550156        0.0000000000000000        412.77917251128702        484.87193839749040        0.0000000000000000                4           7          16          18   0.0000000000000000        0.0000000000000000        0.0000000000000000       -5032547101.3775816       -16566426605.013577        0.0000000000000000       5.37491077648110988E-016  -552141952115.42969        328727944384.86682        0.0000000000000000      T
          18           4           1   372.70338386102003       -401.55289067966822        0.0000000000000000        322.43902085364311        565.24070408368493        0.0000000000000000                4           7          17          60   0.0000000000000000        0.0000000000000000        0.0000000000000000        30267937818.250576       -14672577575.420399        0.0000000000000000       5.37491077648110988E-016  -492961339247.10559        266098795239.42963        0.0000000000000000      T
          19           5           2  -323.04400819254818       -1511.0424690182554        0.0000000000000000        14.030732990645674       -633.89205263503197        0.0000000000000000                5           7          -1          20   0.0000000000000000        0.0000000000000000        0.0000000000000000        0.0000000000000000        0.0000000000000000        0.0000000000000000       5.37491077648110988E-016   7031120531531.0654       -8459512046866.6680        0.0000000000000000      T
          20           5           1  -569.29316868547221       -1706.4531764634082        0.0000000000000000       -350.75944746173957       -53.910534594223755      -5.68434188608080149E-014           5           7          19          21   0.0000000000000000        0.0000000000000000        0.0000000000000000       -102972870731.21405        50020858710.113113        0.0000000000000000       5.37491077648110988E-016   6858274856689.7100       -8599941637408.2031        0.0000000000000000      T
          21           5           1  -886.82709057766772       -1868.6075121569502        0.0000000000000000       -302.34219029904642       -223.16093840415746        0.0000000000000000                5           7          20          22   0.0000000000000000        0.0000000000000000        0.0000000000000000        96339408023.629852       -42637977239.193062        0.0000000000000000       5.37491077648110988E-016   7046826634466.6299       -8446320903175.2939        0.0000000000000000      T
          22           5           1  -1200.6745726671411       -2019.7874844468083        0.0000000000000000       -334.01600328708207        6.5513642606533367       5.68434188608080149E-014           5           7          21          23   0.0000000000000000        0.0000000000000000        0.0000000000000000       -87901571862.056793        51607970268.748886        0.0000000000000000       5.37491077648110988E-016   6938917913576.3047       -8535149846423.9844        0.0000000000000000      T
          23           5           2  -1425.3827500766492       -2206.9837292854208        0.0000000000000000        22.739224950430611       -818.17317002386790        0.0000000000000000                5           7          22          -1   0.0000000000000000        0.0000000000000000        0.0000000000000000        0.0000000000000000        0.0000000000000000        0.0000000000000000       5.37491077648110988E-016   7036796153842.0957       -8454791534347.4375        0.0000000000000000      T
          24           6           2   706.30269769742085        155.32442096946727        0.0000000000000000       -649.19904273179122       -327.03657346983920        0.0000000000000000                6           7          -1          25   0.0000000000000000        0.0000000000000000        0.0000000000000000        0.0000000000000000        0.0000000000000000        0.0000000000000000       5.37491077648110988E-016  -9648751373474.7246        5282196222488.2949        0.0000000000000000      T
          25           6           1   445.88547348507723       -250.18866749552043        0.0000000000000000       -147.08821118494228       -437.96614636703202        0.0000000000000000                6           7          24          26   0.0000000000000000        0.0000000000000000        0.0000000000000000        21994645920.214569       -28908419889.260574        0.0000000000000000       5.37491077648110988E-016  -9692942510882.7422        5200636071235.3809        0.0000000000000000      T
          26           6           1   189.94757511418220       -678.72097233243028        0.0000000000000000       -311.51348027815499       -423.23502096772557       2.84217094304040074E-014           6           7          25          27   0.0000000000000000        0.0000000000000000        0.0000000000000000       -7296420139.6724472        5642848093.2917213        0.0000000000000000       5.37491077648110988E-016  -9677452594674.4551        5229426948323.0527        0.0000000000000000      T
          27           6           1  -65.717566182963481       -1107.4621260521749        0.0000000000000000       -141.66698670656166       -440.91414543202700       5.68434188608080149E-014           6           7          26          28   0.0000000000000000        0.0000000000000000        0.0000000000000000       -29499064904.550323        32714964525.486481        0.0000000000000000       5.37491077648110988E-016  -9699186051665.7559        5188980337381.0293        0.0000000000000000      T
          28           6           2  -323.04400819248940       -1511.0424690179063        0.0000000000000000       -660.79332281561392       -310.07288736059445       2.84217094304040074E-014           6           7          27          -1   0.0000000000000000        0.0000000000000000        0.0000000000000000        0.0000000000000000        0.0000000000000000        0.0000000000000000       5.37491077648110988E-016  -9644330404295.0059        5290263798034.1709        0.0000000000000000      T
          29           7           2  -1425.3827500776383       -2206.9837292861193        0.0000000000000000       -289.93504173515976       -427.04839276130883      -2.84217094304040074E-014           7           8          -1          30   0.0000000000000000        0.0000000000000000        0.0000000000000000        0.0000000000000000        0.0000000000000000        0.0000000000000000       5.37491077648110988E-016  -223347924631.67227        298360184114.40118        0.0000000000000000      T
          30           7           1  -1842.4587621771857       -2549.7150143612562        0.0000000000000000       -514.50312262289594       -196.00605485879956       1.42108547152020037E-014           7           8          29          31   0.0000000000000000        0.0000000000000000        0.0000000000000000        50273966990.281700       -116678735490.50873        0.0000000000000000       5.37491077648110988E-016  -153188533162.66568        123455417179.39078        0.0000000000000000      T
          31           7           1  -2375.9440077947443       -2547.8282877173892        0.0000000000000000       -503.73624092457572        188.53893690269743        0.0000000000000000                7           8          30          32   0.0000000000000000        0.0000000000000000        0.0000000000000000       -76902035321.169418       -217504699178.89752        0.0000000000000000       5.37491077648110988E-016  -146005416167.88690        148018600533.79703        0.0000000000000000      T
          32           7           1  -2794.1797223396338       -2217.4460351147563        0.0000000000000000       -325.71479416614710        438.65724498750933        0.0000000000000000                7           8          31          33   0.0000000000000000        0.0000000000000000        0.0000000000000000       -177963650704.11121       -152357113597.79187        0.0000000000000000       5.37491077648110988E-016   240786140533.36993        241208800139.14063        0.0000000000000000      T
          33           7           1  -3029.4372984058241       -1726.2694546314985        0.0000000000000000       -153.88445424407541        521.50858240493801       5.68434188608080149E-014           7           8          32          61   0.0000000000000000        0.0000000000000000        0.0000000000000000       -193954914242.86676       -76836918181.611832        0.0000000000000000       5.37491077648110988E-016   985036414791.58008        298518016272.55127        0.0000000000000000      T
          34           8           2  -323.04400819254818       -1511.0424690182554        0.0000000000000000        823.69987527429021       -508.33265927659596      -2.84217094304040074E-014           8           8          -1          35   0.0000000000000000        0.0000000000000000        0.0000000000000000        0.0000000000000000        0.0000000000000000        0.0000000000000000       5.37491077648110988E-016   6048037986350.1377       -1381110774247.1387        0.0000000000000000      T
          35           8           1  -228.84483710500467       -1917.1324650695165        0.0000000000000000       -277.61024826661691       -384.96075639949891        0.0000000000000000                8           8          34          36   0.0000000000000000        0.0000000000000000        0.0000000000000000       -53877487755.587936       -200117942149.01965        0.0000000000000000       5.37491077648110988E-016   7929217355237.8389       -3608303396668.3271        0.0000000000000000      T
          36           8           1  -550.48430361957912       -2295.1895042449642        0.0000000000000000       -395.57976848891548       -304.26542080553480        0.0000000000000000                8           8          35          95   0.0000000000000000        0.0000000000000000        0.0000000000000000       -241644425178.40091        29564661579.350548        0.0000000000000000       5.37491077648110988E-016   3975787311449.4385       -3786498251973.3027        0.0000000000000000      T
          37           9           2   706.30269769742017        155.32442096946733        0.0000000000000000        433.64472840385218        325.75853158820223       2.84217094304040074E-014           9           8          -1          38   0.0000000000000000        0.0000000000000000        0.0000000000000000        0.0000000000000000        0.0000000000000000        0.0000000000000000       5.37491077648110988E-016  -105950616514.69469        102059899273.28380        0.0000000000000000      T
          38           9           1   1298.3704462617823        206.92068660158776        0.0000000000000000        555.76551759347615       -259.40318900813639      -2.84217094304040074E-014           9           8          37          39   0.0000000000000000        0.0000000000000000        0.0000000000000000        105534752453.66046        174823124773.84622        0.0000000000000000       5.37491077648110988E-016   358977964736.37183        13210161986.973022        0.0000000000000000      T
          39           9           1   1646.6599462549909       -288.68411909256918        0.0000000000000000        164.36494689495623       -620.17139574176599        0.0000000000000000                9           8          38          40   0.0000000000000000        0.0000000000000000        0.0000000000000000        313730211618.69745        80484082694.150620        0.0000000000000000       5.37491077648110988E-016   123791875495.23962       -242914390033.41541        0.0000000000000000      T
          40           9           1  -2254.9517166750416        1352.4049075032462        0.0000000000000000       -135.92633306827122       -599.97193872948674        0.0000000000000000               14           8          39          41   0.0000000000000000        0.0000000000000000        0.0000000000000000        372913509601.89087       -87214504654.030518        0.0000000000000000       5.37491077648110988E-016   222771590537.39618       -329003575735.30969        0.0000000000000000      T
          41           9           1  -2503.8628015627664        785.58934325663643        0.0000000000000000       -334.96239715964208       -533.63383570233214        0.0000000000000000               14           8          40          77   0.0000000000000000        0.0000000000000000        0.0000000000000000        160140444518.45660       -110100625499.53098        0.0000000000000000       5.37491077648110988E-016   338036311596.70276       -359713798279.20172        0.0000000000000000      T
          42          10           2  -1425.3827500776383       -2206.9837292861193        0.0000000000000000        671.17488437789518        219.10265592008133      -1.42108547152020037E-014          10          10          -1          43   0.0000000000000000        0.0000000000000000        0.0000000000000000        0.0000000000000000        0.0000000000000000        0.0000000000000000       5.37491077648110988E-016   2537886590529.7246       -2795150300718.9863        0.0000000000000000      T
          43          10           1  -940.17389604660548       -1799.9186361763968        0.0000000000000000        421.48599911998116        476.60093098277184        0.0000000000000000               10          10          42          44   0.0000000000000000        0.0000000000000000        0.0000000000000000       -17518533298.486595        32079009648.508617        0.0000000000000000       5.37491077648110988E-016   2683704231829.9873       -2849742433627.4487        0.0000000000000000      T
          44          10           1  -476.47023761388635       -1357.5794810862860        0.0000000000000000        489.61865653343676        422.70636474833185       2.84217094304040074E-014          10          10          43          45   0.0000000000000000        0.0000000000000000        0.0000000000000000       -21820497402.669212        21852874535.264126        0.0000000000000000       5.37491077648110988E-016   2571200680345.2051       -2617825341459.0132        0.0000000000000000      T
          45          10           1  -14.833500795324625       -911.62528644818008        0.0000000000000000        396.06056050011512        497.45365920855176       2.84217094304040074E-014          10          10          44          46   0.0000000000000000        0.0000000000000000        0.0000000000000000        60326602376.624435        16992373227.341610        0.0000000000000000       5.37491077648110988E-016   2196049176296.7556       -1947486163096.0540        0.0000000000000000      T
          46          10           1   334.08726212950961       -373.36822882756621        0.0000000000000000        357.81160069628982        540.11275519361993        0.0000000000000000               10          10          45          62   0.0000000000000000        0.0000000000000000        0.0000000000000000       -95648229285.377136        75098422658.697723        0.0000000000000000       5.37491077648110988E-016   1276615870250.9111       -940380522268.83459        0.0000000000000000      T
          47          11           2  -323.04400819254818       -1511.0424690182554        0.0000000000000000       -145.54283357584970       -400.60659012496643      -2.84217094304040074E-014          11          10          -1          48   0.0000000000000000        0.0000000000000000        0.0000000000000000        0.0000000000000000        0.0000000000000000        0.0000000000000000       5.37491077648110988E-016   6789974708177.9023       -8654261578107.3096        0.0000000000000000      T
          48          11           1  -609.44707931003688       -1696.7266716303645        0.0000000000000000       -313.46698081098867       -149.13540247548121        0.0000000000000000               11          10          47          49   0.0000000000000000        0.0000000000000000        0.0000000000000000        318197929110.18530       -56984506299.975136        0.0000000000000000       5.37491077648110988E-016   7584324522793.2871       -7967256057435.2148        0.0000000000000000      T
          49          11           1  -893.86708037847757       -1904.2090036090067        0.0000000000000000       -313.05845973798324       -182.35140374536337        0.0000000000000000               11          10          48          50   0.0000000000000000        0.0000000000000000        0.0000000000000000       -511571470356.66180        292322279162.24951        0.0000000000000000       5.37491077648110988E-016   7369679424183.5879       -8157558130975.1797        0.0000000000000000      T
          50          11           1  -1177.9128528576466       -2080.3633064601859        0.0000000000000000       -139.69650087990806       -272.36888703252998       5.68434188608080149E-014          11          10          49          51   0.0000000000000000        0.0000000000000000        0.0000000000000000       -587504763492.95264        674572644734.14038        0.0000000000000000       5.37491077648110988E-016   4784608376186.9766       -5986685689252.1758        0.0000000000000000      T
          51          11           2  -1425.3827500766492       -2206.9837292854208        0.0000000000000000       -722.70254583690030        363.50277484624132      -2.84217094304040074E-014          11          10          50          -1   0.0000000000000000        0.0000000000000000        0.0000000000000000        0.0000000000000000        0.0000000000000000        0.0000000000000000       5.37491077648110988E-016  -4904321714010.5684        7819697855356.9580        0.0000000000000000      T
          52          12           2   706.30269769742063        155.32442096946738        0.0000000000000000       -652.08277153782410       -324.57264354876224       2.84217094304040074E-014          12          10          -1          53   0.0000000000000000        0.0000000000000000        0.0000000000000000        0.0000000000000000        0.0000000000000000        0.0000000000000000       5.37491077648110988E-016  -9656612162712.7930        5267811835947.3848        0.0000000000000000      T
          53          12           1   447.02718990261218       -250.25240675746440        0.0000000000000000       -145.82849582718404       -438.76170794247776      -2.84217094304040074E-014          12          10          52          54   0.0000000000000000        0.0000000000000000        0.0000000000000000        20061676538.488815       -24774897016.467815        0.0000000000000000       5.37491077648110988E-016  -9698508122702.8945        5190251871095.7090        0.0000000000000000      T
          54          12           1   190.67273057560166       -679.04413202696833        0.0000000000000000       -311.49314651889716       -423.48618367063369       4.26325641456060112E-014          12          10          53          55   0.0000000000000000        0.0000000000000000        0.0000000000000000        4398618374.3367109       -4586419591.2351665        0.0000000000000000       5.37491077648110988E-016  -9677065659569.5332        5230142453855.6445        0.0000000000000000      T
          55          12           1  -66.262500331388935       -1106.2341878158913        0.0000000000000000       -148.06798879923122       -435.23890055026834        0.0000000000000000               12          10          54          56   0.0000000000000000        0.0000000000000000        0.0000000000000000       -29987461286.984871        32091022151.860535        0.0000000000000000       5.37491077648110988E-016  -9699818118079.5430        5187812141620.0352        0.0000000000000000      T
          56          12           2  -323.04400819248940       -1511.0424690179063        0.0000000000000000       -637.38511458845062       -331.55322510110705        0.0000000000000000               12          10          55          -1   0.0000000000000000        0.0000000000000000        0.0000000000000000        0.0000000000000000        0.0000000000000000        0.0000000000000000       5.37491077648110988E-016  -9667646457755.6719        5247533893920.4785        0.0000000000000000      T
          57           1           1  -3052.7764686207702       -1086.7086896411856        0.0000000000000000       -19.543099364108009        542.40108048178593        0.0000000000000000                1          11           5          64   0.0000000000000000        0.0000000000000000        0.0000000000000000       -378117294591.93231       -20496679044.479671        0.0000000000000000       5.37491077648110988E-016   1444458752688.9399        195032749175.71667        0.0000000000000000      T
          58           2           1  -1119.6704873650108       -2655.4463188029995        0.0000000000000000       -527.48983626887673        160.32527204420606      -4.26325641456060112E-014           2          11           8          59   0.0000000000000000        0.0000000000000000        0.0000000000000000       -40630746664.794312       -79519761315.971649        0.0000000000000000       5.37491077648110988E-016  -50018019066.604088       -20627586902.600868        0.0000000000000000      T
          59           2           2  -1425.3827500766492       -2206.9837292854208        0.0000000000000000        36.217913247312055        634.28898792041082        0.0000000000000000                2          11          58          -1   0.0000000000000000        0.0000000000000000        0.0000000000000000        0.0000000000000000        0.0000000000000000        0.0000000000000000       5.37491077648110988E-016   54515496765.649673        184232968587.12405        0.0000000000000000      T
          60           4           2   706.30269769648964        155.32442096853606        0.0000000000000000        340.98124751431044        542.93614843988257        0.0000000000000000                4           7          18          -1   0.0000000000000000        0.0000000000000000        0.0000000000000000        0.0000000000000000        0.0000000000000000        0.0000000000000000       5.37491077648110988E-016   244787763407.31049       -147823704656.15005        0.0000000000000000      T
          61           7           1  -3117.5336690373042       -1198.7951111011730        0.0000000000000000       -28.809228950562360        531.26119743348795        0.0000000000000000                7           8          33          63   0.0000000000000000        0.0000000000000000        0.0000000000000000       -190637167685.74216       -37664391446.756760        0.0000000000000000       5.37491077648110988E-016   2391561054861.5371        204287372297.72296        0.0000000000000000      T
          62          10           2   706.30269769648964        155.32442096853606        0.0000000000000000        336.10163219016852        542.94444226711710       2.84217094304040074E-014          10          10          46          -1   0.0000000000000000        0.0000000000000000        0.0000000000000000        0.0000000000000000        0.0000000000000000        0.0000000000000000       5.37491077648110988E-016  -298929088672.43677        203293604042.87143        0.0000000000000000      T
          63           7           1  -3104.7153892983351       -668.54488459521940        0.0000000000000000        43.287097368790356        526.62033796994638      -2.84217094304040074E-014           7           8          61          65   0.0000000000000000        0.0000000000000000        0.0000000000000000       -272797611435.12064       -7066488706.2555256        0.0000000000000000       5.37491077648110988E-016   3762497377894.7798       -268249760140.72971        0.0000000000000000      T
          64           1           1  -3009.4618855777103       -545.54549804015028        0.0000000000000000        106.88535906418358        531.53991652847378        0.0000000000000000                1          11          57          66   0.0000000000000000        0.0000000000000000        0.0000000000000000       -489667304522.19531        115983945803.79622        0.0000000000000000       5.37491077648110988E-016  -604209476575.99854        516217631301.89368        0.0000000000000000      T
          65           7           1  -3029.2302787896142       -145.00281626747329        0.0000000000000000        120.57101021847231        523.63433518782563        0.0000000000000000                7           8          63          67   0.0000000000000000        0.0000000000000000        0.0000000000000000       -483779768797.76538        91373785024.572037        0.0000000000000000       5.37491077648110988E-016   3161785801112.1675       -613869947732.59058        0.0000000000000000      T
          66           1           1  -2843.6043433664709       -32.703343179640669        0.0000000000000000        219.51803887027026        493.45529278895424        0.0000000000000000                1          11          64          68   0.0000000000000000        0.0000000000000000        0.0000000000000000       -388365498268.38782        183233884260.92706        0.0000000000000000       5.37491077648110988E-016  -2200279982134.9785        1140212936287.2988        0.0000000000000000      T
          67           7           1  -2848.8539623081861        363.75733697003204        0.0000000000000000        242.01314272776764        475.74898597450567        0.0000000000000000                7           8          65          69   0.0000000000000000        0.0000000000000000        0.0000000000000000       -413090412772.02979        202966571403.52539        0.0000000000000000       5.37491077648110988E-016   69864168840.224182        421340153359.02686        0.0000000000000000      T
          68           1           1  -2583.3891643206043        442.39467843992333        0.0000000000000000        293.26064922605190        458.45944175592967        0.0000000000000000                1          11          66          70   0.0000000000000000        0.0000000000000000        0.0000000000000000       -203272125608.55673        137240448236.22934        0.0000000000000000       5.37491077648110988E-016  -1440529541298.2930        973866004170.67798        0.0000000000000000      T
          69           7           1  -2557.8532114286418        803.80061278184962        0.0000000000000000        325.50762095337444        419.78000806212054        0.0000000000000000                7           8          67          71   0.0000000000000000        0.0000000000000000        0.0000000000000000       -216614315984.94861        171942763015.81357        0.0000000000000000       5.37491077648110988E-016  -968731499551.60730        919449748117.41956        0.0000000000000000      T
          70           1           1  -2263.4682039416016        881.28976413768771        0.0000000000000000        347.84778250013125        414.68626213931202        0.0000000000000000                1          11          68          72   0.0000000000000000        0.0000000000000000        0.0000000000000000       -173722554233.06396        152592769861.57178        0.0000000000000000       5.37491077648110988E-016   339903916642.59424       -227650264304.45343        0.0000000000000000      T
          71           7           1  -2207.3539948051375        1209.6242464413488        0.0000000000000000        380.45627596788296        382.73171019096139        0.0000000000000000                7           8          69          74   0.0000000000000000        0.0000000000000000        0.0000000000000000       -198601657415.32648        217117309525.97900        0.0000000000000000       5.37491077648110988E-016  -178831595897.00528        325279186869.53394        0.0000000000000000      T
          72           1           1  -1882.8027498491010        1265.6839693399429        0.0000000000000000        417.10746418793292        352.66338238688144       2.84217094304040074E-014           1          11          70          75   0.0000000000000000        0.0000000000000000        0.0000000000000000       -244930692067.83530        282030383947.37134        0.0000000000000000       5.37491077648110988E-016   1079042646975.9048       -1051171734118.1440        0.0000000000000000      T
          73           3           1  -2605.9810692594592        493.93583840915562        0.0000000000000000       -375.20164730034855       -449.08014254893465       2.84217094304040074E-014          13          11          13          81   0.0000000000000000        0.0000000000000000        0.0000000000000000        230850284101.91306       -206010422070.63623        0.0000000000000000       5.37491077648110988E-016  -125731100232.03973       -195607810100.35983        0.0000000000000000      T
          74           7           1  -1788.7826229794925        1551.3137799406336        0.0000000000000000        459.87904052254180        291.83265265038477       2.84217094304040074E-014           7           8          71          76   0.0000000000000000        0.0000000000000000        0.0000000000000000       -211916206131.35306        349302592217.08459        0.0000000000000000       5.37491077648110988E-016   9080108603.5738754        413724887093.70752        0.0000000000000000      T
          75           1           1  -1427.6608177259843        1577.1590328380489        0.0000000000000000        491.14451939498974        262.26801441424533      -2.84217094304040074E-014           1          11          72          78   0.0000000000000000        0.0000000000000000        0.0000000000000000       -216127640465.88257        375723437066.76324        0.0000000000000000       5.37491077648110988E-016   516117406126.49707       -411541442073.38165        0.0000000000000000      T
          76           7           1  -1297.1049758964652        1788.0598608475209        0.0000000000000000        510.77461866796682        185.24452242601654        0.0000000000000000                7           8          74          79   0.0000000000000000        0.0000000000000000        0.0000000000000000       -124477126307.37993        350312588162.43823        0.0000000000000000       5.37491077648110988E-016  -242626467616.56256        1107615058982.7246        0.0000000000000000      T
          77           9           1  -2909.0697331896299        313.06152618281726        0.0000000000000000       -486.57812783692566       -383.52286242247294      -5.68434188608080149E-014          14           8          41          83   0.0000000000000000        0.0000000000000000        0.0000000000000000        150288207032.49115       -222573739325.98230        0.0000000000000000       5.37491077648110988E-016   142322041415.98999       -535441183400.46924        0.0000000000000000      T
          78           1           1  -911.08996988271917        1781.1224967822961        0.0000000000000000        533.45279813125444        144.58014228319624       2.13162820728030056E-014           1          11          75          80   0.0000000000000000        0.0000000000000000        0.0000000000000000       -90116373430.967743        343354789674.88806        0.0000000000000000       5.37491077648110988E-016  -26582887611.204029        612777518882.27710        0.0000000000000000      T
          79           7           1  -776.66351810725280        1928.7993562495076        0.0000000000000000        533.37979942230834        99.645986572172248       2.84217094304040074E-014           7           8          76          82   0.0000000000000000        0.0000000000000000        0.0000000000000000       -43890041788.019798        280153561816.76056        0.0000000000000000       5.37491077648110988E-016  -110374371737.03766        1088567491786.2131        0.0000000000000000      T
          80           1           1  -373.15719469102453        1870.4108745676267        0.0000000000000000        538.55515718487300        39.166941641703161      -2.84217094304040074E-014           1          11          78          84   0.0000000000000000        0.0000000000000000        0.0000000000000000       -14572872457.016792        285939504966.55469        0.0000000000000000       5.37491077648110988E-016   49862444682.683884        579648199277.19873        0.0000000000000000      T
          81           3           1  -3050.7262985786474        120.99775443981821        0.0000000000000000       -512.40655455833621       -272.62571789613241      -4.97379915032070130E-014          13          11          73          87   0.0000000000000000        0.0000000000000000        0.0000000000000000        148024057933.98569       -281000099560.25385        0.0000000000000000       5.37491077648110988E-016  -226191729477.74567       -107827949001.60387        0.0000000000000000      T
          82           7           1  -237.93757829891570        1978.4795354496086        0.0000000000000000        533.20837643544803       -12.569444908442966       1.42108547152020037E-014           7           8          79          85   0.0000000000000000        0.0000000000000000        0.0000000000000000        20237793370.863964        269495110664.65186        0.0000000000000000       5.37491077648110988E-016   76879324984.534302        579893384657.00073        0.0000000000000000      T
          83           9           1   436.67223019304333       -2191.4881364538687        0.0000000000000000       -634.38545714072836       -86.993780329629971       3.55271367880050093E-014           9           8          77          89   0.0000000000000000        0.0000000000000000        0.0000000000000000        51560092076.742264       -344155418451.85944        0.0000000000000000       5.37491077648110988E-016  -397473935848.75781       -10650153109.228676        0.0000000000000000      T
          84           1           1   162.69108574896558        1843.6339212084010        0.0000000000000000        533.66974002430857       -113.71363557169282       2.84217094304040074E-014           1          11          80          86   0.0000000000000000        0.0000000000000000        0.0000000000000000        62358800529.741730        263241954990.99994        0.0000000000000000       5.37491077648110988E-016   135719043782.19016        250276273606.89481        0.0000000000000000      T
          85           7           1   279.59063616337227        1881.8093345801790        0.0000000000000000        502.54915764777570       -190.33827194638479       2.84217094304040074E-014           7           8          82          88   0.0000000000000000        0.0000000000000000        0.0000000000000000        100434865039.37903        251989272343.86749        0.0000000000000000       5.37491077648110988E-016   135234530070.40512        158435456313.66296        0.0000000000000000      T
          86           1           1   661.12079507576084        1620.3706089380573        0.0000000000000000        429.59985201824998       -334.43319624364005        0.0000000000000000                1          11          84          90   0.0000000000000000        0.0000000000000000        0.0000000000000000        154781525930.12640        197207376915.66418        0.0000000000000000       5.37491077648110988E-016   122118631159.25607       -31654651694.738625        0.0000000000000000      T
          87           3           1   300.72894941292458       -2268.3942783688772        0.0000000000000000       -592.30753936465499        29.106037209027704        0.0000000000000000                3          11          81          91   0.0000000000000000        0.0000000000000000        0.0000000000000000        14520312544.875597       -262654106421.38531        0.0000000000000000       5.37491077648110988E-016  -241072572261.22113        140989979323.26529        0.0000000000000000      T
          88           7           1   735.91087164315752        1591.0294411772841        0.0000000000000000        378.14034279966978       -388.42775012299018        0.0000000000000000                7           8          85          92   0.0000000000000000        0.0000000000000000        0.0000000000000000        180951167399.53131        173396362471.31635        0.0000000000000000       5.37491077648110988E-016   94327451809.201782       -82789554188.654205        0.0000000000000000      T
          89           9           1  -152.72077606551238       -2062.7763015636096        0.0000000000000000       -444.09863314331005        380.49787391137539      -5.68434188608080149E-014           9           8          83          97   0.0000000000000000        0.0000000000000000        0.0000000000000000       -98341120838.326263       -161656323776.27112        0.0000000000000000       5.37491077648110988E-016  -109372290263.17642        643043454899.57776        0.0000000000000000      T
          90           1           1   978.48982522547396        1191.5694331710499        0.0000000000000000        195.32707033221661       -504.74704356580037      -5.68434188608080149E-014           1          11          86          93   0.0000000000000000        0.0000000000000000        0.0000000000000000        194584965448.97632        77554094446.549942        0.0000000000000000       5.37491077648110988E-016  -26943074362.631752       -176245732502.95343        0.0000000000000000      T
          91           3           1  -220.37096783178396       -2054.5283877002685        0.0000000000000000       -364.56275665795692        406.13651604942345        0.0000000000000000                3          11          87          99   0.0000000000000000        0.0000000000000000        0.0000000000000000       -87681364968.634247       -101466692328.70378        0.0000000000000000       5.37491077648110988E-016  -10348494817.312893        292743569898.74548        0.0000000000000000      T
          92           7           1   993.83256201402355        1125.0524513071439        0.0000000000000000        127.61524870549843       -526.22137738076162        0.0000000000000000                7           8          88          94   0.0000000000000000        0.0000000000000000        0.0000000000000000        196293483585.44647        59023623037.976196        0.0000000000000000       5.37491077648110988E-016  -23982448622.584095       -164652065821.28333        0.0000000000000000      T
          93           1           1   1018.1435272015465        650.58345988418273        0.0000000000000000       -139.83993696975986       -555.94007665478216        0.0000000000000000                1          11          90          98   0.0000000000000000        0.0000000000000000        0.0000000000000000        117571845721.65872       -26392112703.414742        0.0000000000000000       5.37491077648110988E-016   32162116707.241791       -208278870765.62756        0.0000000000000000      T
          94           7           1   989.88530313006891        591.95423674832455        0.0000000000000000       -126.67804316092970       -503.91235364084218       2.84217094304040074E-014           7           8          92         100   0.0000000000000000        0.0000000000000000        0.0000000000000000        119162166186.83304       -20846922866.613934        0.0000000000000000       5.37491077648110988E-016  -153165952613.23688       -112003404283.81023        0.0000000000000000      T
          95           8           1  -1021.1776182957193       -2445.1758105672711        0.0000000000000000       -517.06902134986490        17.892403128374241      -1.42108547152020037E-014           8           8          36          96   0.0000000000000000        0.0000000000000000        0.0000000000000000       -124935897901.54367       -34526324927.729881        0.0000000000000000       5.37491077648110988E-016   871943752078.61719       -1432176668179.0046        0.0000000000000000      T
          96           8           2  -1425.3827500766492       -2206.9837292854208        0.0000000000000000       -160.83948548283539        497.31313317066775      -2.84217094304040074E-014           8           8          95          -1   0.0000000000000000        0.0000000000000000        0.0000000000000000        0.0000000000000000        0.0000000000000000        0.0000000000000000       5.37491077648110988E-016   698402611.36365700        369509112119.58594        0.0000000000000000      T
          97           9           2  -323.04400819248968       -1511.0424690179061        0.0000000000000000        131.63127455736975        606.33928699201613       5.68434188608080149E-014           9           8          89          -1   0.0000000000000000        0.0000000000000000        0.0000000000000000        0.0000000000000000        0.0000000000000000        0.0000000000000000       5.37491077648110988E-016   119504625101.81461        138973320665.99442        0.0000000000000000      T
          98           1           2   706.30269769648964        155.32442096853606        0.0000000000000000       -452.52870504013049       -380.22768642261349        0.0000000000000000                1          11          93          -1   0.0000000000000000        0.0000000000000000        0.0000000000000000        0.0000000000000000        0.0000000000000000        0.0000000000000000       5.37491077648110988E-016   202150108455.78629       -158269400438.15546        0.0000000000000000      T
          99           3           2  -323.04400819248940       -1511.0424690179063        0.0000000000000000        179.23969318023865        618.40332664619086        0.0000000000000000                3          11          91          -1   0.0000000000000000        0.0000000000000000        0.0000000000000000        0.0000000000000000        0.0000000000000000        0.0000000000000000       5.37491077648110988E-016   126854591841.64864        106608026118.72705        0.0000000000000000      T
         100           7           2   706.30269769648964        155.32442096853606        0.0000000000000000       -483.49266901438068       -367.31329907169209       2.84217094304040074E-014           7           8          94          -1   0.0000000000000000        0.0000000000000000        0.0000000000000000        0.0000000000000000        0.0000000000000000        0.0000000000000000       5.37491077648110988E-016  -165906570663.24554        44728467587.749832        0.0000000000000000      T
