           1   2378.6246261874257        2378.6246261874257        2378.6246261874257                0
           1   2961.9591195589951        2961.9591195589951        2961.9591195589951                0
           1   4129.2805094669511        4129.2805094669511        4129.2805094669511                0
           2   2378.6246261874257        3154.3753738125743        2378.6246261874257                0
           2   2961.9591195589951        2571.0408804410049        2961.9591195589951                0
           2   4129.2805094669511        1403.7194905330489        4129.2805094669511                0
           3   3154.3753738125743        3154.3753738125743        2378.6246261874257                0
           3   2571.0408804410049        2571.0408804410049        2961.9591195589951                0
           3   1403.7194905330489        1403.7194905330489        4129.2805094669511                0
           4   3154.3753738125743        2378.6246261874257        2378.6246261874257                0
           4   2571.0408804410049        2961.9591195589951        2961.9591195589951                0
           4   1403.7194905330489        4129.2805094669511        4129.2805094669511                0
           1           1           2  -1425.3827500776383       -2206.9837292861193        0.0000000000000000       -595.52014013772964       -355.71846865159750        0.0000000000000000                1          11          -1           2   0.0000000000000000        0.0000000000000000        0.0000000000000000        0.0000000000000000        0.0000000000000000        0.0000000000000000       5.37491077648110988E-016   116639062847.39372       -92915656563.238983        0.0000000000000000      T
           2           1           1  -1961.0654965269748       -2271.5494515659011        0.0000000000000000       -478.49966412330360        203.15186187806916        0.0000000000000000                1          11           1           3   0.0000000000000000        0.0000000000000000        0.0000000000000000       -69409244844.081467       -121706158701.78000        0.0000000000000000       5.37491077648110988E-016  -196100000352.04639       -40741657755.768433        0.0000000000000000      T
           3           1           1  -2353.5572236791450       -1887.3399332016261        0.0000000000000000       -275.00462417357602        502.04240939280061        0.0000000000000000                1          11           2           4   0.0000000000000000        0.0000000000000000        0.0000000000000000       -192753641379.91611       -93673189579.071701        0.0000000000000000       5.37491077648110988E-016  -161757641268.45831        118850900029.90732        0.0000000000000000      T
           4           1           1  -2497.3351014429209       -1345.7230425797957        0.0000000000000000       -30.290653930232484        566.15772750904489        0.0000000000000000                1          11           3           5   0.0000000000000000        0.0000000000000000        0.0000000000000000       -189418836133.27954       -27469021073.960808        0.0000000000000000       5.37491077648110988E-016   399864472137.01324        97739192440.843719        0.0000000000000000      T
           5           1           1  -2443.6441014044808       -778.56390051096253        0.0000000000000000        125.90660671849703        559.65477864301090        0.0000000000000000                1          11           4          59   0.0000000000000000        0.0000000000000000        0.0000000000000000       -202228282860.62943        28378580000.367722        0.0000000000000000       5.37491077648110988E-016   1089235871487.9478       -189781991235.45636        0.0000000000000000      T
           6           2           2  -323.04400819254818       -1511.0424690182554        0.0000000000000000        675.42124385383420       -437.08778227246444      -2.84217094304040074E-014           2          11          -1           7   0.0000000000000000        0.0000000000000000        0.0000000000000000        0.0000000000000000        0.0000000000000000        0.0000000000000000       5.37491077648110988E-016   10992487562878.262       -406469162381.04279        0.0000000000000000      T
           7           2           1  -277.65780688310650       -1945.0953504562617        0.0000000000000000       -269.52512576406008       -440.01793415325312        0.0000000000000000                2          11           6           8   0.0000000000000000        0.0000000000000000        0.0000000000000000       -364810436353.04993       -278025212394.64343        0.0000000000000000       5.37491077648110988E-016   10230732856616.051       -3507256685632.4756        0.0000000000000000      T
           8           2           1  -592.36089314804076       -2352.6507523512887        0.0000000000000000       -405.27139566407226       -327.66533111362287       5.68434188608080149E-014           2          11           7          60   0.0000000000000000        0.0000000000000000        0.0000000000000000       -553872691347.83557        165764494081.75171        0.0000000000000000       5.37491077648110988E-016   5437234932224.7305       -4427738960621.7930        0.0000000000000000      T
           9           3           2   706.30269769742085        155.32442096946727        0.0000000000000000        720.52200862296672        155.52503631871858      -2.84217094304040074E-014           3          11          -1          10   0.0000000000000000        0.0000000000000000        0.0000000000000000        0.0000000000000000        0.0000000000000000        0.0000000000000000       5.37491077648110988E-016   86538767049.689392        195892007832.59326        0.0000000000000000      T
          10           3           1   1187.5992573290864       -140.43558182791111        0.0000000000000000        267.18361145441918       -551.81728894252433        0.0000000000000000                3          11           9          11   0.0000000000000000        0.0000000000000000        0.0000000000000000        106377495741.91393        35432671242.495636        0.0000000000000000       5.37491077648110988E-016   84115171493.492676       -121372007387.18782        0.0000000000000000      T
          11           3           1   1277.8696388177932       -728.68397518511836        0.0000000000000000       -74.555631079525668       -600.28106901237891        0.0000000000000000                3          11          10          12   0.0000000000000000        0.0000000000000000        0.0000000000000000        145400907423.60406       -18246129024.582775        0.0000000000000000       5.37491077648110988E-016   18727822305.599667       -161367041439.36163        0.0000000000000000      T
          12           3           1   1069.4231842389922       -1297.9954520987217        0.0000000000000000       -323.48930640660046       -519.73804582039259        0.0000000000000000                3          11          11          13   0.0000000000000000        0.0000000000000000        0.0000000000000000        134412264801.68829       -82303459362.928680        0.0000000000000000       5.37491077648110988E-016  -61016801542.762978       -112188289965.48215        0.0000000000000000      T
          13           3           1   644.96672191568894       -1726.6072068692263        0.0000000000000000       -530.19589400038421       -314.53644275837360      -2.13162820728030056E-014           3          11          12          75   0.0000000000000000        0.0000000000000000        0.0000000000000000        78999332481.816376       -118953043979.92075        0.0000000000000000       5.37491077648110988E-016  -117889017482.15216       -33873389158.435059        0.0000000000000000      T
          14           4           2  -1425.3827500776383       -2206.9837292861193        0.0000000000000000        835.70173892064872        503.66863061032586       2.84217094304040074E-014           4           7          -1          15   0.0000000000000000        0.0000000000000000        0.0000000000000000        0.0000000000000000        0.0000000000000000        0.0000000000000000       5.37491077648110988E-016   1856245384470.3186       -2094539130868.9160        0.0000000000000000      T
          15           4           1  -939.72180842731314       -1778.0797343842673        0.0000000000000000        390.38994731434246        413.91641504922563       2.84217094304040074E-014           4           7          14          16   0.0000000000000000        0.0000000000000000        0.0000000000000000       -54253231211.096428        63378657180.728668        0.0000000000000000       5.37491077648110988E-016   1735277700642.3291       -1925135523079.9023        0.0000000000000000      T
          16           4           1  -452.93250752830784       -1349.4915058368483        0.0000000000000000        520.08919946997389        413.14237954058530        0.0000000000000000                4           7          15          17   0.0000000000000000        0.0000000000000000        0.0000000000000000       -70383895228.471985        78052057727.568024        0.0000000000000000       5.37491077648110988E-016   628051368281.87158       -703711859589.13550        0.0000000000000000      T
          17           4           1   38.947651862468518       -923.81017027020380        0.0000000000000000        465.26163567510753        496.32275913062284        0.0000000000000000                4           7          16          18   0.0000000000000000        0.0000000000000000        0.0000000000000000        326818507660.16968       -187545482777.15372        0.0000000000000000       5.37491077648110988E-016   2256656622071.7832       -1492684916497.4534        0.0000000000000000      T
          18           4           1   388.99769807626893       -384.09376482708296        0.0000000000000000        144.65487464332620        497.75980696621929       4.26325641456060112E-014           4           7          17          62   0.0000000000000000        0.0000000000000000        0.0000000000000000        185143221130.87256       -119330563261.94847        0.0000000000000000       5.37491077648110988E-016   6226479848219.0547       -3682145137613.5947        0.0000000000000000      T
          19           5           2  -323.04400819254818       -1511.0424690182554        0.0000000000000000       -137.29945414341188       -1010.4956651443160      -5.68434188608080149E-014           5           7          -1          20   0.0000000000000000        0.0000000000000000        0.0000000000000000        0.0000000000000000        0.0000000000000000        0.0000000000000000       5.37491077648110988E-016   7355466785953.4150       -8179065249815.2949        0.0000000000000000      T
          20           5           1  -525.84636580576728       -1748.5291048235383        0.0000000000000000       -295.77484969809001        82.683364253094510        0.0000000000000000                5           7          19          21   0.0000000000000000        0.0000000000000000        0.0000000000000000        44261014770.106476       -21209398114.844856        0.0000000000000000       5.37491077648110988E-016   7510188051727.2188       -8036291535784.5996        0.0000000000000000      T
          21           5           1  -864.08194878020163       -1822.0637819672261        0.0000000000000000       -302.71496882718856       -253.30173071497418       5.68434188608080149E-014           5           7          20          22   0.0000000000000000        0.0000000000000000        0.0000000000000000       -382325872852.79089        433064733999.17944        0.0000000000000000       5.37491077648110988E-016   7209996980190.2422       -8303553701651.4092        0.0000000000000000      T
          22           5           1  -1118.0022053704540       -2086.0425885333284        0.0000000000000000       -269.83279368721622       -82.016892522567957       5.68434188608080149E-014           5           7          21          23   0.0000000000000000        0.0000000000000000        0.0000000000000000       -113872683796.64070        191076786874.79913        0.0000000000000000       5.37491077648110988E-016  -3453352153503.4033        4597627275782.5361        0.0000000000000000      T
          23           5           2  -1425.3827500766492       -2206.9837292854208        0.0000000000000000       -301.85626031328945       -573.39054114933833       5.68434188608080149E-014           5           7          22          -1   0.0000000000000000        0.0000000000000000        0.0000000000000000        0.0000000000000000        0.0000000000000000        0.0000000000000000       5.37491077648110988E-016   3475800054729.8330       -7798787844838.4688        0.0000000000000000      T
          24           6           2   706.30269769742085        155.32442096946727        0.0000000000000000       -351.14199756270403       -963.57783754972354        0.0000000000000000                6           7          -1          25   0.0000000000000000        0.0000000000000000        0.0000000000000000        0.0000000000000000        0.0000000000000000        0.0000000000000000       5.37491077648110988E-016   9658199744939.2520       -5264900539122.7842        0.0000000000000000      T
          25           6           1   433.50467458554544       -249.09665821082930        0.0000000000000000       -237.85259179211485       -253.78322661187195       5.68434188608080149E-014           6           7          24          26   0.0000000000000000        0.0000000000000000        0.0000000000000000       -267734956213.02417        39273306595.857780        0.0000000000000000       5.37491077648110988E-016   9487387104142.4570       -5566597948514.7637        0.0000000000000000      T
          26           6           1   189.84880566546593       -675.89725618591604        0.0000000000000000       -246.80931136470136       -514.95428746893890        0.0000000000000000                6           7          25          27   0.0000000000000000        0.0000000000000000        0.0000000000000000        781200837.79031754        1391590474.0157719        0.0000000000000000       5.37491077648110988E-016   9318101817174.9102       -5845730553094.9453        0.0000000000000000      T
          27           6           1  -53.808983182533950       -1106.2621083626691        0.0000000000000000       -236.85113605331779       -257.89597396789219        0.0000000000000000                6           7          26          28   0.0000000000000000        0.0000000000000000        0.0000000000000000        270449986641.59796       -36023967779.627548        0.0000000000000000       5.37491077648110988E-016   9513523936051.2813       -5521808867107.3779        0.0000000000000000      T
          28           6           2  -323.04400819248940       -1511.0424690179063        0.0000000000000000       -344.46458599589334       -958.89745515546281        0.0000000000000000                6           7          27          -1   0.0000000000000000        0.0000000000000000        0.0000000000000000        0.0000000000000000        0.0000000000000000        0.0000000000000000       5.37491077648110988E-016   9683442200315.2461       -5218328003599.7959        0.0000000000000000      T
          29           7           2  -1425.3827500776383       -2206.9837292861193        0.0000000000000000       -589.11978091150127       -401.95199737620067      -2.84217094304040074E-014           7           8          -1          30   0.0000000000000000        0.0000000000000000        0.0000000000000000        0.0000000000000000        0.0000000000000000        0.0000000000000000       5.37491077648110988E-016  -27021390753.123848       -183067677593.10162        0.0000000000000000      T
          30           7           1  -1943.9272743229976       -2321.9870322849274        0.0000000000000000       -478.56156759109950        156.27692893574056       4.26325641456060112E-014           7           8          29          31   0.0000000000000000        0.0000000000000000        0.0000000000000000       -66568488471.562088       -123613366894.04782        0.0000000000000000       5.37491077648110988E-016  -426478211635.15179       -220500424883.23032        0.0000000000000000      T
          31           7           1  -2366.2094563689302       -1974.5988260651259        0.0000000000000000       -319.11406759797757        473.99899129621872        0.0000000000000000                7           8          30          32   0.0000000000000000        0.0000000000000000        0.0000000000000000       -236382441151.76114       -104585735036.74055        0.0000000000000000       5.37491077648110988E-016  -910118743177.45593       -155411348177.06381        0.0000000000000000      T
          32           7           1  -2556.7535923339910       -1454.5150076381690        0.0000000000000000       -83.461116049968439        550.14317981965769      -5.68434188608080149E-014           7           8          31          33   0.0000000000000000        0.0000000000000000        0.0000000000000000       -338998511626.96082       -15423869187.519447        0.0000000000000000       5.37491077648110988E-016  -2148201290468.4312       -20192780253.367046        0.0000000000000000      T
          33           7           1  -2563.2140741550616       -900.35023233324023        0.0000000000000000        61.944678439457306        548.17407062080724        0.0000000000000000                7           8          32          63   0.0000000000000000        0.0000000000000000        0.0000000000000000       -303764409343.30957        74389982962.840790        0.0000000000000000       5.37491077648110988E-016  -3372988112288.5195        545975007498.47424        0.0000000000000000      T
          34           8           2  -323.04400819254818       -1511.0424690182554        0.0000000000000000        655.43509821325654       -596.55799768451573        0.0000000000000000                8           8          -1          35   0.0000000000000000        0.0000000000000000        0.0000000000000000        0.0000000000000000        0.0000000000000000        0.0000000000000000       5.37491077648110988E-016   10942920207318.041       -1119150274212.7617        0.0000000000000000      T
          35           8           1  -293.73143870757406       -1965.5019677068613        0.0000000000000000       -279.93691403327250       -411.34392734627784        0.0000000000000000                8           8          34          36   0.0000000000000000        0.0000000000000000        0.0000000000000000       -294653479888.99402       -260252679236.58051        0.0000000000000000       5.37491077648110988E-016   10254646469805.844       -3940141322447.2402        0.0000000000000000      T
          36           8           1  -614.34510469818588       -2373.5526834062512        0.0000000000000000       -409.59073159707987       -345.59693609436056        0.0000000000000000                8           8          35          37   0.0000000000000000        0.0000000000000000        0.0000000000000000       -544669501311.54688        188997140801.68457        0.0000000000000000       5.37491077648110988E-016   5466870353637.6543       -4609334482024.0410        0.0000000000000000      T
          37           8           1  -1089.1566633997772       -2553.8233977801569        0.0000000000000000       -467.97583365501771        28.767381503833718       4.26325641456060112E-014           8           8          36          38   0.0000000000000000        0.0000000000000000        0.0000000000000000        19924782476.952251       -63879898851.829788        0.0000000000000000       5.37491077648110988E-016  -308459511952.16730        568042498691.58594        0.0000000000000000      T
          38           8           2  -1425.3827500766492       -2206.9837292854208        0.0000000000000000       -151.61886991823877        730.23427244151662      -5.68434188608080149E-014           8           8          37          -1   0.0000000000000000        0.0000000000000000        0.0000000000000000        0.0000000000000000        0.0000000000000000        0.0000000000000000       5.37491077648110988E-016   91000263284.954788        58532421014.800484        0.0000000000000000      T
          39           9           2   706.30269769742017        155.32442096946733        0.0000000000000000        787.49508302510617        141.56899925642318       2.84217094304040074E-014           9           8          -1          40   0.0000000000000000        0.0000000000000000        0.0000000000000000        0.0000000000000000        0.0000000000000000        0.0000000000000000       5.37491077648110988E-016   26054557319.843342        189512858683.19647        0.0000000000000000      T
          40           9           1   1168.3150236519334       -120.55997524414431        0.0000000000000000        221.72170952839994       -522.90715029241085        0.0000000000000000                9           8          39          41   0.0000000000000000        0.0000000000000000        0.0000000000000000        93483245024.410004        29698201596.983871        0.0000000000000000       5.37491077648110988E-016   40311745496.664047       -67637636040.375961        0.0000000000000000      T
          41           9           1   1238.7822035297795       -687.20628209905794        0.0000000000000000       -76.943403641627199       -577.53250729235469        0.0000000000000000                9           8          40          42   0.0000000000000000        0.0000000000000000        0.0000000000000000        124731314238.05748       -15262728176.270102        0.0000000000000000       5.37491077648110988E-016  -17966960013.485424       -77489420268.083618        0.0000000000000000      T
          42           9           1   1037.0878731436869       -1229.3780307352959        0.0000000000000000       -307.62954648662998       -493.41698701162471        0.0000000000000000                9           8          41          43   0.0000000000000000        0.0000000000000000        0.0000000000000000        118818532580.50620       -72710949076.181580        0.0000000000000000       5.37491077648110988E-016  -58542630302.169510       -35263748626.775879        0.0000000000000000      T
          43           9           1   636.94118808129770       -1644.3977247057878        0.0000000000000000       -498.06145675729908       -320.37387248133678       7.10542735760100186E-015           9           8          42          79   0.0000000000000000        0.0000000000000000        0.0000000000000000        77266813905.205902       -111510165149.63847        0.0000000000000000       5.37491077648110988E-016  -83145707864.060440        7429647209.0432434        0.0000000000000000      T
          44          10           2  -1425.3827500776383       -2206.9837292861193        0.0000000000000000        1522.7523768818003        571.46231138254666        0.0000000000000000               10          10          -1          45   0.0000000000000000        0.0000000000000000        0.0000000000000000        0.0000000000000000        0.0000000000000000        0.0000000000000000       5.37491077648110988E-016   6763621711896.5439       -7509177663533.8164        0.0000000000000000      T
          45          10           1  -955.66783100727548       -1813.7705121111287        0.0000000000000000        180.39704899253019        375.53610477548614       3.55271367880050093E-015          10          10          44          46   0.0000000000000000        0.0000000000000000        0.0000000000000000       -109463399230.46710        179633777823.24722        0.0000000000000000       5.37491077648110988E-016   7983669670550.6553       -7505505021900.0391        0.0000000000000000      T
          46          10           1  -489.89208771043315       -1367.6687404104541        0.0000000000000000        562.13141424969353        444.33823614250446      -1.42108547152020037E-014          10          10          45          47   0.0000000000000000        0.0000000000000000        0.0000000000000000       -133671389636.23602        118226309885.94293        0.0000000000000000       5.37491077648110988E-016   6271290826362.9395       -5906979638749.9961        0.0000000000000000      T
          47          10           1  -9.9017026423981065       -926.49622736008291        0.0000000000000000        408.37567910332791        508.93380490763303        0.0000000000000000               10          10          46          48   0.0000000000000000        0.0000000000000000        0.0000000000000000       -35563342624.712524        167716382550.89032        0.0000000000000000       5.37491077648110988E-016   4554524725869.8750       -3805688771168.5127        0.0000000000000000      T
          48          10           1   337.74206174963388       -378.16903676964171        0.0000000000000000        287.26831771719651        488.42565514940065        0.0000000000000000               10          10          47          64   0.0000000000000000        0.0000000000000000        0.0000000000000000       -185920713714.28735        134109154863.64043        0.0000000000000000       5.37491077648110988E-016   2061890405905.5933       -1433273681383.2622        0.0000000000000000      T
          49          11           2  -323.04400819254818       -1511.0424690182554        0.0000000000000000       -903.64054942371740        209.73052363752674      -1.42108547152020037E-014          11          10          -1          50   0.0000000000000000        0.0000000000000000        0.0000000000000000        0.0000000000000000        0.0000000000000000        0.0000000000000000       5.37491077648110988E-016  -6860090429875.9023        8598788245673.0518        0.0000000000000000      T
          50          11           1  -602.39777598586068       -1636.4048728652701        0.0000000000000000       -31.637417681136341       -329.85270141499592        0.0000000000000000               11          10          49          51   0.0000000000000000        0.0000000000000000        0.0000000000000000        88245911746.697937       -356620469695.58215        0.0000000000000000       5.37491077648110988E-016  -7578399736488.4043        7963463346364.1953        0.0000000000000000      T
          51          11           1  -776.38458801038701       -1949.3975922937293        0.0000000000000000       -329.83151930525429       -205.38508780396509      -7.10542735760100186E-015          11          10          50          52   0.0000000000000000        0.0000000000000000        0.0000000000000000        1079139081696.9655       -1176917802457.5549        0.0000000000000000       5.37491077648110988E-016  -7612520756179.0859        5351169844204.2695        0.0000000000000000      T
          52          11           1  -1123.5599639252996       -2086.7221966421648        0.0000000000000000       -212.52306891616297       -199.55891869982767      -2.84217094304040074E-014          11          10          51          53   0.0000000000000000        0.0000000000000000        0.0000000000000000        22715021837.457916        15408690558.912361        0.0000000000000000       5.37491077648110988E-016   3128009411502.3701       -6677258206607.8945        0.0000000000000000      T
          53          11           2  -1425.3827500766492       -2206.9837292854208        0.0000000000000000       -767.07069122887992        230.86235162820117        0.0000000000000000               11          10          52          -1   0.0000000000000000        0.0000000000000000        0.0000000000000000        0.0000000000000000        0.0000000000000000        0.0000000000000000       5.37491077648110988E-016  -4250826108906.1348        7330134195898.2578        0.0000000000000000      T
          54          12           2   706.30269769742063        155.32442096946738        0.0000000000000000       -331.85004347678324       -980.57325707572932       5.68434188608080149E-014          12          10          -1          55   0.0000000000000000        0.0000000000000000        0.0000000000000000        0.0000000000000000        0.0000000000000000        0.0000000000000000       5.37491077648110988E-016   9644219166538.4199       -5290466583182.7139        0.0000000000000000      T
          55          12           1   433.60218805671974       -247.10442544970832        0.0000000000000000       -242.97819869115679       -248.78042118375129        0.0000000000000000               12          10          54          56   0.0000000000000000        0.0000000000000000        0.0000000000000000       -263189683408.74438        47044692669.796814        0.0000000000000000       5.37491077648110988E-016   9451204546983.2461       -5627754902598.5107        0.0000000000000000      T
          56          12           1   190.50388961635923       -676.53641236928740        0.0000000000000000       -243.63358600177330       -519.88755820552910      -5.68434188608080149E-014          12          10          55          57   0.0000000000000000        0.0000000000000000        0.0000000000000000       -18406456337.628700        9384035743.6879807        0.0000000000000000       5.37491077648110988E-016   9330876067043.2148       -5825336888530.7168        0.0000000000000000      T
          57          12           1  -50.223047047846308       -1108.6115529056574        0.0000000000000000       -233.96316261544732       -256.19072836197921        0.0000000000000000               12          10          56          58   0.0000000000000000        0.0000000000000000        0.0000000000000000        269288040054.04169       -40298513487.519157        0.0000000000000000       5.37491077648110988E-016   9482796832695.6250       -5574399999609.5000        0.0000000000000000      T
          58          12           2  -323.04400819248940       -1511.0424690179063        0.0000000000000000       -361.15745696298382       -958.86769829241166        0.0000000000000000               12          10          57          -1   0.0000000000000000        0.0000000000000000        0.0000000000000000        0.0000000000000000        0.0000000000000000        0.0000000000000000       5.37491077648110988E-016   9659009897269.1719       -5263414082556.6992        0.0000000000000000      T
          59           1           1  -2260.3356124344937       -238.39801870798303        0.0000000000000000        237.66269408152732        517.19822953434914      -2.84217094304040074E-014           1          11           5          66   0.0000000000000000        0.0000000000000000        0.0000000000000000       -264696324198.15451        112868255512.41670        0.0000000000000000       5.37491077648110988E-016   1019873325140.5811       -344124417022.60529        0.0000000000000000      T
          60           2           1  -1065.4241287358168       -2526.6373916317079        0.0000000000000000       -472.68825713778085        6.0531350814079588      -7.10542735760100186E-015           2          11           8          61   0.0000000000000000        0.0000000000000000        0.0000000000000000        20995909559.250099       -91149577879.570694        0.0000000000000000       5.37491077648110988E-016  -342605280259.37488        564998725313.49805        0.0000000000000000      T
          61           2           2  -1425.3827500766492       -2206.9837292854208        0.0000000000000000       -203.04114657062939        740.45385998559459        0.0000000000000000                2          11          60          -1   0.0000000000000000        0.0000000000000000        0.0000000000000000        0.0000000000000000        0.0000000000000000        0.0000000000000000       5.37491077648110988E-016   120219749969.88918        115234439461.91319        0.0000000000000000      T
          62           4           2   706.30269769648964        155.32442096853606        0.0000000000000000        958.18400325365110        750.04178672072021       1.13686837721616030E-013           4           7          18          -1   0.0000000000000000        0.0000000000000000        0.0000000000000000        0.0000000000000000        0.0000000000000000        0.0000000000000000       5.37491077648110988E-016   6204287427525.1025       -3837311593647.0840        0.0000000000000000      T
          63           7           1  -2445.0447900134905       -366.21176169916885        0.0000000000000000        170.80880925364093        522.07027551411352        0.0000000000000000                7           8          33          65   0.0000000000000000        0.0000000000000000        0.0000000000000000       -142733264324.09048        77979112998.849869        0.0000000000000000       5.37491077648110988E-016  -2851473084155.2329        934666353290.67249        0.0000000000000000      T
          64          10           2   706.30269769648964        155.32442096853606        0.0000000000000000        591.16425104455004        782.82551948062087        0.0000000000000000               10          10          48          -1   0.0000000000000000        0.0000000000000000        0.0000000000000000        0.0000000000000000        0.0000000000000000        0.0000000000000000       5.37491077648110988E-016   61964289340.008591       -61518316440.975243        0.0000000000000000      T
          65           7           1  -2225.6854359117497        138.36783124958731        0.0000000000000000        267.40599927591461        479.69901807122181       2.84217094304040074E-014           7           8          63          67   0.0000000000000000        0.0000000000000000        0.0000000000000000       -113447842237.48798        73482374071.526581        0.0000000000000000       5.37491077648110988E-016  -218042652656.14587       -5559347832.1760254        0.0000000000000000      T
          66           1           1  -1974.6082564307274        250.25287187230461        0.0000000000000000        330.55015187665413        458.00262036939239       2.84217094304040074E-014           1          11          59          68   0.0000000000000000        0.0000000000000000        0.0000000000000000       -269555962584.29031        194457944486.83194        0.0000000000000000       5.37491077648110988E-016   159293667712.38391        92977094173.551010        0.0000000000000000      T
          67           7           1  -1914.4716573431465        585.49038386401571        0.0000000000000000        351.28659165373114        414.24008889055472        0.0000000000000000                7           8          65          69   0.0000000000000000        0.0000000000000000        0.0000000000000000       -195702882762.20068        157447904051.29132        0.0000000000000000       5.37491077648110988E-016   1224881772547.7568       -871311946021.68396        0.0000000000000000      T
          68           1           1  -1605.2378944990801        673.52961858467938        0.0000000000000000        405.42985221809727        386.57420086606817      -2.84217094304040074E-014           1          11          66          70   0.0000000000000000        0.0000000000000000        0.0000000000000000       -185502173290.09982        199810655824.16711        0.0000000000000000       5.37491077648110988E-016  -342790605313.39160        542955272189.04993        0.0000000000000000      T
          69           7           1  -1523.5868413505214        964.65497026171488        0.0000000000000000        433.74341779284669        342.20204340294191        0.0000000000000000                7           8          67          71   0.0000000000000000        0.0000000000000000        0.0000000000000000       -208878323795.86130        247921024989.03961        0.0000000000000000       5.37491077648110988E-016   794490473115.84119       -636597250250.12573        0.0000000000000000      T
          70           1           1  -1163.5647432126382        1012.5743714789085        0.0000000000000000        480.86097890522535        282.66507498614686      -2.84217094304040074E-014           1          11          68          72   0.0000000000000000        0.0000000000000000        0.0000000000000000       -112689891719.09338        209272198540.65192        0.0000000000000000       5.37491077648110988E-016  -81684575967.421082        305735251644.94275        0.0000000000000000      T
          71           7           1  -1050.8662357843029        1253.5968106514176        0.0000000000000000        504.55600185141418        221.27101785988168      -2.13162820728030056E-014           7           8          69          73   0.0000000000000000        0.0000000000000000        0.0000000000000000       -127790042001.92450        269809000465.17676        0.0000000000000000       5.37491077648110988E-016   302662528558.76453       -161691152570.99744        0.0000000000000000      T
          72           1           1  -648.66703493315958        1228.7028023963749        0.0000000000000000        540.83881085876283        148.28505062443099      -6.03961325396085158E-014           1          11          70          74   0.0000000000000000        0.0000000000000000        0.0000000000000000       -68699112727.522919        254721980842.42438        0.0000000000000000       5.37491077648110988E-016   219221893249.85760       -119630660863.48199        0.0000000000000000      T
          73           7           1  -527.46518561523055        1396.7675109317124        0.0000000000000000        536.39754200736922        69.051507167523994      -4.61852778244065121E-014           7           8          71          76   0.0000000000000000        0.0000000000000000        0.0000000000000000       -35129973951.634987        264372892398.37811        0.0000000000000000       5.37491077648110988E-016   151284994768.60547       -71155721712.222107        0.0000000000000000      T
          74           1           1  -93.069445355442383        1300.0258310266886        0.0000000000000000        567.26967123131112       -13.450898840531440       1.42108547152020037E-014           1          11          72          77   0.0000000000000000        0.0000000000000000        0.0000000000000000        13030462146.552444        250561266192.83746        0.0000000000000000       5.37491077648110988E-016   229922896159.50470       -115031736466.76202        0.0000000000000000      T
          75           3           1   73.601122315337477       -1900.4095377672384        0.0000000000000000       -543.19330336282565       -29.358440151664524        0.0000000000000000                3          11          13          83   0.0000000000000000        0.0000000000000000        0.0000000000000000        9283187876.0977955       -102146277214.44897        0.0000000000000000       5.37491077648110988E-016  -80617874195.429504        76412009242.156799        0.0000000000000000      T
          76           7           1   13.246463253239881        1385.4999379296478        0.0000000000000000        542.19192723173751       -101.76766469528651      -2.84217094304040074E-014           7           8          73          78   0.0000000000000000        0.0000000000000000        0.0000000000000000        41569803440.830933        241628903097.00525        0.0000000000000000       5.37491077648110988E-016   105988623328.20699       -154537783305.82162        0.0000000000000000      T
          77           1           1   442.87095554851822        1147.9139825044656        0.0000000000000000        464.69647566102736       -336.84791493803232        0.0000000000000000                1          11          74          80   0.0000000000000000        0.0000000000000000        0.0000000000000000        82976558842.295044        197218895803.99384        0.0000000000000000       5.37491077648110988E-016   61368514056.942276       -158622816513.22290        0.0000000000000000      T
          78           7           1   510.27348137631998        1152.3724900322140        0.0000000000000000        408.05075004033296       -395.16591108487381        0.0000000000000000                7           8          76          81   0.0000000000000000        0.0000000000000000        0.0000000000000000        125990006389.86023        166571342819.93707        0.0000000000000000       5.37491077648110988E-016   37898786937.421249       -204893517643.24594        0.0000000000000000      T
          79           9           1   98.739441409473557       -1849.8100241613013        0.0000000000000000       -515.16992168681486       -86.383503341045241      -5.68434188608080149E-014           9           8          43          85   0.0000000000000000        0.0000000000000000        0.0000000000000000        16373320574.857887       -102412063942.69711        0.0000000000000000       5.37491077648110988E-016  -55546029043.188530        83380952742.676025        0.0000000000000000      T
          80           1           1   783.05628273862146        707.58317129680006        0.0000000000000000        202.32161040677124       -416.48542059700384        0.0000000000000000                1          11          77          82   0.0000000000000000        0.0000000000000000        0.0000000000000000       -27548364354.097839        53824590475.762695        0.0000000000000000       5.37491077648110988E-016  -1429939387962.1509       -331936782454.79846        0.0000000000000000      T
          81           7           1   784.56605454770738        680.62246121975033        0.0000000000000000        139.56384649033407       -432.20112109491077        0.0000000000000000                7           8          78          84   0.0000000000000000        0.0000000000000000        0.0000000000000000        103198023278.80621        27493004622.461212        0.0000000000000000       5.37491077648110988E-016  -161559366623.34540       -69481272971.342560        0.0000000000000000      T
          82           1           2   706.30269769648964        155.32442096853606        0.0000000000000000       -483.68769084419807       -974.97908728174184        0.0000000000000000                1          11          80          -1   0.0000000000000000        0.0000000000000000        0.0000000000000000        0.0000000000000000        0.0000000000000000        0.0000000000000000       5.37491077648110988E-016  -2139206761726.6316        257196065943.98224        0.0000000000000000      T
          83           3           2  -323.04400819248940       -1511.0424690179063        0.0000000000000000       -201.06308287285003        1078.6644169189908        0.0000000000000000                3          11          75          -1   0.0000000000000000        0.0000000000000000        0.0000000000000000        0.0000000000000000        0.0000000000000000        0.0000000000000000       5.37491077648110988E-016   169532287370.31265        226182987211.99948        0.0000000000000000      T
          84           7           2   706.30269769648964        155.32442096853606        0.0000000000000000       -378.21848704116013       -867.17381172651721        0.0000000000000000                7           8          81          -1   0.0000000000000000        0.0000000000000000        0.0000000000000000        0.0000000000000000        0.0000000000000000        0.0000000000000000       5.37491077648110988E-016  -153866690402.22626        86637594883.361252        0.0000000000000000      T
          85           9           2  -323.04400819248968       -1511.0424690179061        0.0000000000000000       -321.21444531680277        1065.9736529091629      -5.68434188608080149E-014           9           8          79          -1   0.0000000000000000        0.0000000000000000        0.0000000000000000        0.0000000000000000        0.0000000000000000        0.0000000000000000       5.37491077648110988E-016   194655921884.84933        228970577975.63480        0.0000000000000000      T
