           1   2378.6246261874257        2378.6246261874257        2378.6246261874257                0
           1   2961.9591195589951        2961.9591195589951        2961.9591195589951                0
           1   4129.2805094669511        4129.2805094669511        4129.2805094669511                0
           2   2378.6246261874257        3154.3753738125743        2378.6246261874257                0
           2   2961.9591195589951        2571.0408804410049        2961.9591195589951                0
           2   4129.2805094669511        1403.7194905330489        4129.2805094669511                0
           3   3154.3753738125743        3154.3753738125743        2378.6246261874257                0
           3   2571.0408804410049        2571.0408804410049        2961.9591195589951                0
           3   1403.7194905330489        1403.7194905330489        4129.2805094669511                0
           4   3154.3753738125743        2378.6246261874257        2378.6246261874257                0
           4   2571.0408804410049        2961.9591195589951        2961.9591195589951                0
           4   1403.7194905330489        4129.2805094669511        4129.2805094669511                0
           1           1           2  -1425.3827500776383       -2206.9837292861193        0.0000000000000000       -777.88163838623382        463.05080708058790       2.84217094304040074E-014           1          11          -1           2   0.0000000000000000        0.0000000000000000        0.0000000000000000        0.0000000000000000        0.0000000000000000        0.0000000000000000       5.37491077648110988E-016  -220680142553.43207       -334224887059.36438        0.0000000000000000      T
           2           1           1  -1739.6764888161224       -1763.7836670619138        0.0000000000000000       -53.582045769675418        494.29145707622990      -2.84217094304040074E-014           1          11           1           3   0.0000000000000000        0.0000000000000000        0.0000000000000000       -78707265256.315674        3001626874.9719601        0.0000000000000000       5.37491077648110988E-016  -213463215419.12469       -58130524389.892181        0.0000000000000000      T
           3           1           1  -1722.0261254698798       -1202.9652536470890        0.0000000000000000        102.27969528821092        571.83879153158375        0.0000000000000000                1          11           2           4   0.0000000000000000        0.0000000000000000        0.0000000000000000       -117719936592.83234        25108324658.896126        0.0000000000000000       5.37491077648110988E-016   147978385058.88556       -7180412137.1505508        0.0000000000000000      T
           4           1           1  -1536.4587852049788       -670.03986964424178        0.0000000000000000        254.11637545026477        499.58476905045086        0.0000000000000000                1          11           3           5   0.0000000000000000        0.0000000000000000        0.0000000000000000       -139536535228.88947        68487161218.858932        0.0000000000000000       5.37491077648110988E-016   340469189565.63324       -91016114722.735306        0.0000000000000000      T
           5           1           1  -1226.8181586406201       -203.75129177885196        0.0000000000000000        366.87870339850849        427.46401787132288      -2.84217094304040074E-014           1          11           4          59   0.0000000000000000        0.0000000000000000        0.0000000000000000       -135010718626.00839        115726912702.39804        0.0000000000000000       5.37491077648110988E-016   295561698361.55872       -64899556919.679741        0.0000000000000000      T
           6           2           2  -323.04400819254818       -1511.0424690182554        0.0000000000000000        296.05411046614103       -745.97337665589293        0.0000000000000000                2          11          -1           7   0.0000000000000000        0.0000000000000000        0.0000000000000000        0.0000000000000000        0.0000000000000000        0.0000000000000000       5.37491077648110988E-016   10438800396576.334       -3468637525086.4419        0.0000000000000000      T
           7           2           1  -416.04071400192151       -1862.2821620679370        0.0000000000000000       -273.99814840765112       -224.72509017906120        0.0000000000000000                2          11           6           8   0.0000000000000000        0.0000000000000000        0.0000000000000000       -413239364263.30286       -92794473488.077240        0.0000000000000000       5.37491077648110988E-016   9835594240122.1680       -4895695088242.9336        0.0000000000000000      T
           8           2           1  -696.70943498888801       -2150.5850828445778        0.0000000000000000       -321.05779722455742       -273.75410410683082        0.0000000000000000                2          11           7          60   0.0000000000000000        0.0000000000000000        0.0000000000000000       -562329460612.66907        186941269831.94189        0.0000000000000000       5.37491077648110988E-016   6956444947565.6484       -6627933074341.5430        0.0000000000000000      T
           9           3           2   706.30269769742085        155.32442096946727        0.0000000000000000        301.94159010103505       -344.86740688878979        0.0000000000000000                3          11          -1          10   0.0000000000000000        0.0000000000000000        0.0000000000000000        0.0000000000000000        0.0000000000000000        0.0000000000000000       5.37491077648110988E-016  -1083119702866.1492        119617897997.37515        0.0000000000000000      T
          10           3           1   887.74480169001140       -453.42259635619553        0.0000000000000000        18.161724938966529       -693.15515881276997        0.0000000000000000                3          11           9          11   0.0000000000000000        0.0000000000000000        0.0000000000000000       -2007731180.9851754        56125743946.373260        0.0000000000000000       5.37491077648110988E-016  -1816499733474.8735        406228423949.17316        0.0000000000000000      T
          11           3           1   713.02744498986681       -1063.3605132072737        0.0000000000000000       -354.41424797956432       -538.56676039035233       5.68434188608080149E-014           3          11          10          12   0.0000000000000000        0.0000000000000000        0.0000000000000000        85515440757.359375        46345957477.413132        0.0000000000000000       5.37491077648110988E-016  -2609339364232.1855        1639076015229.6904        0.0000000000000000      T
          12           3           1   264.52570813523278       -1519.2766212964812        0.0000000000000000       -470.16201368504545       -350.13987444667777        0.0000000000000000                3          11          11          13   0.0000000000000000        0.0000000000000000        0.0000000000000000        116623153186.53693       -15645998015.811592        0.0000000000000000       5.37491077648110988E-016  -1831508189252.2100        2646230402380.8965        0.0000000000000000      T
          13           3           2  -323.04400819248940       -1511.0424690179063        0.0000000000000000       -873.15205682732153        596.08039074516466       5.68434188608080149E-014           3          11          12          -1   0.0000000000000000        0.0000000000000000        0.0000000000000000        0.0000000000000000        0.0000000000000000        0.0000000000000000       5.37491077648110988E-016  -629392020570.49878        1899407555415.6047        0.0000000000000000      T
          14           4           2  -1425.3827500776383       -2206.9837292861193        0.0000000000000000        519.48478476629043        843.00239578268770      -5.68434188608080149E-014           4           7          -1          15   0.0000000000000000        0.0000000000000000        0.0000000000000000        0.0000000000000000        0.0000000000000000        0.0000000000000000       5.37491077648110988E-016  -3307146834067.7104        3913406735038.1621        0.0000000000000000      T
          15           4           1  -939.96978452331905       -1794.9376126361119        0.0000000000000000        477.02249152136767        302.31461073022916       5.68434188608080149E-014           4           7          14          16   0.0000000000000000        0.0000000000000000        0.0000000000000000        69095170315.341034       -77160916013.271301        0.0000000000000000       5.37491077648110988E-016  -3185423871171.2949        3855471073390.8066        0.0000000000000000      T
          16           4           1  -451.32420147070258       -1376.5023476652445        0.0000000000000000        494.60089496904527        439.18330615902011       5.68434188608080149E-014           4           7          15          17   0.0000000000000000        0.0000000000000000        0.0000000000000000        140387820014.37888       -167787052930.35028        0.0000000000000000       5.37491077648110988E-016  -1633703855469.9692        1938996630880.5967        0.0000000000000000      T
          17           4           1   17.352875999805178       -938.72442404861852        0.0000000000000000        416.54191017182410        509.59173039617116       2.84217094304040074E-014           4           7          16          18   0.0000000000000000        0.0000000000000000        0.0000000000000000        81402415566.743713       -31474331952.962105        0.0000000000000000       5.37491077648110988E-016   1150918693777.8997       -974950214171.70447        0.0000000000000000      T
          18           4           1   364.05155476428160       -394.67013542309712        0.0000000000000000        285.35873304861138        467.94640898273764      -2.84217094304040074E-014           4           7          17          62   0.0000000000000000        0.0000000000000000        0.0000000000000000       -71887425058.834091        55279738007.230255        0.0000000000000000       5.37491077648110988E-016   1301105665470.3345       -871815377050.63208        0.0000000000000000      T
          19           5           2  -323.04400819254818       -1511.0424690182554        0.0000000000000000       -804.15982580822811       -36.487261172930083      -2.13162820728030056E-014           5           7          -1          20   0.0000000000000000        0.0000000000000000        0.0000000000000000        0.0000000000000000        0.0000000000000000        0.0000000000000000       5.37491077648110988E-016  -7714253742422.1357        7841574408084.5186        0.0000000000000000      T
          20           5           1  -579.93464172315305       -1750.3162472335725        0.0000000000000000       -119.33245067828069       -303.42396485320330       4.61852778244065121E-014           5           7          19          21   0.0000000000000000        0.0000000000000000        0.0000000000000000        685021403858.90173       -707180009656.14575        0.0000000000000000       5.37491077648110988E-016  -8016785998421.6289        7531204989223.9375        0.0000000000000000      T
          21           5           1  -885.07076604556039       -1971.3229054946710        0.0000000000000000       -404.59064503768553       -130.65818884350270        0.0000000000000000                5           7          20          22   0.0000000000000000        0.0000000000000000        0.0000000000000000       -21837373100.967789       -38486252861.121719        0.0000000000000000       5.37491077648110988E-016   6405437239517.1895       -7376444658046.2539        0.0000000000000000      T
          22           5           1  -1191.4168409227896       -2135.7175574655676        0.0000000000000000       -96.751566769885969       -330.14721046877099      -5.68434188608080149E-014           5           7          21          23   0.0000000000000000        0.0000000000000000        0.0000000000000000       -525394624391.90869        733636623841.75830        0.0000000000000000       5.37491077648110988E-016  -6459361845298.9131        8902466863570.3984        0.0000000000000000      T
          23           5           2  -1425.3827500766492       -2206.9837292854208        0.0000000000000000       -829.33903997603750        744.26455934633645        0.0000000000000000                5           7          22          -1   0.0000000000000000        0.0000000000000000        0.0000000000000000        0.0000000000000000        0.0000000000000000        0.0000000000000000       5.37491077648110988E-016  -6182746479658.6211        9098002306455.4648        0.0000000000000000      T
          24           6           2   706.30269769742085        155.32442096946727        0.0000000000000000       -302.22253680407647       -964.45056297339897        0.0000000000000000                6           7          -1          25   0.0000000000000000        0.0000000000000000        0.0000000000000000        0.0000000000000000        0.0000000000000000        0.0000000000000000       5.37491077648110988E-016   9686344330505.3672       -5212939047302.0654        0.0000000000000000      T
          25           6           1   440.34693940810484       -250.81820087833020        0.0000000000000000       -247.16409451521506       -255.68320423041470      -5.68434188608080149E-014           6           7          24          26   0.0000000000000000        0.0000000000000000        0.0000000000000000       -269399118089.35324        34582961672.889473        0.0000000000000000       5.37491077648110988E-016   9521424438117.2324       -5508186941209.5273        0.0000000000000000      T
          26           6           1   192.79248873165801       -678.25791617112918        0.0000000000000000       -249.65171203235187       -513.56363152673077        0.0000000000000000                6           7          25          27   0.0000000000000000        0.0000000000000000        0.0000000000000000        3770624126.5357862       -2580810207.7341862        0.0000000000000000       5.37491077648110988E-016   9291265890843.3438       -5888271061143.6240        0.0000000000000000      T
          27           6           1  -56.891951491798579       -1105.7008803131935        0.0000000000000000       -245.94573005508713       -254.71030796725151       5.68434188608080149E-014           6           7          26          28   0.0000000000000000        0.0000000000000000        0.0000000000000000        264926097813.98444       -35735702162.948029        0.0000000000000000       5.37491077648110988E-016   9503235909962.0820       -5539411121248.2617        0.0000000000000000      T
          28           6           2  -323.04400819248940       -1511.0424690179063        0.0000000000000000       -314.07485851974150       -965.94879514459535      -5.68434188608080149E-014           6           7          27          -1   0.0000000000000000        0.0000000000000000        0.0000000000000000        0.0000000000000000        0.0000000000000000        0.0000000000000000       5.37491077648110988E-016   9671807924227.7031       -5239859871871.2129        0.0000000000000000      T
          29           7           2  -1425.3827500776383       -2206.9837292861193        0.0000000000000000       -709.20615623934691        295.06607961016459       5.68434188608080149E-014           7           8          -1          30   0.0000000000000000        0.0000000000000000        0.0000000000000000        0.0000000000000000        0.0000000000000000        0.0000000000000000       5.37491077648110988E-016  -369013347187.10486       -476430253455.24469        0.0000000000000000      T
          30           7           1  -1777.1166376876868       -1752.5445661983263        0.0000000000000000       -126.45710874187755        566.13579282021612        0.0000000000000000                7           8          29          31   0.0000000000000000        0.0000000000000000        0.0000000000000000       -102440503665.53827       -11888084487.753323        0.0000000000000000       5.37491077648110988E-016  -389610418318.07245       -150283628366.62512        0.0000000000000000      T
          31           7           1  -1805.3514577347601       -1154.3197374531840        0.0000000000000000        75.128468235490502        598.38272460777682        0.0000000000000000                7           8          30          32   0.0000000000000000        0.0000000000000000        0.0000000000000000       -117608196204.14673        25283793230.321701        0.0000000000000000       5.37491077648110988E-016  -272716850320.24188        26406003909.501320        0.0000000000000000      T
          32           7           1  -1635.4582204099465       -585.40999556086047        0.0000000000000000        250.91848763313689        541.73702066107342      -5.68434188608080149E-014           7           8          31          33   0.0000000000000000        0.0000000000000000        0.0000000000000000       -142496805662.79504        72061623986.628235        0.0000000000000000       5.37491077648110988E-016  -130692471123.62022        95266792729.248566        0.0000000000000000      T
          33           7           1  -1314.8976320141696       -81.087464330281620        0.0000000000000000        392.55905839373315        454.36601211663685        0.0000000000000000                7           8          32          63   0.0000000000000000        0.0000000000000000        0.0000000000000000       -130890485344.01273        119445941253.96317        0.0000000000000000       5.37491077648110988E-016  -27314361984.734642        146259841651.27231        0.0000000000000000      T
          34           8           2  -323.04400819254818       -1511.0424690182554        0.0000000000000000        771.02018715090037       -531.52631681027538       2.84217094304040074E-014           8           8          -1          35   0.0000000000000000        0.0000000000000000        0.0000000000000000        0.0000000000000000        0.0000000000000000        0.0000000000000000       5.37491077648110988E-016   10701337283583.785       -2545855522801.6421        0.0000000000000000      T
          35           8           1  -324.78575208267989       -1865.1597763288914        0.0000000000000000       -336.25766049090089       -310.21278008550587        0.0000000000000000                8           8          34          36   0.0000000000000000        0.0000000000000000        0.0000000000000000       -494760240775.53223       -30296886164.799240        0.0000000000000000       5.37491077648110988E-016   9856545369667.2617       -4761234430743.9941        0.0000000000000000      T
          36           8           1  -630.70509296282330       -2189.2044968507839        0.0000000000000000       -348.97279949812219       -262.10864634528690        0.0000000000000000                8           8          35          37   0.0000000000000000        0.0000000000000000        0.0000000000000000       -13487132930.344452        22034665510.044304        0.0000000000000000       5.37491077648110988E-016  -2044860466735.3711        2095039326006.2642        0.0000000000000000      T
          37           8           1  -1042.7374064168657       -2346.9024611169334        0.0000000000000000       -421.70610451916866       -86.580688897472484      -7.10542735760100186E-015           8           8          36          38   0.0000000000000000        0.0000000000000000        0.0000000000000000        78126157204.281342        68664370892.965706        0.0000000000000000       5.37491077648110988E-016   296640462230.29248        2425750653445.8989        0.0000000000000000      T
          38           8           2  -1425.3827500766492       -2206.9837292854208        0.0000000000000000       -348.23575376668083        555.09370463126606        0.0000000000000000                8           8          37          -1   0.0000000000000000        0.0000000000000000        0.0000000000000000        0.0000000000000000        0.0000000000000000        0.0000000000000000       5.37491077648110988E-016   1293621489699.8503        2996534084564.4761        0.0000000000000000      T
          39           9           2   706.30269769742017        155.32442096946733        0.0000000000000000        923.09098192578210       -582.02383788748193        0.0000000000000000                9           8          -1          40   0.0000000000000000        0.0000000000000000        0.0000000000000000        0.0000000000000000        0.0000000000000000        0.0000000000000000       5.37491077648110988E-016   3442836826465.5225        376648126946.59015        0.0000000000000000      T
          40           9           1   945.36459133805579       -371.69441084105370        0.0000000000000000       -124.71168774512923       -559.39090081456959      -2.84217094304040074E-014           9           8          39          41   0.0000000000000000        0.0000000000000000        0.0000000000000000        48051567431.699448       -136785688612.17885        0.0000000000000000       5.37491077648110988E-016   5066924505851.9326       -777515089321.94873        0.0000000000000000      T
          41           9           1   732.84785104014679       -966.70385422048139        0.0000000000000000       -344.60877091708466       -546.49738442408659        0.0000000000000000                9           8          40          42   0.0000000000000000        0.0000000000000000        0.0000000000000000       -57928637723.637901       -92643668696.600815        0.0000000000000000       5.37491077648110988E-016   3707454068498.5830       -2090936752622.9453        0.0000000000000000      T
          42           9           1   274.30146306363918       -1397.4971376796063        0.0000000000000000       -510.04261340978235       -332.02774200474187        0.0000000000000000                9           8          41          43   0.0000000000000000        0.0000000000000000        0.0000000000000000       -105933301699.69693        33959846555.686745        0.0000000000000000       5.37491077648110988E-016   1249266839849.5151       -1242479305642.9421        0.0000000000000000      T
          43           9           2  -323.04400819248968       -1511.0424690179061        0.0000000000000000       -782.89635314169618        241.59250805078051      -2.84217094304040074E-014           9           8          42          -1   0.0000000000000000        0.0000000000000000        0.0000000000000000        0.0000000000000000        0.0000000000000000        0.0000000000000000       5.37491077648110988E-016  -68161857487.857590        342219864794.15356        0.0000000000000000      T
          44          10           2  -1425.3827500776383       -2206.9837292861193        0.0000000000000000        729.70663480673977        1270.1037102116256        0.0000000000000000               10          10          -1          45   0.0000000000000000        0.0000000000000000        0.0000000000000000        0.0000000000000000        0.0000000000000000        0.0000000000000000       5.37491077648110988E-016  -4741792955971.2285        5356349072011.2617        0.0000000000000000      T
          45          10           1  -959.17370908857254       -1797.4323430205291        0.0000000000000000        406.30585857496339        187.44231367545547        0.0000000000000000               10          10          44          46   0.0000000000000000        0.0000000000000000        0.0000000000000000        120725888513.16803       -118309987630.95786        0.0000000000000000       5.37491077648110988E-016  -5388277306418.3223        6685877550680.7988        0.0000000000000000      T
          46          10           1  -470.69428463766212       -1372.2197656748788        0.0000000000000000        509.13532721333502        484.41892592027398        0.0000000000000000               10          10          45          47   0.0000000000000000        0.0000000000000000        0.0000000000000000        55206313324.625366       -95292568795.292709        0.0000000000000000       5.37491077648110988E-016  -3931304213942.6079        4622395100867.0898        0.0000000000000000      T
          47          10           1  -2.1303553424413622       -928.63990746415561        0.0000000000000000        428.28289381009012        481.25928931256908        0.0000000000000000               10          10          46          48   0.0000000000000000        0.0000000000000000        0.0000000000000000        57201684552.217453       -122286962577.36794        0.0000000000000000       5.37491077648110988E-016  -3041475003153.9868        2934395583614.8301        0.0000000000000000      T
          48          10           1   369.75693902712430       -400.59872889302056        0.0000000000000000        299.08676854066402        505.40702717502472        0.0000000000000000               10          10          47          64   0.0000000000000000        0.0000000000000000        0.0000000000000000        131242136559.89101       -109332907760.64615        0.0000000000000000       5.37491077648110988E-016  -1526701984990.9578        1228199066625.1152        0.0000000000000000      T
          49          11           2  -323.04400819254818       -1511.0424690182554        0.0000000000000000       -351.77219754297943       -485.76361551826915       2.84217094304040074E-014          11          10          -1          50   0.0000000000000000        0.0000000000000000        0.0000000000000000        0.0000000000000000        0.0000000000000000        0.0000000000000000       5.37491077648110988E-016   1571072819967.5859        6202701162.6886377        0.0000000000000000      T
          50          11           1  -633.26110469398839       -1675.0993834066221        0.0000000000000000       -254.10692912628187       -125.54035119569713       6.60582699651968142E-014          11          10          49          51   0.0000000000000000        0.0000000000000000        0.0000000000000000       -485027358097.24164        552200975372.06848        0.0000000000000000       5.37491077648110988E-016  -8501075701970.8506        6980136664384.1904        0.0000000000000000      T
          51          11           1  -856.29786314592832       -1955.8571672370576        0.0000000000000000       -231.56165081203304       -346.51907435534986      -7.10542735760100186E-015          11          10          50          52   0.0000000000000000        0.0000000000000000        0.0000000000000000        152164237990.23627        4154022538.4931431        0.0000000000000000       5.37491077648110988E-016  -7866616269757.9688        7682833164661.9756        0.0000000000000000      T
          52          11           1  -1127.8567900619871       -2159.4063833888449        0.0000000000000000       -303.43352372958179        58.695648670428739       2.84217094304040074E-014          11          10          51          53   0.0000000000000000        0.0000000000000000        0.0000000000000000        530273283824.79126       -579190409522.19312        0.0000000000000000       5.37491077648110988E-016  -6356817695027.9512        7634917670318.0703        0.0000000000000000      T
          53          11           2  -1425.3827500766492       -2206.9837292854208        0.0000000000000000       -261.95891506180288       -641.64320647145405       5.68434188608080149E-014          11          10          52          -1   0.0000000000000000        0.0000000000000000        0.0000000000000000        0.0000000000000000        0.0000000000000000        0.0000000000000000       5.37491077648110988E-016   3904066348575.2310       -8853683488533.4180        0.0000000000000000      T
          54          12           2   706.30269769742063        155.32442096946738        0.0000000000000000       -368.15223616293338       -964.36894125996514       5.68434188608080149E-014          12          10          -1          55   0.0000000000000000        0.0000000000000000        0.0000000000000000        0.0000000000000000        0.0000000000000000        0.0000000000000000       5.37491077648110988E-016   9669251694249.2344       -5244575452146.5596        0.0000000000000000      T
          55          12           1   435.28924981281278       -248.54385900410412        0.0000000000000000       -232.55002755364484       -254.03127420181670      -5.68434188608080149E-014          12          10          54          56   0.0000000000000000        0.0000000000000000        0.0000000000000000       -260893672883.78815        34664645578.864838        0.0000000000000000       5.37491077648110988E-016   9499364465973.1250       -5546043336017.4150        0.0000000000000000      T
          56          12           1   190.68760893476914       -676.83409862136136        0.0000000000000000       -248.49291991044200       -515.98152070525475        0.0000000000000000               12          10          55          57   0.0000000000000000        0.0000000000000000        0.0000000000000000       -7957591515.4480295        4282534945.1049089        0.0000000000000000       5.37491077648110988E-016   9322965151876.1641       -5837968577652.5293        0.0000000000000000      T
          57          12           1  -52.506701136555137       -1106.3300945696751        0.0000000000000000       -236.86614565269196       -255.40134967387820        0.0000000000000000               12          10          56          58   0.0000000000000000        0.0000000000000000        0.0000000000000000        266017870458.96127       -34783764873.481102        0.0000000000000000       5.37491077648110988E-016   9516829068452.5859       -5516125728320.3770        0.0000000000000000      T
          58          12           2  -323.04400819248940       -1511.0424690179063        0.0000000000000000       -345.23734886056570       -965.03819178886692      -5.68434188608080149E-014          12          10          57          -1   0.0000000000000000        0.0000000000000000        0.0000000000000000        0.0000000000000000        0.0000000000000000        0.0000000000000000       5.37491077648110988E-016   9680903275238.5332       -5223036643129.7246        0.0000000000000000      T
          59           1           1  -806.14166321338325        165.71269801621861        0.0000000000000000        469.32017693048658        297.81686244563844       1.42108547152020037E-014           1          11           5          66   0.0000000000000000        0.0000000000000000        0.0000000000000000       -101868362564.17365        153741501608.85895        0.0000000000000000       5.37491077648110988E-016   161579327315.61963        62892288.894580007        0.0000000000000000      T
          60           2           1  -1055.4737175667806       -2323.3315097572977        0.0000000000000000       -360.06967338869634       -63.406536461697698      -1.42108547152020037E-014           2          11           8          61   0.0000000000000000        0.0000000000000000        0.0000000000000000       -35001546468.352005        79481275696.457550        0.0000000000000000       5.37491077648110988E-016   315582980313.59436        1899553063434.1633        0.0000000000000000      T
          61           2           2  -1425.3827500766492       -2206.9837292854208        0.0000000000000000       -424.68345448393961        358.18431063109369       2.84217094304040074E-014           2          11          60          -1   0.0000000000000000        0.0000000000000000        0.0000000000000000        0.0000000000000000        0.0000000000000000        0.0000000000000000       5.37491077648110988E-016   310875912109.70203       -404844372854.84229        0.0000000000000000      T
          62           4           2   706.30269769648964        155.32442096853606        0.0000000000000000        508.87262272378422        900.76916872434094        0.0000000000000000                4           7          18          -1   0.0000000000000000        0.0000000000000000        0.0000000000000000        0.0000000000000000        0.0000000000000000        0.0000000000000000       5.37491077648110988E-016  -316499685604.27100        190733970245.13779        0.0000000000000000      T
          63           7           1  -858.93563492375165        303.09446218736019        0.0000000000000000        508.41303525051535        306.31230411704115      -2.84217094304040074E-014           7           8          33          65   0.0000000000000000        0.0000000000000000        0.0000000000000000       -100361260106.26135        170133365434.04404        0.0000000000000000       5.37491077648110988E-016   124740714068.54575        73072600673.935120        0.0000000000000000      T
          64          10           2   706.30269769648964        155.32442096853606        0.0000000000000000        500.66919114404749        749.00558728540682       5.68434188608080149E-014          10          10          48          -1   0.0000000000000000        0.0000000000000000        0.0000000000000000        0.0000000000000000        0.0000000000000000        0.0000000000000000       5.37491077648110988E-016   212294557246.91980       -142465323476.13965        0.0000000000000000      T
          65           7           1  -304.07637750156118        516.51781422320619        0.0000000000000000        606.25256414203238        113.20060707566225      -2.84217094304040074E-014           7           8          63          67   0.0000000000000000        0.0000000000000000        0.0000000000000000       -45005960915.133484        185623898985.94751        0.0000000000000000       5.37491077648110988E-016   92387472964.036880       -27993785889.832787        0.0000000000000000      T
          66           1           1  -289.32239044974841        383.68351044395075        0.0000000000000000        568.32789345216133        143.57293901453119        0.0000000000000000                1          11          59          68   0.0000000000000000        0.0000000000000000        0.0000000000000000       -50524914193.089256        162518058059.71643        0.0000000000000000       5.37491077648110988E-016   77875942960.882843       -22162506445.576851        0.0000000000000000      T
          67           7           1   291.01423243398995        537.79035748060141        0.0000000000000000        516.42631025458070       -55.027046539966285       1.42108547152020037E-014           7           8          65          69   0.0000000000000000        0.0000000000000000        0.0000000000000000        20731564409.605087        118191070416.78882        0.0000000000000000       5.37491077648110988E-016   41135179595.945641       -101649247123.25449        0.0000000000000000      T
          68           1           1   269.04861615847113        463.23416746523026        0.0000000000000000        482.93908737643221        20.455789843271830       5.68434188608080149E-014           1          11          66          70   0.0000000000000000        0.0000000000000000        0.0000000000000000        218840731.56344002        110085025902.06154        0.0000000000000000       5.37491077648110988E-016   30503520745.467880       -101963558584.89107        0.0000000000000000      T
          69           7           2   706.30269769648964        155.32442096853606        0.0000000000000000        359.17942043379708       -976.67260067980772        0.0000000000000000                7           8          67          -1   0.0000000000000000        0.0000000000000000        0.0000000000000000        0.0000000000000000        0.0000000000000000        0.0000000000000000       5.37491077648110988E-016  -202709373809.87881       -139100615267.52426        0.0000000000000000      T
          70           1           2   706.30269769648964        155.32442096853606        0.0000000000000000        486.79102148082393       -910.47336681386241       5.68434188608080149E-014           1          11          68          -1   0.0000000000000000        0.0000000000000000        0.0000000000000000        0.0000000000000000        0.0000000000000000        0.0000000000000000       5.37491077648110988E-016  -195710299434.63907       -218304611715.26697        0.0000000000000000      T
