           1   2378.6246261874257        2378.6246261874257        2378.6246261874257                0
           1   2961.9591195589951        2961.9591195589951        2961.9591195589951                0
           1   4129.2805094669511        4129.2805094669511        4129.2805094669511                1
          13
           2   2378.6246261874257        3154.3753738125743        2378.6246261874257                0
           2   2961.9591195589951        2571.0408804410049        2961.9591195589951                0
           2   4129.2805094669511        1403.7194905330489        4129.2805094669511                0
           3   3154.3753738125743        3154.3753738125743        2378.6246261874257                0
           3   2571.0408804410049        2571.0408804410049        2961.9591195589951                0
           3   1403.7194905330489        1403.7194905330489        4129.2805094669511                1
          14
           4   3154.3753738125743        2378.6246261874257        2378.6246261874257                0
           4   2571.0408804410049        2961.9591195589951        2961.9591195589951                0
           4   1403.7194905330489        4129.2805094669511        4129.2805094669511                0
           1   2284.9471761336181        2284.9471761336176        2284.9471761336176                1
           3
           3   3248.0528238663819        3248.0528238663824        2284.9471761336176                1
           9
           1           1           2  -1425.3827500776383       -2206.9837292861193        0.0000000000000000       -371.50485913545850       -391.36781150446194        0.0000000000000000                1          11          -1           2   0.0000000000000000        0.0000000000000000        0.0000000000000000        0.0000000000000000        0.0000000000000000        0.0000000000000000       5.37491077648110988E-016  -2783837936222.1616        2290468089540.3975        0.0000000000000000      T
           2           1           1  -1793.5522383794389       -2641.3102850676350        0.0000000000000000       -460.21791215560154       -329.45769049123641      -1.42108547152020037E-014           1          11           1           3   0.0000000000000000        0.0000000000000000        0.0000000000000000        188884489606.95978       -209394836459.97876        0.0000000000000000       5.37491077648110988E-016  -1572009072759.0498        1761490521555.3970        0.0000000000000000      T
           3           1           1  -2354.0034125702555       -2741.1584161836954        0.0000000000000000       -573.48547971998835        106.67451277667948       5.68434188608080149E-014           1          11           2           4   0.0000000000000000        0.0000000000000000        0.0000000000000000       -13220642805.448414       -294183133253.01337        0.0000000000000000       5.37491077648110988E-016  -690896207972.11853        656222527153.81152        0.0000000000000000      T
           4           1           1  -2848.1877003229438       -2478.7674170859846        0.0000000000000000       -409.74655479495721        390.38824332946990       2.84217094304040074E-014           1          11           3           5   0.0000000000000000        0.0000000000000000        0.0000000000000000       -216943025171.17679       -237039501728.67734        0.0000000000000000       5.37491077648110988E-016  -606984641592.35486        134565400384.54280        0.0000000000000000      T
           5           1           1  -3169.7780671328001       -2014.2594092418899        0.0000000000000000       -234.85226478781800        512.46953473085887        0.0000000000000000                1          11           4          57   0.0000000000000000        0.0000000000000000        0.0000000000000000       -343557752713.14319       -145261049291.13852        0.0000000000000000       5.37491077648110988E-016  -1181081663661.9575       -210226126026.46417        0.0000000000000000      T
           6           2           2  -323.04400819254818       -1511.0424690182554        0.0000000000000000        446.87149741751773       -296.91231531641404      -2.84217094304040074E-014           2          11          -1           7   0.0000000000000000        0.0000000000000000        0.0000000000000000        0.0000000000000000        0.0000000000000000        0.0000000000000000       5.37491077648110988E-016   16501892806.423647        78012721705.743362        0.0000000000000000      T
           7           2           1  -189.39210073130903       -2113.4131640622718        0.0000000000000000       -143.57617655762780       -672.11897684549024        0.0000000000000000                2          11           6           8   0.0000000000000000        0.0000000000000000        0.0000000000000000        69031595660.268982       -12029605934.413532        0.0000000000000000       5.37491077648110988E-016  -137223345819.55623       -6483460575.2320404        0.0000000000000000      T
           8           2           1  -552.97302380759925       -2629.8499357842356        0.0000000000000000       -562.35383803216075       -371.03417759956710       2.84217094304040074E-014           2          11           7          58   0.0000000000000000        0.0000000000000000        0.0000000000000000        68511203337.955528       -87882944216.218277        0.0000000000000000       5.37491077648110988E-016  -115016733252.89610        36505921901.498703        0.0000000000000000      T
           9           3           2   706.30269769742085        155.32442096946727        0.0000000000000000        384.13328321974268        413.55198427991297        0.0000000000000000                3          11          -1          10   0.0000000000000000        0.0000000000000000        0.0000000000000000        0.0000000000000000        0.0000000000000000        0.0000000000000000       5.37491077648110988E-016  -273484220955.80838        4313652662.1356268        0.0000000000000000      T
          10           3           1   1209.2152877890151        424.91128006133255        0.0000000000000000        588.85892073734021        81.414308461121877       1.06581410364015028E-014           3          11           9          11   0.0000000000000000        0.0000000000000000        0.0000000000000000       -24925446035.499237        122038506137.46655        0.0000000000000000       5.37491077648110988E-016  -240622256621.24988        111200329518.59329        0.0000000000000000      T
          11           3           1   1772.1786526445007        282.13365556708163        0.0000000000000000        458.05889867213710       -358.78151433155773        0.0000000000000000                3          11          10          12   0.0000000000000000        0.0000000000000000        0.0000000000000000        132782499239.88000        189672535581.61087        0.0000000000000000       5.37491077648110988E-016  -634204750270.48279       -633372231018.10132        0.0000000000000000      T
          12           3           1  -1864.5060542298720        2040.3912593698126        0.0000000000000000        95.006919432951406       -576.36168661911256        0.0000000000000000               13          11          11          13   0.0000000000000000        0.0000000000000000        0.0000000000000000        108696155093.66571        84652393291.736282        0.0000000000000000       5.37491077648110988E-016  -891039035429.71313       -142518735913.69870        0.0000000000000000      T
          13           3           1  -1912.0501724154865        1462.6258699982573        0.0000000000000000       -153.50759066840379       -570.80846930812800        0.0000000000000000               13          11          12          73   0.0000000000000000        0.0000000000000000        0.0000000000000000        103733159350.76588       -155560625.26005077        0.0000000000000000       5.37491077648110988E-016  -1942575192389.8440        692711638316.25757        0.0000000000000000      T
          14           4           2  -1425.3827500776383       -2206.9837292861193        0.0000000000000000        723.99533024294374        333.21230904253423      -5.68434188608080149E-014           4           7          -1          15   0.0000000000000000        0.0000000000000000        0.0000000000000000        0.0000000000000000        0.0000000000000000        0.0000000000000000       5.37491077648110988E-016   2918260129889.3291       -3239647214075.6177        0.0000000000000000      T
          15           4           1  -949.19728990119199       -1779.3671698674520        0.0000000000000000        432.99777750644694        428.97480897463794        0.0000000000000000                4           7          14          16   0.0000000000000000        0.0000000000000000        0.0000000000000000       -131843913377.29373        153696579834.89880        0.0000000000000000       5.37491077648110988E-016   1782713407990.8237       -1980944876354.1448        0.0000000000000000      T
          16           4           1  -454.54058932180158       -1373.3196845026091        0.0000000000000000        456.54004199877915        451.88058940944512      -2.84217094304040074E-014           4           7          15          17   0.0000000000000000        0.0000000000000000        0.0000000000000000       -16386849748.569284        17140296792.884996        0.0000000000000000       5.37491077648110988E-016  -321552928326.02966        345403722957.19830        0.0000000000000000      T
          17           4           1  -57.193054181490737       -872.06694114338882        0.0000000000000000        416.85476165753994        485.40351955977167      -2.84217094304040074E-014           4           7          16          18   0.0000000000000000        0.0000000000000000        0.0000000000000000       -784816470242.86499        625463262221.34595        0.0000000000000000       5.37491077648110988E-016  -76838984678.739426       -71488412929.243088        0.0000000000000000      T
          18           4           1   381.57906251320503       -404.57661700011272        0.0000000000000000        384.39986687608109        512.73453485895550        0.0000000000000000                4           7          17          60   0.0000000000000000        0.0000000000000000        0.0000000000000000        138391372261.64890       -103925010114.80966        0.0000000000000000       5.37491077648110988E-016  -1339275328564.7202        1008342410917.4106        0.0000000000000000      T
          19           5           2  -323.04400819254818       -1511.0424690182554        0.0000000000000000       -1022.8828974770470        483.87966462072092       5.68434188608080149E-014           5           7          -1          20   0.0000000000000000        0.0000000000000000        0.0000000000000000        0.0000000000000000        0.0000000000000000        0.0000000000000000       5.37491077648110988E-016  -6756206297190.7031        8680649541929.4902        0.0000000000000000      T
          20           5           1  -625.71771944866350       -1539.3680383184167        0.0000000000000000       -25.154601981546122       -305.47106545236477      -2.84217094304040074E-014           5           7          19          21   0.0000000000000000        0.0000000000000000        0.0000000000000000       -137847605931.84830        135113919399.60309        0.0000000000000000       5.37491077648110988E-016  -7131832364254.2383        8369075739609.6328        0.0000000000000000      T
          21           5           1  -802.95074909793186       -1834.3379592067822        0.0000000000000000       -316.21891731292050       -231.88187337684232      -8.88178419700125232E-015           5           7          20          22   0.0000000000000000        0.0000000000000000        0.0000000000000000        354338082.49403572        53862071351.206139        0.0000000000000000       5.37491077648110988E-016  -7200508796705.0195        8315659230884.2090        0.0000000000000000      T
          22           5           1  -1126.9559261982506       -2007.5159622074127        0.0000000000000000       -213.68434901553405       -171.44521270725406      -3.55271367880050093E-014           5           7          21          23   0.0000000000000000        0.0000000000000000        0.0000000000000000        17890946950.740768        81041659985.989166        0.0000000000000000       5.37491077648110988E-016  -6914013263056.4346        8554313851513.1152        0.0000000000000000      T
          23           5           2  -1425.3827500766492       -2206.9837292854208        0.0000000000000000       -696.33968956109436       -200.27458603005732        0.0000000000000000                5           7          22          -1   0.0000000000000000        0.0000000000000000        0.0000000000000000        0.0000000000000000        0.0000000000000000        0.0000000000000000       5.37491077648110988E-016  -6728776570745.5059        8701928858648.8877        0.0000000000000000      T
          24           6           2   706.30269769742085        155.32442096946727        0.0000000000000000       -753.57109210625970       -403.37018455490511       5.68434188608080149E-014           6           7          -1          25   0.0000000000000000        0.0000000000000000        0.0000000000000000        0.0000000000000000        0.0000000000000000        0.0000000000000000       5.37491077648110988E-016  -9476465041209.4492        5585392584477.4063        0.0000000000000000      T
          25           6           1   496.15799596388717       -278.19469729774704        0.0000000000000000       -99.479676880717648       -425.92836662732429      -2.84217094304040074E-014           6           7          24          26   0.0000000000000000        0.0000000000000000        0.0000000000000000        715617368813.25037       -537041211222.53394        0.0000000000000000       5.37491077648110988E-016  -7180261965171.1123        3638695791441.6338        0.0000000000000000      T
          26           6           1   186.72898409067903       -677.39655904083145        0.0000000000000000       -407.23134119109466       -391.07928896669364      -2.84217094304040074E-014           6           7          25          27   0.0000000000000000        0.0000000000000000        0.0000000000000000       -47552659445.576172        26117412543.985268        0.0000000000000000       5.37491077648110988E-016   818950117148.39063       -1442809402017.0149        0.0000000000000000      T
          27           6           1  -109.40117189201800       -1083.8654386998555        0.0000000000000000       -88.272461922618135       -426.76670171222645      -1.42108547152020037E-014           6           7          26          28   0.0000000000000000        0.0000000000000000        0.0000000000000000       -661150256586.38965        494163564263.30420        0.0000000000000000       5.37491077648110988E-016  -7754107806368.8047        3882886862091.0977        0.0000000000000000      T
          28           6           2  -323.04400819248940       -1511.0424690179063        0.0000000000000000       -768.99778796793839       -402.79163411562519       2.84217094304040074E-014           6           7          27          -1   0.0000000000000000        0.0000000000000000        0.0000000000000000        0.0000000000000000        0.0000000000000000        0.0000000000000000       5.37491077648110988E-016  -9515272453524.4688        5519020758721.4629        0.0000000000000000      T
          29           7           2  -1425.3827500776383       -2206.9837292861193        0.0000000000000000       -167.55511834860351       -576.99418533406094        0.0000000000000000                7           8          -1          30   0.0000000000000000        0.0000000000000000        0.0000000000000000        0.0000000000000000        0.0000000000000000        0.0000000000000000       5.37491077648110988E-016   106992072320.05045       -130323362766.98093        0.0000000000000000      T
          30           7           1  -1746.6738451922508       -2644.4192172570665        0.0000000000000000       -460.31896623935722       -307.17842150100819       2.84217094304040074E-014           7           8          29          31   0.0000000000000000        0.0000000000000000        0.0000000000000000        72483343326.630798       -124253491325.69009        0.0000000000000000       5.37491077648110988E-016  -92544709372.436707       -238047452718.28058        0.0000000000000000      T
          31           7           1  -2284.4860948581195       -2801.6216235157240        0.0000000000000000       -568.47905103541234        21.794188649279889        0.0000000000000000                7           8          30          32   0.0000000000000000        0.0000000000000000        0.0000000000000000       -24773391834.485065       -243841311711.48392        0.0000000000000000       5.37491077648110988E-016  -295375628612.48901       -83755597907.470123        0.0000000000000000      T
          32           7           1  -2809.1625281218285       -2600.8305351803529        0.0000000000000000       -453.23087840772826        350.76771313402958        0.0000000000000000                7           8          31          33   0.0000000000000000        0.0000000000000000        0.0000000000000000       -180855044828.92432       -223471762914.52414        0.0000000000000000       5.37491077648110988E-016  -323664346953.27209       -13053523471.574165        0.0000000000000000      T
          33           7           1  -3168.1631937835150       -2163.2511577111568        0.0000000000000000       -269.62873210986106        490.24635622830317        0.0000000000000000                7           8          32          61   0.0000000000000000        0.0000000000000000        0.0000000000000000       -298217070817.08252       -153609674642.10559        0.0000000000000000       5.37491077648110988E-016  -565676882035.07581       -95863041827.399536        0.0000000000000000      T
          34           8           2  -323.04400819254818       -1511.0424690182554        0.0000000000000000        1051.8222748577375       -300.39399701702831      -2.84217094304040074E-014           8           8          -1          35   0.0000000000000000        0.0000000000000000        0.0000000000000000        0.0000000000000000        0.0000000000000000        0.0000000000000000       5.37491077648110988E-016   10795998181507.150        967968823474.07898        0.0000000000000000      T
          35           8           1  -177.09441097962656       -1936.1874043637799        0.0000000000000000       -292.20573997843280       -505.32713464781386      -5.68434188608080149E-014           8           8          34          36   0.0000000000000000        0.0000000000000000        0.0000000000000000       -130695962910.97659       -340794354357.11023        0.0000000000000000       5.37491077648110988E-016   10522039379641.754       -3088195670186.7007        0.0000000000000000      T
          36           8           1  -509.31968059351686       -2404.1218444894439        0.0000000000000000       -441.82633214691253       -357.53559080528333        0.0000000000000000                8           8          35          95   0.0000000000000000        0.0000000000000000        0.0000000000000000       -334452435936.95514       -75884624558.578217        0.0000000000000000       5.37491077648110988E-016   5805786633608.4922       -5550912916481.0908        0.0000000000000000      T
          37           9           2   706.30269769742017        155.32442096946733        0.0000000000000000        465.21872874834094        476.35762635003505        0.0000000000000000                9           8          -1          38   0.0000000000000000        0.0000000000000000        0.0000000000000000        0.0000000000000000        0.0000000000000000        0.0000000000000000       5.37491077648110988E-016   93817675964.700424        83624195889.653351        0.0000000000000000      T
          38           9           1   1241.7262543810434        433.42085627131280        0.0000000000000000        597.88293756767177        31.149645206150879      -6.39488462184090167E-014           9           8          37          39   0.0000000000000000        0.0000000000000000        0.0000000000000000        21475658147.825176        209789088311.09924        0.0000000000000000       5.37491077648110988E-016   547668954513.54370        392678365789.99841        0.0000000000000000      T
          39           9           1   1796.0664197260921        206.28458824841769        0.0000000000000000        412.54068706698791       -448.07570533778772        0.0000000000000000                9           8          38          40   0.0000000000000000        0.0000000000000000        0.0000000000000000        267675599540.20074        199930275578.20590        0.0000000000000000       5.37491077648110988E-016   132816818467.29025       -378371770272.15039        0.0000000000000000      T
          40           9           1  -1922.2109634074400        1897.5520380843082        0.0000000000000000       -2.5918782855711129       -622.96665182567551        0.0000000000000000               14           8          39          41   0.0000000000000000        0.0000000000000000        0.0000000000000000        254021230965.75360        56004150934.975967        0.0000000000000000       5.37491077648110988E-016  -56915918387.501862       -397786125992.91174        0.0000000000000000      T
          41           9           1  -2053.7882584582312        1287.3687724648598        0.0000000000000000       -214.47174756217083       -593.31850811984521        0.0000000000000000               14           8          40          77   0.0000000000000000        0.0000000000000000        0.0000000000000000        189471069471.32535       -60117701983.800430        0.0000000000000000       5.37491077648110988E-016  -95274237280.533951       -156721858872.14392        0.0000000000000000      T
          42          10           2  -1425.3827500776383       -2206.9837292861193        0.0000000000000000        947.13932644993224        247.54345934878654        0.0000000000000000               10          10          -1          43   0.0000000000000000        0.0000000000000000        0.0000000000000000        0.0000000000000000        0.0000000000000000        0.0000000000000000       5.37491077648110988E-016   5304331291120.8027       -5446491930560.3193        0.0000000000000000      T
          43          10           1  -959.69935632668796       -1788.5367037446977        0.0000000000000000        366.32363737009496        448.47809747249238      -4.97379915032070130E-014          10          10          42          44   0.0000000000000000        0.0000000000000000        0.0000000000000000       -19096933016.925148        44761158985.753159        0.0000000000000000       5.37491077648110988E-016   5377559752773.0898       -5328788458610.3672        0.0000000000000000      T
          44          10           1  -464.20568664375821       -1373.6724155925913        0.0000000000000000        471.09731437132746        458.47809184182796       4.97379915032070130E-014          10          10          43          45   0.0000000000000000        0.0000000000000000        0.0000000000000000        60218586885.609840        7362845540.3931179        0.0000000000000000       5.37491077648110988E-016   5440724403946.8525       -4802755380992.0684        0.0000000000000000      T
          45          10           1  -74.936343419997741       -860.11479722071431        0.0000000000000000        403.57614386466560        502.87525473214589       1.42108547152020037E-014          10          10          44          46   0.0000000000000000        0.0000000000000000        0.0000000000000000       -847148241437.00867        597233746995.56299        0.0000000000000000       5.37491077648110988E-016   3458033603070.9517       -2842340440441.4302        0.0000000000000000      T
          46          10           1   365.16112512428020       -384.04385325685490        0.0000000000000000        402.69854547412581        498.90657623679766      -2.84217094304040074E-014          10          10          45          62   0.0000000000000000        0.0000000000000000        0.0000000000000000       -1474517385.1170602        18328349475.220879        0.0000000000000000       5.37491077648110988E-016   243074618895.90631       -300152361318.46985        0.0000000000000000      T
          47          11           2  -323.04400819254818       -1511.0424690182554        0.0000000000000000       -520.63418982129690       -288.48862053689709       2.84217094304040074E-014          11          10          -1          48   0.0000000000000000        0.0000000000000000        0.0000000000000000        0.0000000000000000        0.0000000000000000        0.0000000000000000       5.37491077648110988E-016  -199633380999.89209       -363158879917.10309        0.0000000000000000      T
          48          11           1  -580.17288799710786       -1722.2864072021257        0.0000000000000000       -142.54804304740554       -237.02169185007426       2.84217094304040074E-014          11          10          47          49   0.0000000000000000        0.0000000000000000        0.0000000000000000       -118069710201.93015        279123710584.81189        0.0000000000000000       5.37491077648110988E-016  -7157588929226.1172        7128154009685.6074        0.0000000000000000      T
          49          11           1  -782.44251053937467       -1991.0475996016403        0.0000000000000000       -287.36914502956159       -203.44000381296127        0.0000000000000000               11          10          48          50   0.0000000000000000        0.0000000000000000        0.0000000000000000        1064556228701.3877       -1220896764198.9282        0.0000000000000000       5.37491077648110988E-016  -382494891131.06677        350406786886.60449        0.0000000000000000      T
          50          11           1  -1103.0148863026382       -2093.5435872773910        0.0000000000000000       -276.50137175093698       -62.989833123876636        0.0000000000000000               11          10          49          51   0.0000000000000000        0.0000000000000000        0.0000000000000000       -56429073458.823166       -24625691227.525787        0.0000000000000000       5.37491077648110988E-016   5117164002538.6738       -7324634063176.5313        0.0000000000000000      T
          51          11           2  -1425.3827500766492       -2206.9837292854208        0.0000000000000000       -535.44608657851313       -192.40905274287320       2.84217094304040074E-014          11          10          50          -1   0.0000000000000000        0.0000000000000000        0.0000000000000000        0.0000000000000000        0.0000000000000000        0.0000000000000000       5.37491077648110988E-016   1119669922462.5498        119916274707.72369        0.0000000000000000      T
          52          12           2   706.30269769742063        155.32442096946738        0.0000000000000000       -760.84439730661529       -400.78710705865166      -2.84217094304040074E-014          12          10          -1          53   0.0000000000000000        0.0000000000000000        0.0000000000000000        0.0000000000000000        0.0000000000000000        0.0000000000000000       5.37491077648110988E-016  -9480797312669.1406        5578035704088.4570        0.0000000000000000      T
          53          12           1   495.62032777042316       -276.35805729683449        0.0000000000000000       -97.220121956422830       -426.41846295986750       5.68434188608080149E-014          12          10          52          54   0.0000000000000000        0.0000000000000000        0.0000000000000000        702563444901.87756       -525433598985.72827        0.0000000000000000       5.37491077648110988E-016  -7035609280824.0918        3575170291657.8740        0.0000000000000000      T
          54          12           1   186.60176440653160       -677.66635067565892        0.0000000000000000       -409.37791474036015       -392.51135603725788        0.0000000000000000               12          10          53          55   0.0000000000000000        0.0000000000000000        0.0000000000000000       -54658452541.073059        27564127984.760044        0.0000000000000000       5.37491077648110988E-016   835195875313.49878       -1457185311456.0825        0.0000000000000000      T
          55          12           1  -110.87508090931033       -1084.8776373647702        0.0000000000000000       -84.754445121338549       -429.09485309490776       1.42108547152020037E-014          12          10          54          56   0.0000000000000000        0.0000000000000000        0.0000000000000000       -673584883775.53772        503228057256.14783        0.0000000000000000       5.37491077648110988E-016  -7967298113171.9258        3957657489538.3262        0.0000000000000000      T
          56          12           2  -323.04400819248940       -1511.0424690179063        0.0000000000000000       -780.54162257134897       -391.23758660985266       5.68434188608080149E-014          12          10          55          -1   0.0000000000000000        0.0000000000000000        0.0000000000000000        0.0000000000000000        0.0000000000000000        0.0000000000000000       5.37491077648110988E-016  -9505186850330.9961        5536372724112.3057        0.0000000000000000      T
          57           1           1  -3336.2111259836756       -1479.1080282435064        0.0000000000000000       -114.91466303596914        558.71178427452980        0.0000000000000000                1          11           5          64   0.0000000000000000        0.0000000000000000        0.0000000000000000       -381424912729.91235       -48773585464.210419        0.0000000000000000       5.37491077648110988E-016  -2051897354582.9321       -186765098904.66315        0.0000000000000000      T
          58           2           1  -1166.8396425387987       -2753.2704246156709        0.0000000000000000       -539.35109673619831        236.68390558356140       2.84217094304040074E-014           2          11           8          59   0.0000000000000000        0.0000000000000000        0.0000000000000000       -40224792528.742432       -109718600457.83696        0.0000000000000000       5.37491077648110988E-016  -175897650719.90479        186536330077.94897        0.0000000000000000      T
          59           2           2  -1425.3827500766492       -2206.9837292854208        0.0000000000000000        102.52904616980484        692.89717476176725        0.0000000000000000                2          11          58          -1   0.0000000000000000        0.0000000000000000        0.0000000000000000        0.0000000000000000        0.0000000000000000        0.0000000000000000       5.37491077648110988E-016   86533298862.937698       -45851456757.703011        0.0000000000000000      T
          60           4           2   706.30269769648964        155.32442096853606        0.0000000000000000        336.03302647207698        545.83242734018120        0.0000000000000000                4           7          18          -1   0.0000000000000000        0.0000000000000000        0.0000000000000000        0.0000000000000000        0.0000000000000000        0.0000000000000000       5.37491077648110988E-016   46111369416.989174       -28555133502.135433        0.0000000000000000      T
          61           7           1  -3367.2132364183517       -1652.1359775905039        0.0000000000000000       -142.40631804239868        534.33053472230472       5.68434188608080149E-014           7           8          33          63   0.0000000000000000        0.0000000000000000        0.0000000000000000       -389687648988.91962       -83173164784.063171        0.0000000000000000       5.37491077648110988E-016  -1298046187669.5576       -169599996287.64273        0.0000000000000000      T
          62          10           2   706.30269769648964        155.32442096853606        0.0000000000000000        329.34679758829401        547.81609488841468        0.0000000000000000               10          10          46          -1   0.0000000000000000        0.0000000000000000        0.0000000000000000        0.0000000000000000        0.0000000000000000        0.0000000000000000       5.37491077648110988E-016   108404870797.03485       -66386986183.082207        0.0000000000000000      T
          63           7           1  -3462.9541387824329       -1097.4711581122451        0.0000000000000000       -45.118830717299304        569.77150367921274        0.0000000000000000                7           8          61          65   0.0000000000000000        0.0000000000000000        0.0000000000000000       -435504420229.12012        2296070490.4435940        0.0000000000000000       5.37491077648110988E-016  -2358296335709.8271        45173216833.535889        0.0000000000000000      T
          64           1           1  -3395.2946498008732       -907.30952940414193        0.0000000000000000        17.961168927476439        573.53296768426424        0.0000000000000000                1          11          57          66   0.0000000000000000        0.0000000000000000        0.0000000000000000       -271801847204.23782        28531273137.222755        0.0000000000000000       5.37491077648110988E-016  -1965780390755.9697        223700618142.21088        0.0000000000000000      T
          65           7           1  -3442.4410623903177       -530.07823999808170        0.0000000000000000        97.198162995700557        552.75666333811091        0.0000000000000000                7           8          63          67   0.0000000000000000        0.0000000000000000        0.0000000000000000       -334856068535.07263        85902587941.050415        0.0000000000000000       5.37491077648110988E-016  -3042415024509.2485        632070631012.76392        0.0000000000000000      T
          66           1           1  -3288.0328793972085       -346.51558962535790        0.0000000000000000        187.60472708546479        544.93366084285765        0.0000000000000000                1          11          64          68   0.0000000000000000        0.0000000000000000        0.0000000000000000       -100765661735.38925        8969469260.6887627        0.0000000000000000       5.37491077648110988E-016   898264260005.46289       -437356870606.55554        0.0000000000000000      T
          67           7           1  -3277.3318501519043        4.8798890667894650        0.0000000000000000        213.19304462608281        526.25498450544774        0.0000000000000000                7           8          65          69   0.0000000000000000        0.0000000000000000        0.0000000000000000       -147778753230.92950        83237428734.491364        0.0000000000000000       5.37491077648110988E-016  -2499684102605.0439        914160860497.71204        0.0000000000000000      T
          68           1           1  -3050.0265919121994        180.80260176908217        0.0000000000000000        267.42409639668728        511.06878246397719       5.68434188608080149E-014           1          11          66          70   0.0000000000000000        0.0000000000000000        0.0000000000000000       -212026812805.54645        91281955869.605240        0.0000000000000000       5.37491077648110988E-016   3026746241182.1670       -1527111555212.3975        0.0000000000000000      T
          69           7           1  -3036.1670156054843        521.58987177092695        0.0000000000000000        268.85179885446848        497.22773394712431       5.68434188608080149E-014           7           8          67          71   0.0000000000000000        0.0000000000000000        0.0000000000000000       -239222597665.80377        176397646752.86597        0.0000000000000000       5.37491077648110988E-016  -1765456010047.2842        1099125942403.9553        0.0000000000000000      T
          70           1           1  -2761.7109760472695        675.12269401280764        0.0000000000000000        321.66459737760431        475.70606021572956        0.0000000000000000                1          11          68          72   0.0000000000000000        0.0000000000000000        0.0000000000000000       -407510841357.91589        268107744956.18402        0.0000000000000000       5.37491077648110988E-016   1255749362249.0474       -728574950011.46851        0.0000000000000000      T
          71           7           1  -2732.9790382774308        985.49610337752654        0.0000000000000000        344.45819557946345        426.68272263826623        0.0000000000000000                7           8          69          74   0.0000000000000000        0.0000000000000000        0.0000000000000000       -311104373239.22083        260541787047.61328        0.0000000000000000       5.37491077648110988E-016  -2702506689472.9199        2320162762820.6787        0.0000000000000000      T
          72           1           1  -2408.2881278918207        1134.3829922594948        0.0000000000000000        371.13290615403014        446.84814814434247       5.68434188608080149E-014           1          11          70          75   0.0000000000000000        0.0000000000000000        0.0000000000000000       -309552912218.40820        267652518283.46637        0.0000000000000000       5.37491077648110988E-016  -1429323866252.2866        1304558598414.5718        0.0000000000000000      T
          73           3           1  -2122.7520383979099        909.31505737330428        0.0000000000000000       -255.71450926344858       -533.63304213789979        0.0000000000000000               13          11          13          81   0.0000000000000000        0.0000000000000000        0.0000000000000000        223703034680.66061       -90044268273.881409        0.0000000000000000       5.37491077648110988E-016  -2536876186098.5161        1181880107782.0544        0.0000000000000000      T
          74           7           1  -2360.9016818083146        1392.3261962340493        0.0000000000000000        379.11142021918653        408.25034888917713      -5.68434188608080149E-014           7           8          71          76   0.0000000000000000        0.0000000000000000        0.0000000000000000       -106763161056.46121        125057738275.66934        0.0000000000000000       5.37491077648110988E-016  -2866879550336.1914        2814665179951.5654        0.0000000000000000      T
          75           1           1  -2022.1523039625740        1567.1524097422780        0.0000000000000000        412.47979426036142        412.99049439531171        0.0000000000000000                1          11          72          78   0.0000000000000000        0.0000000000000000        0.0000000000000000       -112022280332.25584        147153222521.17767        0.0000000000000000       5.37491077648110988E-016  -1729552738780.9297        1980635061511.5171        0.0000000000000000      T
          76           7           1  -1970.2462687082739        1796.1506092591517        0.0000000000000000        427.29443225126369        372.27939944990044       2.84217094304040074E-014           7           8          74          79   0.0000000000000000        0.0000000000000000        0.0000000000000000       -55023488231.653946        126375996555.71846        0.0000000000000000       5.37491077648110988E-016  -1359499764288.9819        1855405588023.7222        0.0000000000000000      T
          77           9           1  -2318.0104852713794        723.45553470590335        0.0000000000000000       -326.91969705756435       -526.04882583016092        0.0000000000000000               14           8          41          83   0.0000000000000000        0.0000000000000000        0.0000000000000000        182908652851.43683       -111831535401.52551        0.0000000000000000       5.37491077648110988E-016  -53485411394.937683       -141615040703.56519        0.0000000000000000      T
          78           1           1  -1571.2988058776923        1929.2937987186110        0.0000000000000000        489.91588284691102        285.92229365175899       2.84217094304040074E-014           1          11          75          80   0.0000000000000000        0.0000000000000000        0.0000000000000000       -80630491486.775681        216365645371.78751        0.0000000000000000       5.37491077648110988E-016  -359870594356.37354        628290580359.89929        0.0000000000000000      T
          79           7           1  -1492.2518185590452        2098.6236562037466        0.0000000000000000        517.66044052356551        221.52443322031283      -7.10542735760100186E-015           7           8          76          82   0.0000000000000000        0.0000000000000000        0.0000000000000000       -91801214488.527710        261817377159.04837        0.0000000000000000       5.37491077648110988E-016  -170059717312.72400        485787079265.73883        0.0000000000000000      T
          80           1           1  -1048.0984897345836        2128.1477209763389        0.0000000000000000        550.01811703596627        126.30626469983356      -2.13162820728030056E-014           1          11          78          84   0.0000000000000000        0.0000000000000000        0.0000000000000000       -89875305160.958496        336313584493.50708        0.0000000000000000       5.37491077648110988E-016   324235977308.52380       -435626569640.28638        0.0000000000000000      T
          81           3           1  -2420.4321822501156        403.53023332514704        0.0000000000000000       -348.78040178168999       -471.94627215960378        0.0000000000000000               13          11          73          87   0.0000000000000000        0.0000000000000000        0.0000000000000000        259359755006.88440       -177253258082.54037        0.0000000000000000       5.37491077648110988E-016  -1252185103289.6279        617138623089.17993        0.0000000000000000      T
          82           7           1  -949.39704504293786        2246.8295447839728        0.0000000000000000        564.61147665048338        93.659674243311542       2.84217094304040074E-014           7           8          79          85   0.0000000000000000        0.0000000000000000        0.0000000000000000       -62632051140.390953        313167796231.18457        0.0000000000000000       5.37491077648110988E-016   222642609420.04370       -221209431317.04056        0.0000000000000000      T
          83           9           1  -2708.2244590652790        240.88555875148586        0.0000000000000000       -441.15806602871805       -441.93582969963313        0.0000000000000000               14           8          77          89   0.0000000000000000        0.0000000000000000        0.0000000000000000        134009206665.76720       -140009628389.75204        0.0000000000000000       5.37491077648110988E-016  -26016017606.258282       -150920784924.09213        0.0000000000000000      T
          84           1           1  -485.00463604050668        2202.3812736430687        0.0000000000000000        568.89415852078037        28.115072322281037      -3.19744231092045084E-014           1          11          80          86   0.0000000000000000        0.0000000000000000        0.0000000000000000       -30451320104.565323        356225623710.46490        0.0000000000000000       5.37491077648110988E-016   151360380335.53809       -408408672092.82275        0.0000000000000000      T
          85           7           1  -379.10345334114197        2300.4397374185855        0.0000000000000000        563.33874852821100        9.2851134509578941       7.10542735760100186E-014           7           8          82          88   0.0000000000000000        0.0000000000000000        0.0000000000000000       -5270154630.9125710        321999939594.65613        0.0000000000000000       5.37491077648110988E-016   87904751551.150513        23669355258.406075        0.0000000000000000      T
          86           1           1   79.361169949332975        2178.5905434997703        0.0000000000000000        556.78422793266304       -87.438086418661996        0.0000000000000000                1          11          84          90   0.0000000000000000        0.0000000000000000        0.0000000000000000        55767433399.486313        336716449738.82214        0.0000000000000000       5.37491077648110988E-016   87964421660.363098       -263142783522.83289        0.0000000000000000      T
          87           3           1  -2826.5442023085634       -22.804595700509026        0.0000000000000000       -460.54037534175342       -374.94082844512519      -2.84217094304040074E-014          13          11          81          91   0.0000000000000000        0.0000000000000000        0.0000000000000000        151135980305.86807       -189743402397.61819        0.0000000000000000       5.37491077648110988E-016  -237004348736.15186       -109895508297.14253        0.0000000000000000      T
          88           7           1   166.43360840838011        2247.7660171084071        0.0000000000000000        529.52548959062688       -127.99071107384003       5.68434188608080149E-014           7           8          85          92   0.0000000000000000        0.0000000000000000        0.0000000000000000        75840237138.010712        312615951060.11047        0.0000000000000000       5.37491077648110988E-016   52810005081.117661       -52815223979.323425        0.0000000000000000      T
          89           9           1  -3199.5055814900602       -135.28609781616183        0.0000000000000000       -552.93332748360694       -282.43275293749991       3.55271367880050093E-014          14           8          83          97   0.0000000000000000        0.0000000000000000        0.0000000000000000        57113017587.191444       -200450310329.75467        0.0000000000000000       5.37491077648110988E-016  -243784084007.63696       -191318167798.87347        0.0000000000000000      T
          90           1           1   613.67246994654238        2004.6934547424760        0.0000000000000000        500.00024770971413       -271.42618334941182       2.84217094304040074E-014           1          11          86          93   0.0000000000000000        0.0000000000000000        0.0000000000000000        153268123290.83630        276086373470.23187        0.0000000000000000       5.37491077648110988E-016   129168413727.67609       -210255133632.91376        0.0000000000000000      T
          91           3           1  -3338.6503784305924       -303.09601455673419        0.0000000000000000       -563.71268539272637       -148.16915770553911        0.0000000000000000               13          11          87          99   0.0000000000000000        0.0000000000000000        0.0000000000000000        28474705342.726810       -230815974531.55838        0.0000000000000000       5.37491077648110988E-016  -346104397207.26727       -54145161627.211273        0.0000000000000000      T
          92           7           1   666.51171919891965        2026.7965440232479        0.0000000000000000        455.40481072946699       -318.25184934160939       2.84217094304040074E-014           7           8          88          94   0.0000000000000000        0.0000000000000000        0.0000000000000000        154505353556.68207        248377380944.83728        0.0000000000000000       5.37491077648110988E-016  -73793597215.814209       -138666367273.38519        0.0000000000000000      T
          93           1           1   1038.7276768282079        1628.1290811621127        0.0000000000000000        321.31430186510534       -478.24156719666428       5.68434188608080149E-014           1          11          90          98   0.0000000000000000        0.0000000000000000        0.0000000000000000        224244820459.93188        169662330821.15482        0.0000000000000000       5.37491077648110988E-016   82225046930.172272       -260326831412.26599        0.0000000000000000      T
          94           7           1   1042.9156216688227        1619.7685902233743        0.0000000000000000        278.30130727283193       -482.99417221482020        0.0000000000000000                7           8          92         100   0.0000000000000000        0.0000000000000000        0.0000000000000000        185623078885.28391        140301700079.56778        0.0000000000000000       5.37491077648110988E-016  -463248079277.46472       -177120200153.61270        0.0000000000000000      T
          95           8           1  -1048.1635566949476       -2569.6535626145583        0.0000000000000000       -553.69636857988075        35.071023116610732       2.84217094304040074E-014           8           8          36          96   0.0000000000000000        0.0000000000000000        0.0000000000000000       -185667465285.27618        95995306020.431000        0.0000000000000000       5.37491077648110988E-016   1093425475543.4991       -2276396845372.2236        0.0000000000000000      T
          96           8           2  -1425.3827500766492       -2206.9837292854208        0.0000000000000000       -91.577401982961078        808.66584395091093        0.0000000000000000                8           8          95          -1   0.0000000000000000        0.0000000000000000        0.0000000000000000        0.0000000000000000        0.0000000000000000        0.0000000000000000       5.37491077648110988E-016   108385577809.64056        311051740884.97083        0.0000000000000000      T
          97           9           1   121.84155280466132       -2490.3178418784482        0.0000000000000000       -594.17604934253382        154.57001296949244        0.0000000000000000                9           8          89         104   0.0000000000000000        0.0000000000000000        0.0000000000000000       -51694905670.547623       -263590936027.48511        0.0000000000000000       5.37491077648110988E-016  -370022182922.32117       -82411692667.016754        0.0000000000000000      T
          98           1           1   1213.2729016112382        1083.4361808319986        0.0000000000000000        13.543839823952744       -579.37936959536364        0.0000000000000000                1          11          93         101   0.0000000000000000        0.0000000000000000        0.0000000000000000        196906349182.68268        23336402662.150200        0.0000000000000000       5.37491077648110988E-016  -225096273456.19568       -225051976450.52985        0.0000000000000000      T
          99           3           1   9.6977012013252306       -2516.1034675057422        0.0000000000000000       -513.14863347317794        264.23421726124400      -5.68434188608080149E-014           3          11          91         102   0.0000000000000000        0.0000000000000000        0.0000000000000000       -104750494652.75447       -268710029901.27777        0.0000000000000000       5.37491077648110988E-016  -307944688122.24341        170625525773.51434        0.0000000000000000      T
         100           7           1   1193.8154780853874        1089.4061132943034        0.0000000000000000        13.301236838608062       -561.94275398594300       2.84217094304040074E-014           7           8          94         103   0.0000000000000000        0.0000000000000000        0.0000000000000000        135745948086.87662        46153820505.058945        0.0000000000000000       5.37491077648110988E-016  -1136480267345.9614        85388636068.802551        0.0000000000000000      T
         101           1           1   1087.8746366698415        534.01453762877441        0.0000000000000000       -228.04878163601558       -486.58458502189490      -2.84217094304040074E-014           1          11          98         105   0.0000000000000000        0.0000000000000000        0.0000000000000000        108517289190.87189       -38556815869.505142        0.0000000000000000       5.37491077648110988E-016  -243705609958.76700        14265704775.075817        0.0000000000000000      T
         102           3           1  -366.84464407175989       -2084.3914362269743        0.0000000000000000       -205.54103855356749        523.85939705950398        0.0000000000000000                3          11          99         106   0.0000000000000000        0.0000000000000000        0.0000000000000000       -133064070987.64496       -56426224576.132362        0.0000000000000000       5.37491077648110988E-016   98979187884.805786        161897614352.50278        0.0000000000000000      T
         103           7           1   1085.5296590659796        537.73300552369540        0.0000000000000000       -203.66414243579231       -515.34156594044612       4.26325641456060112E-014           7           8         100         107   0.0000000000000000        0.0000000000000000        0.0000000000000000        86193257991.571152        10830732602.808117        0.0000000000000000       5.37491077648110988E-016  -1716783209200.8564        820030643008.47815        0.0000000000000000      T
         104           9           1  -353.26743343757056       -2108.8826084449920        0.0000000000000000       -268.91349190428929        519.87654258270152        0.0000000000000000                9           8          97         108   0.0000000000000000        0.0000000000000000        0.0000000000000000       -164534060824.14145       -112245012399.47771        0.0000000000000000       5.37491077648110988E-016   68167757798.896126        543893041589.09021        0.0000000000000000      T
         105           1           2   706.30269769648964        155.32442096853606        0.0000000000000000       -622.25932502413707       -258.61756990744436      -2.84217094304040074E-014           1          11         101          -1   0.0000000000000000        0.0000000000000000        0.0000000000000000        0.0000000000000000        0.0000000000000000        0.0000000000000000       5.37491077648110988E-016  -104958697415.46393        98346046699.581802        0.0000000000000000      T
         106           3           2  -323.04400819248940       -1511.0424690179063        0.0000000000000000        337.08765950600400        655.51118996424805        0.0000000000000000                3          11         102          -1   0.0000000000000000        0.0000000000000000        0.0000000000000000        0.0000000000000000        0.0000000000000000        0.0000000000000000       5.37491077648110988E-016   187389842247.94257        15155191123.143389        0.0000000000000000      T
         107           7           2   706.30269769648964        155.32442096853606        0.0000000000000000       -661.18300826213226       -178.93605922957568       4.26325641456060112E-014           7           8         103          -1   0.0000000000000000        0.0000000000000000        0.0000000000000000        0.0000000000000000        0.0000000000000000        0.0000000000000000       5.37491077648110988E-016  -1556929793968.9651        1407304191032.1763        0.0000000000000000      T
         108           9           2  -323.04400819248968       -1511.0424690179061        0.0000000000000000        335.17333396823778        703.74993528132802        0.0000000000000000                9           8         104          -1   0.0000000000000000        0.0000000000000000        0.0000000000000000        0.0000000000000000        0.0000000000000000        0.0000000000000000       5.37491077648110988E-016   212978254265.94525        62206004484.009933        0.0000000000000000      T
