           1   2378.6246261874257        2378.6246261874257        2378.6246261874257                0
           1   2961.9591195589951        2961.9591195589951        2961.9591195589951                0
           1   4129.2805094669511        4129.2805094669511        4129.2805094669511                0
           2   2378.6246261874257        3154.3753738125743        2378.6246261874257                0
           2   2961.9591195589951        2571.0408804410049        2961.9591195589951                0
           2   4129.2805094669511        1403.7194905330489        4129.2805094669511                0
           3   3154.3753738125743        3154.3753738125743        2378.6246261874257                0
           3   2571.0408804410049        2571.0408804410049        2961.9591195589951                0
           3   1403.7194905330489        1403.7194905330489        4129.2805094669511                0
           4   3154.3753738125743        2378.6246261874257        2378.6246261874257                0
           4   2571.0408804410049        2961.9591195589951        2961.9591195589951                0
           4   1403.7194905330489        4129.2805094669511        4129.2805094669511                0
           1           1           2  -1425.3827500776383       -2206.9837292861193        0.0000000000000000        251.22114792542794        1034.6338555132038      -5.68434188608080149E-014           1          11          -1           2   0.0000000000000000        0.0000000000000000        0.0000000000000000        0.0000000000000000        0.0000000000000000        0.0000000000000000       5.37491077648110988E-016  -5157262939903.4268        4345085471693.2070        0.0000000000000000      T
           2           1           1  -1032.0934303661475       -1729.7858893754692        0.0000000000000000        453.03288383223003        329.35013064113531       5.68434188608080149E-014           1          11           1           3   0.0000000000000000        0.0000000000000000        0.0000000000000000        85416705428.810974       -32368348095.508965        0.0000000000000000       5.37491077648110988E-016  -4444835136296.0313        4248241417879.9668        0.0000000000000000      T
           3           1           1  -577.33330338392136       -1271.0881210130506        0.0000000000000000        480.79565682680288        455.65244674146135        0.0000000000000000                1          11           2           4   0.0000000000000000        0.0000000000000000        0.0000000000000000        74983889542.877716       -65358128207.319633        0.0000000000000000       5.37491077648110988E-016  -2181075103751.1689        2326103941721.8926        0.0000000000000000      T
           4           1           1  -86.514669675134570       -858.70775420025245        0.0000000000000000        460.52077093359890        461.27448791867033        0.0000000000000000                1          11           3           5   0.0000000000000000        0.0000000000000000        0.0000000000000000        46798896525.694038       -52878925986.642456        0.0000000000000000       5.37491077648110988E-016  -717157852478.20886        724405721577.60938        0.0000000000000000      T
           5           1           1   303.21832736840128       -345.71483341856634        0.0000000000000000        318.77615169576984        475.36946436731091       2.84217094304040074E-014           1          11           4          59   0.0000000000000000        0.0000000000000000        0.0000000000000000       -29928435028.112511        21343112794.375587        0.0000000000000000       5.37491077648110988E-016  -12330022604.245026        26496996698.818764        0.0000000000000000      T
           6           2           2  -323.04400819254818       -1511.0424690182554        0.0000000000000000       -628.04422428065675       -125.37479745323876      -3.55271367880050093E-014           2          11          -1           7   0.0000000000000000        0.0000000000000000        0.0000000000000000        0.0000000000000000        0.0000000000000000        0.0000000000000000       5.37491077648110988E-016  -7543235109969.5859        5127133506833.9512        0.0000000000000000      T
           7           2           1  -522.55660679934169       -1790.9073044745880        0.0000000000000000       -145.50807982644690       -250.70817823912876        0.0000000000000000                2          11           6           8   0.0000000000000000        0.0000000000000000        0.0000000000000000        629593068810.65039       -733388330691.29248        0.0000000000000000       5.37491077648110988E-016   6336553436078.6230       -7478566201761.0449        0.0000000000000000      T
           8           2           1  -851.16258650645887       -1947.3737327303720        0.0000000000000000       -374.27919135528873       -180.78628072659760        0.0000000000000000                2          11           7          60   0.0000000000000000        0.0000000000000000        0.0000000000000000       -233595626387.42407       -51736068174.754272        0.0000000000000000       5.37491077648110988E-016   6923064440466.7949       -8546929722532.9160        0.0000000000000000      T
           9           3           2   706.30269769742085        155.32442096946727        0.0000000000000000       -362.82101715646786       -727.02340016010930      -5.68434188608080149E-014           3          11          -1          10   0.0000000000000000        0.0000000000000000        0.0000000000000000        0.0000000000000000        0.0000000000000000        0.0000000000000000       5.37491077648110988E-016   1577732299457.2236       -1199131526001.2078        0.0000000000000000      T
          10           3           1   473.14904076514972       -295.43377529851244        0.0000000000000000       -171.69464648366733       -383.26968285232846      -5.68434188608080149E-014           3          11           9          11   0.0000000000000000        0.0000000000000000        0.0000000000000000       -563489595306.91626        380209658117.82782        0.0000000000000000       5.37491077648110988E-016  -8168178434710.8242        3355786717314.0176        0.0000000000000000      T
          11           3           1   257.53978650898023       -756.10886968716659        0.0000000000000000       -296.68913047418511       -474.19774040047849       5.68434188608080149E-014           3          11          10          12   0.0000000000000000        0.0000000000000000        0.0000000000000000        70202383464.130112        38944746808.380501        0.0000000000000000       5.37491077648110988E-016  -9527785976491.7539        5488442763686.1182        0.0000000000000000      T
          12           3           1  -8.0329218772415629       -1181.5892968031876        0.0000000000000000       -85.094719546765688       -378.40592005978300      -2.66453525910037570E-014           3          11          11          13   0.0000000000000000        0.0000000000000000        0.0000000000000000       -31787460417.710022        161847046376.41931        0.0000000000000000       5.37491077648110988E-016  -8881112896857.7715        6483713547920.0566        0.0000000000000000      T
          13           3           2  -323.04400819248940       -1511.0424690179063        0.0000000000000000       -1104.6833754431607       -276.97937735260888      -2.84217094304040074E-014           3          11          12          -1   0.0000000000000000        0.0000000000000000        0.0000000000000000        0.0000000000000000        0.0000000000000000        0.0000000000000000       5.37491077648110988E-016  -8335747534482.4072        7177416878053.7256        0.0000000000000000      T
          14           4           2  -1425.3827500776383       -2206.9837292861193        0.0000000000000000        518.24832955127386        700.90628748388781        0.0000000000000000                4           7          -1          15   0.0000000000000000        0.0000000000000000        0.0000000000000000        0.0000000000000000        0.0000000000000000        0.0000000000000000       5.37491077648110988E-016  -97122048040.877090        72802126893.799957        0.0000000000000000      T
          15           4           1  -1032.2336094649688       -1698.8470835377466        0.0000000000000000        370.13848278588648        449.52404394029651        0.0000000000000000                4           7          14          16   0.0000000000000000        0.0000000000000000        0.0000000000000000        74849202473.136322       -66920937483.880219        0.0000000000000000       5.37491077648110988E-016   576264014342.61768       -517221961478.92664        0.0000000000000000      T
          16           4           1  -600.82163030284539       -1224.5936258941178        0.0000000000000000        474.88109862955810        448.16784693093069       2.84217094304040074E-014           4           7          15          17   0.0000000000000000        0.0000000000000000        0.0000000000000000        21123470763.349487       -30417185294.739899        0.0000000000000000       5.37491077648110988E-016   540358520649.02460       -575448804037.03223        0.0000000000000000      T
          17           4           1  -114.95808805461397       -801.90295395417604        0.0000000000000000        482.16368692694670        448.63695708669087        0.0000000000000000                4           7          16          18   0.0000000000000000        0.0000000000000000        0.0000000000000000       -84804092449.044617        56373855782.298515        0.0000000000000000       5.37491077648110988E-016  -1689724149255.4980        1738221238996.7119        0.0000000000000000      T
          18           4           1   342.99880734049736       -353.11974130693397        0.0000000000000000        427.92546659268402        371.70597848385773      -5.68434188608080149E-014           4           7          17          62   0.0000000000000000        0.0000000000000000        0.0000000000000000       -113930328590.53189        46900470862.109116        0.0000000000000000       5.37491077648110988E-016  -3796568478024.8613        3247364138411.1328        0.0000000000000000      T
          19           5           2  -323.04400819254818       -1511.0424690182554        0.0000000000000000       -204.88345965968131       -595.69101636346954      -5.68434188608080149E-014           5           7          -1          20   0.0000000000000000        0.0000000000000000        0.0000000000000000        0.0000000000000000        0.0000000000000000        0.0000000000000000       5.37491077648110988E-016   6691439940111.8223       -8730671882958.1680        0.0000000000000000      T
          20           5           1  -654.80381852019150       -1613.1219317265486        0.0000000000000000       -352.25647518196507       -28.616977814529321        0.0000000000000000                5           7          19          21   0.0000000000000000        0.0000000000000000        0.0000000000000000       -533143337226.18323        597738399348.45593        0.0000000000000000       5.37491077648110988E-016   7316964384252.3320       -8213365001015.4463        0.0000000000000000      T
          21           5           1  -945.89338858243684       -1863.4498591117417        0.0000000000000000       -254.63878078212494       -347.06324265887224      -2.84217094304040074E-014           5           7          20          22   0.0000000000000000        0.0000000000000000        0.0000000000000000       -399619519454.64185        519600799351.76965        0.0000000000000000       5.37491077648110988E-016  -7727834342774.9658        7827613240456.6455        0.0000000000000000      T
          22           5           1  -1110.5591313352759       -2189.0907908706604        0.0000000000000000        3.5456598652117393       -311.03662898231704      -2.84217094304040074E-014           5           7          21          23   0.0000000000000000        0.0000000000000000        0.0000000000000000        90627982132.290344       -77944426694.064301        0.0000000000000000       5.37491077648110988E-016  -7512940814967.1396        8032408755961.1250        0.0000000000000000      T
          23           5           2  -1425.3827500766492       -2206.9837292854208        0.0000000000000000       -1198.0119431613589        560.60814806710300       5.68434188608080149E-014           5           7          22          -1   0.0000000000000000        0.0000000000000000        0.0000000000000000        0.0000000000000000        0.0000000000000000        0.0000000000000000       5.37491077648110988E-016  -7296443778063.9336        8231762156036.3428        0.0000000000000000      T
          24           6           2   706.30269769742085        155.32442096946727        0.0000000000000000       -245.58292233208547       -977.34409391211284        0.0000000000000000                6           7          -1          25   0.0000000000000000        0.0000000000000000        0.0000000000000000        0.0000000000000000        0.0000000000000000        0.0000000000000000       5.37491077648110988E-016   9861446115496.3516       -4873590104959.7813        0.0000000000000000      T
          25           6           1   466.62883940271252       -266.80934464494413        0.0000000000000000       -235.09725728342016       -270.21448276957244        0.0000000000000000                6           7          24          26   0.0000000000000000        0.0000000000000000        0.0000000000000000       -265878596841.92871        9012131147.1303024        0.0000000000000000       5.37491077648110988E-016   9662631328464.0410       -5256249101879.1836        0.0000000000000000      T
          26           6           1   227.50387402371246       -701.93646804819912        0.0000000000000000       -250.42451955535833       -513.58064206259667        0.0000000000000000                6           7          25          27   0.0000000000000000        0.0000000000000000        0.0000000000000000        3323730838.4447670       -30429576808.334724        0.0000000000000000       5.37491077648110988E-016   9308286546519.4453       -5860887329163.4004        0.0000000000000000      T
          27           6           1  -32.381476864222464       -1123.0217407642629        0.0000000000000000       -260.23561329595219       -244.10013733799568        0.0000000000000000                6           7          26          28   0.0000000000000000        0.0000000000000000        0.0000000000000000        238159308058.85468       -54982429521.444443        0.0000000000000000       5.37491077648110988E-016   9335433860749.7422       -5818021018370.5029        0.0000000000000000      T
          28           6           2  -323.04400819248940       -1511.0424690179063        0.0000000000000000       -360.27667390943913       -937.33681149454185        0.0000000000000000                6           7          27          -1   0.0000000000000000        0.0000000000000000        0.0000000000000000        0.0000000000000000        0.0000000000000000        0.0000000000000000       5.37491077648110988E-016   9477942077266.0117       -5582885811118.6934        0.0000000000000000      T
          29           7           2  -1425.3827500776383       -2206.9837292861193        0.0000000000000000        141.15288731802093        881.29693391569310        0.0000000000000000                7           8          -1          30   0.0000000000000000        0.0000000000000000        0.0000000000000000        0.0000000000000000        0.0000000000000000        0.0000000000000000       5.37491077648110988E-016  -434253188810.48395        116073952705.83025        0.0000000000000000      T
          30           7           1  -1234.1368510848606       -1568.7208400846284        0.0000000000000000        256.67695530931735        553.92222193264115        0.0000000000000000                7           8          29          31   0.0000000000000000        0.0000000000000000        0.0000000000000000        37425000024.706993       -12179739371.826471        0.0000000000000000       5.37491077648110988E-016  -284350713675.72644        87833825614.532837        0.0000000000000000      T
          31           7           1  -903.24778701847276       -992.84911745519935        0.0000000000000000        398.54418062220708        545.41801384650296      -2.84217094304040074E-014           7           8          30          32   0.0000000000000000        0.0000000000000000        0.0000000000000000        25266740764.498962       -21096004318.324265        0.0000000000000000       5.37491077648110988E-016   75429465172.313324       -88604805745.277359        0.0000000000000000      T
          32           7           1  -444.43097349113350       -514.21483454008057        0.0000000000000000        518.26395498303748        427.92373931499105      -2.84217094304040074E-014           7           8          31          33   0.0000000000000000        0.0000000000000000        0.0000000000000000        13536929427.139057       -5450455539.0266314        0.0000000000000000       5.37491077648110988E-016  -334260571727.29712        371496723263.46277        0.0000000000000000      T
          33           7           1   103.52866128604066       -130.00257717741852        0.0000000000000000        548.72934435918307        331.42664972687510       2.84217094304040074E-014           7           8          32          63   0.0000000000000000        0.0000000000000000        0.0000000000000000        20105116033.307327       -34682031683.648453        0.0000000000000000       5.37491077648110988E-016   94404045003.947617       -175096759695.05267        0.0000000000000000      T
          34           8           2  -323.04400819254818       -1511.0424690182554        0.0000000000000000        217.78458105893600       -750.79809879658580        0.0000000000000000                8           8          -1          35   0.0000000000000000        0.0000000000000000        0.0000000000000000        0.0000000000000000        0.0000000000000000        0.0000000000000000       5.37491077648110988E-016   8695115335383.8945       -6737578890400.6025        0.0000000000000000      T
          35           8           1  -507.50007654757633       -1764.3118536880090        0.0000000000000000       -342.12647836440311       -99.496385390059615      -2.84217094304040074E-014           8           8          34          36   0.0000000000000000        0.0000000000000000        0.0000000000000000       -531673774557.53003        305546275890.21686        0.0000000000000000       5.37491077648110988E-016   7940348713358.2930       -7591511007731.6504        0.0000000000000000      T
          36           8           1  -812.81045515091353       -1967.7437667740060        0.0000000000000000       -318.57800847641948       -221.32025291042822      -3.55271367880050093E-014           8           8          35          37   0.0000000000000000        0.0000000000000000        0.0000000000000000       -98170378690.174774        101815707978.41501        0.0000000000000000       5.37491077648110988E-016  -4321602454957.5186        3770607849776.5654        0.0000000000000000      T
          37           8           1  -1115.8056061919799       -2180.3645023978561        0.0000000000000000       -208.47807666313116       -263.38054909776855        0.0000000000000000                8           8          36          38   0.0000000000000000        0.0000000000000000        0.0000000000000000       -78363000045.021515        410394274401.41138        0.0000000000000000       5.37491077648110988E-016  -5183153654696.6396        9683037997115.0723        0.0000000000000000      T
          38           8           2  -1425.3827500766492       -2206.9837292854208        0.0000000000000000       -685.22656964826342        557.12256176725850       5.68434188608080149E-014           8           8          37          -1   0.0000000000000000        0.0000000000000000        0.0000000000000000        0.0000000000000000        0.0000000000000000        0.0000000000000000       5.37491077648110988E-016  -4043386887355.1855        10229908234151.670        0.0000000000000000      T
          39           9           2   706.30269769742017        155.32442096946733        0.0000000000000000        833.20353622911864       -1066.3685090595991       5.68434188608080149E-014           9           8          -1          40   0.0000000000000000        0.0000000000000000        0.0000000000000000        0.0000000000000000        0.0000000000000000        0.0000000000000000       5.37491077648110988E-016   10638923223036.381       -2795230340121.7598        0.0000000000000000      T
          40           9           1   697.11157736214318       -278.90688364434988        0.0000000000000000       -346.10366865287637       -283.14973529165673        0.0000000000000000                9           8          39          41   0.0000000000000000        0.0000000000000000        0.0000000000000000       -122846093001.91795       -140507653932.68292        0.0000000000000000       5.37491077648110988E-016   10125932337327.445       -4265405152265.5664        0.0000000000000000      T
          41           9           1   417.32912415129886       -732.45263306035815        0.0000000000000000       -315.70958225597650       -464.36371186325061      -5.68434188608080149E-014           9           8          40          42   0.0000000000000000        0.0000000000000000        0.0000000000000000       -151791682449.83136       -60806301846.198212        0.0000000000000000       5.37491077648110988E-016   9128488124108.1953       -6128723322426.0537        0.0000000000000000      T
          42           9           1   51.611652215783067       -1126.9597750143053        0.0000000000000000       -327.55777776229746       -403.55409136520655      -5.68434188608080149E-014           9           8          41          43   0.0000000000000000        0.0000000000000000        0.0000000000000000       -502958873070.03992        305224030247.22839        0.0000000000000000       5.37491077648110988E-016   6139344050320.0918       -5475344804233.9961        0.0000000000000000      T
          43           9           2  -323.04400819248968       -1511.0424690179061        0.0000000000000000       -595.17870372619961       -257.18943054856760       1.42108547152020037E-014           9           8          42          -1   0.0000000000000000        0.0000000000000000        0.0000000000000000        0.0000000000000000        0.0000000000000000        0.0000000000000000       5.37491077648110988E-016  -1373256676055.0796        1561605301611.7324        0.0000000000000000      T
          44          10           2  -1425.3827500776383       -2206.9837292861193        0.0000000000000000        559.11936138339922        634.83899358776011       5.68434188608080149E-014          10          10          -1          45   0.0000000000000000        0.0000000000000000        0.0000000000000000        0.0000000000000000        0.0000000000000000        0.0000000000000000       5.37491077648110988E-016  -1724154257234.3489        2225119441243.1611        0.0000000000000000      T
          45          10           1  -911.71474941635483       -1821.1734565249972        0.0000000000000000        493.79147124454016        332.82431129513463        0.0000000000000000               10          10          44          46   0.0000000000000000        0.0000000000000000        0.0000000000000000       -54838593303.366074        46158569200.648758        0.0000000000000000       5.37491077648110988E-016  -2100018055494.3604        2552902899704.8516        0.0000000000000000      T
          46          10           1  -423.64334730235942       -1398.2390068866296        0.0000000000000000        470.93296196427633        460.09792843016987        0.0000000000000000               10          10          45          47   0.0000000000000000        0.0000000000000000        0.0000000000000000       -56125943965.694061        25814592393.954857        0.0000000000000000       5.37491077648110988E-016  -2506996531825.4609        2608798595124.5264        0.0000000000000000      T
          47          10           1   22.836983631877899       -929.20628842759243        0.0000000000000000        426.13188004305266        502.68547927640009        0.0000000000000000               10          10          46          48   0.0000000000000000        0.0000000000000000        0.0000000000000000        40496241948.073509       -69903771186.380920        0.0000000000000000       5.37491077648110988E-016  -2489341239641.7051        2090294676854.2886        0.0000000000000000      T
          48          10           1   379.05349539602184       -393.04793639460456        0.0000000000000000        232.63004595865698        544.73336594030525        0.0000000000000000               10          10          47          64   0.0000000000000000        0.0000000000000000        0.0000000000000000        203483817628.60962       -127530125869.36786        0.0000000000000000       5.37491077648110988E-016   3178782131276.1299       -1924755917119.2705        0.0000000000000000      T
          49          11           2  -323.04400819254818       -1511.0424690182554        0.0000000000000000       -747.18929747413995        79.843333727477756       2.84217094304040074E-014          11          10          -1          50   0.0000000000000000        0.0000000000000000        0.0000000000000000        0.0000000000000000        0.0000000000000000        0.0000000000000000       5.37491077648110988E-016  -6765490557382.6953        8673415562393.2607        0.0000000000000000      T
          50          11           1  -605.33076986916080       -1634.4491833390969        0.0000000000000000       -125.47142198835206       -235.24569019377606        0.0000000000000000               11          10          49          51   0.0000000000000000        0.0000000000000000        0.0000000000000000       -41191086403.332146       -28411956045.814323        0.0000000000000000       5.37491077648110988E-016  -6931962167869.7637        8540574956380.2988        0.0000000000000000      T
          51          11           1  -849.58975919260615       -1859.5469421995949        0.0000000000000000       -330.56226757262539       -184.37399249639228        0.0000000000000000               11          10          50          52   0.0000000000000000        0.0000000000000000        0.0000000000000000        73671022385.619171       -70451043482.307526        0.0000000000000000       5.37491077648110988E-016  -7210217868989.5781        8307282563806.6250        0.0000000000000000      T
          52          11           1  -1152.5070451676129       -2011.1770811738490        0.0000000000000000       -193.80833361650252       -157.44203332491145       1.42108547152020037E-014          11          10          51          53   0.0000000000000000        0.0000000000000000        0.0000000000000000        6600431741.6112614        28811673968.683323        0.0000000000000000       5.37491077648110988E-016  -6926006398388.7285        8545473926767.9883        0.0000000000000000      T
          53          11           2  -1425.3827500766492       -2206.9837292854208        0.0000000000000000       -621.58337061349391       -228.16823546143971      -1.42108547152020037E-014          11          10          52          -1   0.0000000000000000        0.0000000000000000        0.0000000000000000        0.0000000000000000        0.0000000000000000        0.0000000000000000       5.37491077648110988E-016  -7109768459378.2861        8393520861594.9541        0.0000000000000000      T
          54          12           2   706.30269769742063        155.32442096946738        0.0000000000000000       -152.29193049264956       -1052.0307647276604        0.0000000000000000               12          10          -1          55   0.0000000000000000        0.0000000000000000        0.0000000000000000        0.0000000000000000        0.0000000000000000        0.0000000000000000       5.37491077648110988E-016   9431540099547.1035       -5660923188900.8184        0.0000000000000000      T
          55          12           1   428.50876104019869       -225.43435736887875        0.0000000000000000       -311.33424900273621       -205.27806499085301       5.68434188608080149E-014          12          10          54          56   0.0000000000000000        0.0000000000000000        0.0000000000000000       -171783746578.90945        60686618699.204391        0.0000000000000000       5.37491077648110988E-016   9206044618060.5469       -6020385164495.5313        0.0000000000000000      T
          56          12           1   160.91942412674166       -645.39601785327318        0.0000000000000000       -238.52089420844180       -529.01829177714922       5.68434188608080149E-014          12          10          55          57   0.0000000000000000        0.0000000000000000        0.0000000000000000       -78493758190.571960        64866974501.472061        0.0000000000000000       5.37491077648110988E-016   9296031711352.7852       -5880788271287.4785        0.0000000000000000      T
          57          12           1  -76.098730369896714       -1088.5903344543140        0.0000000000000000       -248.40464839378234       -268.11669915685530       5.68434188608080149E-014          12          10          56          58   0.0000000000000000        0.0000000000000000        0.0000000000000000        261917227983.17218       -15854149967.125608        0.0000000000000000       5.37491077648110988E-016   9609516094229.1445       -5352886773709.9941        0.0000000000000000      T
          58          12           2  -323.04400819248940       -1511.0424690179063        0.0000000000000000       -219.75080917412268       -995.45426508932894      -5.68434188608080149E-014          12          10          57          -1   0.0000000000000000        0.0000000000000000        0.0000000000000000        0.0000000000000000        0.0000000000000000        0.0000000000000000       5.37491077648110988E-016   9811515803403.2227       -4973344713527.1875        0.0000000000000000      T
          59           1           2   706.30269769648964        155.32442096853606        0.0000000000000000        642.82672439819385        679.34418011845105        0.0000000000000000                1          11           5          -1   0.0000000000000000        0.0000000000000000        0.0000000000000000        0.0000000000000000        0.0000000000000000        0.0000000000000000       5.37491077648110988E-016   82473664734.524307       -60463977334.592804        0.0000000000000000      T
          60           2           1  -1165.2628949899654       -2091.8662693146939        0.0000000000000000       -285.49401932427025        70.976406625200070        0.0000000000000000                2          11           8          61   0.0000000000000000        0.0000000000000000        0.0000000000000000        107806105928.80582       -214443209532.98941        0.0000000000000000       5.37491077648110988E-016   5890214071486.8379       -9289504716017.4727        0.0000000000000000      T
          61           2           2  -1425.3827500766492       -2206.9837292854208        0.0000000000000000       -206.40522205820042       -881.94933543934781       5.68434188608080149E-014           2          11          60          -1   0.0000000000000000        0.0000000000000000        0.0000000000000000        0.0000000000000000        0.0000000000000000        0.0000000000000000       5.37491077648110988E-016   6095470667767.2168       -9156704502078.7617        0.0000000000000000      T
          62           4           2   706.30269769648964        155.32442096853606        0.0000000000000000        269.91680395562793        936.22125374601467       5.68434188608080149E-014           4           7          18          -1   0.0000000000000000        0.0000000000000000        0.0000000000000000        0.0000000000000000        0.0000000000000000        0.0000000000000000       5.37491077648110988E-016  -4124463313944.6279        3217149761379.5117        0.0000000000000000      T
          63           7           2   706.30269769648964        155.32442096853606        0.0000000000000000        739.01968114309921        254.98742830335777      -2.84217094304040074E-014           7           8          33          -1   0.0000000000000000        0.0000000000000000        0.0000000000000000        0.0000000000000000        0.0000000000000000        0.0000000000000000       5.37491077648110988E-016  -45903095098.589821        59788557854.046951        0.0000000000000000      T
          64          10           2   706.30269769648964        155.32442096853606        0.0000000000000000        693.74507831615495        571.97318515076449      -5.68434188608080149E-014          10          10          48          -1   0.0000000000000000        0.0000000000000000        0.0000000000000000        0.0000000000000000        0.0000000000000000        0.0000000000000000       5.37491077648110988E-016   4246805585030.3911       -2587435130164.0986        0.0000000000000000      T
