           1   2378.6246261874257        2378.6246261874257        2378.6246261874257                0
           1   2961.9591195589951        2961.9591195589951        2961.9591195589951                0
           1   4129.2805094669511        4129.2805094669511        4129.2805094669511                0
           2   2378.6246261874257        3154.3753738125743        2378.6246261874257                0
           2   2961.9591195589951        2571.0408804410049        2961.9591195589951                0
           2   4129.2805094669511        1403.7194905330489        4129.2805094669511                0
           3   3154.3753738125743        3154.3753738125743        2378.6246261874257                0
           3   2571.0408804410049        2571.0408804410049        2961.9591195589951                0
           3   1403.7194905330489        1403.7194905330489        4129.2805094669511                0
           4   3154.3753738125743        2378.6246261874257        2378.6246261874257                0
           4   2571.0408804410049        2961.9591195589951        2961.9591195589951                0
           4   1403.7194905330489        4129.2805094669511        4129.2805094669511                0
           1           1           2  -1425.3827500776383       -2206.9837292861193        0.0000000000000000        813.37454794717678        98.307785363793059       6.39488462184090167E-014           1          11          -1           2   0.0000000000000000        0.0000000000000000        0.0000000000000000        0.0000000000000000        0.0000000000000000        0.0000000000000000       5.37491077648110988E-016  -52502516843.394608        392255727002.94684        0.0000000000000000      T
           2           1           1  -830.39705181682257       -2131.5322959738405        0.0000000000000000        527.89520434545977        115.83482190140737       2.13162820728030056E-014           1          11           1           3   0.0000000000000000        0.0000000000000000        0.0000000000000000       -26133173054.348122        124409925010.21547        0.0000000000000000       5.37491077648110988E-016  -104912203873.22493        287053337220.24414        0.0000000000000000      T
           3           1           1  -270.36757236655137       -1918.7365363039721        0.0000000000000000        540.09016780424452        303.09450597701914        0.0000000000000000                1          11           2           4   0.0000000000000000        0.0000000000000000        0.0000000000000000       -114693406237.24995        182742317840.48419        0.0000000000000000       5.37491077648110988E-016  -176124049015.64783        90278168155.056976        0.0000000000000000      T
           4           1           1   200.22233306961630       -1541.9525455621997        0.0000000000000000        403.60227909687893        440.52640542543770      -2.84217094304040074E-014           1          11           3           5   0.0000000000000000        0.0000000000000000        0.0000000000000000       -191803302155.42303        187301208393.91718        0.0000000000000000       5.37491077648110988E-016  -85585835633.873016       -115368840334.34479        0.0000000000000000      T
           5           1           1   515.92882336873595       -1036.6031739142734        0.0000000000000000        204.38990301410163        581.19995949032580        0.0000000000000000                1          11           4          59   0.0000000000000000        0.0000000000000000        0.0000000000000000       -220140923299.89008        74713421673.349503        0.0000000000000000       5.37491077648110988E-016   38271042775.067604       -165536615152.37531        0.0000000000000000      T
           6           2           2  -323.04400819254818       -1511.0424690182554        0.0000000000000000       -599.45418423976321        1.1203466885613220       4.44089209850062616E-015           2          11          -1           7   0.0000000000000000        0.0000000000000000        0.0000000000000000        0.0000000000000000        0.0000000000000000        0.0000000000000000       5.37491077648110988E-016  -269864327202.45883        1972581227497.9141        0.0000000000000000      T
           7           2           1  -679.47444797244293       -1587.0634569494457        0.0000000000000000       -280.65141123790943       -125.41227272032702       2.84217094304040074E-014           2          11           6           8   0.0000000000000000        0.0000000000000000        0.0000000000000000        78806157238.018875       -176286758679.42731        0.0000000000000000       5.37491077648110988E-016   972748964376.38818       -5298591757874.4824        0.0000000000000000      T
           8           2           1  -1008.4170945031442       -1745.7103098569219        0.0000000000000000       -334.05942974038709       -203.47477832325276        0.0000000000000000                2          11           7          60   0.0000000000000000        0.0000000000000000        0.0000000000000000        281373840507.32861       -222728927670.64822        0.0000000000000000       5.37491077648110988E-016  -1538991915640.9951        3387292990303.2529        0.0000000000000000      T
           9           3           2   706.30269769742085        155.32442096946727        0.0000000000000000       -689.37731198678580       -196.69347035959993      -2.84217094304040074E-014           3          11          -1          10   0.0000000000000000        0.0000000000000000        0.0000000000000000        0.0000000000000000        0.0000000000000000        0.0000000000000000       5.37491077648110988E-016   18469620145.244171       -176972040176.27808        0.0000000000000000      T
          10           3           1   177.68037462177955       -38.908969959190607        0.0000000000000000       -455.06251312336713       -258.83450555644367        0.0000000000000000                3          11           9          11   0.0000000000000000        0.0000000000000000        0.0000000000000000        117600282367.13483       -216746188143.43402        0.0000000000000000       5.37491077648110988E-016   162940622963.48935       -11620545295.128479        0.0000000000000000      T
          11           3           1  -230.37819188866342       -419.31423880777027        0.0000000000000000       -300.41530427799904       -491.88448674633804       2.84217094304040074E-014           3          11          10          12   0.0000000000000000        0.0000000000000000        0.0000000000000000        316522703574.33307       -190144755038.14111        0.0000000000000000       5.37491077648110988E-016   224970955753.42908        168895719082.07416        0.0000000000000000      T
          12           3           1  -384.59572950599915       -954.04350941579094        0.0000000000000000       -30.104582147973716       -519.03116582800510      -2.84217094304040074E-014           3          11          11          13   0.0000000000000000        0.0000000000000000        0.0000000000000000        251483271676.43933       -3006874009.0100622        0.0000000000000000       5.37491077648110988E-016   112782437997.33614        104039204841.71518        0.0000000000000000      T
          13           3           2  -323.04400819248940       -1511.0424690179063        0.0000000000000000        142.83618395841614       -707.17554057204984        0.0000000000000000                3          11          12          -1   0.0000000000000000        0.0000000000000000        0.0000000000000000        0.0000000000000000        0.0000000000000000        0.0000000000000000       5.37491077648110988E-016   8120611098.6454868       -68685981039.027763        0.0000000000000000      T
          14           4           2  -1425.3827500776383       -2206.9837292861193        0.0000000000000000       -160.84450400221991        868.07515254021109        0.0000000000000000                4           7          -1          15   0.0000000000000000        0.0000000000000000        0.0000000000000000        0.0000000000000000        0.0000000000000000        0.0000000000000000       5.37491077648110988E-016  -2613765093369.1172        268775017475.90768        0.0000000000000000      T
          15           4           1  -1398.2825983688465       -1614.2129738892836        0.0000000000000000        127.63114285115637        519.33626853218834        0.0000000000000000                4           7          14          16   0.0000000000000000        0.0000000000000000        0.0000000000000000        144666052092.93069        953939712.06345534        0.0000000000000000       5.37491077648110988E-016  -2602319699439.1699        389476777494.50122        0.0000000000000000      T
          16           4           1  -1234.9213414392614       -1032.1203050693089        0.0000000000000000        221.70415851272458        579.17004598146684        0.0000000000000000                4           7          15          17   0.0000000000000000        0.0000000000000000        0.0000000000000000        301499042473.34894       -104315676264.96422        0.0000000000000000       5.37491077648110988E-016  -1339416817270.6460        237676354907.34918        0.0000000000000000      T
          17           4           1  -931.00002113692028       -517.72918129361494        0.0000000000000000        387.39995479372351        453.43492532894976        0.0000000000000000                4           7          16          18   0.0000000000000000        0.0000000000000000        0.0000000000000000        208096370333.44525       -166555806124.26663        0.0000000000000000       5.37491077648110988E-016   180233368881.09589       -340679356931.94189        0.0000000000000000      T
          18           4           1  -456.40544136643581       -150.91607570728019        0.0000000000000000        564.24372253085903        250.70294078881966       1.42108547152020037E-014           4           7          17          62   0.0000000000000000        0.0000000000000000        0.0000000000000000        66417823844.732788       -190238527613.94101        0.0000000000000000       5.37491077648110988E-016   12534458978.562401       -181346951124.17322        0.0000000000000000      T
          19           5           2  -323.04400819254818       -1511.0424690182554        0.0000000000000000        392.39661877914989       -1237.3836912806591        0.0000000000000000                5           7          -1          20   0.0000000000000000        0.0000000000000000        0.0000000000000000        0.0000000000000000        0.0000000000000000        0.0000000000000000       5.37491077648110988E-016   9135933548437.8750       -6126558430189.6055        0.0000000000000000      T
          20           5           1  -442.53835077139672       -1816.6861664691442        0.0000000000000000       -327.62188164357946       -9.8854297186978073        0.0000000000000000                5           7          19          21   0.0000000000000000        0.0000000000000000        0.0000000000000000       -538736134723.26288        386539533757.56567        0.0000000000000000       5.37491077648110988E-016   8804867612027.1660       -6583042806261.8213        0.0000000000000000      T
          21           5           1  -741.63265889064644       -2025.2394932365701        0.0000000000000000       -337.67504429912714       -265.66566249949375       4.26325641456060112E-014           5           7          20          22   0.0000000000000000        0.0000000000000000        0.0000000000000000       -416654055958.04071        624494720746.81738        0.0000000000000000       5.37491077648110988E-016  -4370588783623.1475        5298077759414.9053        0.0000000000000000      T
          22           5           1  -1075.4538127830085       -2261.1046910110613        0.0000000000000000       -220.42432719474732       -260.70749390907883        0.0000000000000000                5           7          21          23   0.0000000000000000        0.0000000000000000        0.0000000000000000        224619944744.49078        127474244010.67725        0.0000000000000000       5.37491077648110988E-016  -4741859795258.1777        9778114057376.1719        0.0000000000000000      T
          23           5           2  -1425.3827500766492       -2206.9837292854208        0.0000000000000000       -831.87792047989183        763.26292998925669      -5.68434188608080149E-014           5           7          22          -1   0.0000000000000000        0.0000000000000000        0.0000000000000000        0.0000000000000000        0.0000000000000000        0.0000000000000000       5.37491077648110988E-016  -2982707764931.5674        9865233951841.5938        0.0000000000000000      T
          24           6           2   706.30269769742085        155.32442096946727        0.0000000000000000        180.46996522360098       -686.46266350963390        0.0000000000000000                6           7          -1          25   0.0000000000000000        0.0000000000000000        0.0000000000000000        0.0000000000000000        0.0000000000000000        0.0000000000000000       5.37491077648110988E-016  -78863413558.059464       -77360142191.020493        0.0000000000000000      T
          25           6           1   793.70192318218528       -410.92788195344883        0.0000000000000000       -16.246023455766718       -539.30752463263036        0.0000000000000000                6           7          24          26   0.0000000000000000        0.0000000000000000        0.0000000000000000       -213042923183.65027       -926944412.75922179        0.0000000000000000       5.37491077648110988E-016   6281284827.8705425        84537039462.467407        0.0000000000000000      T
          26           6           1   644.76947011189861       -960.23752744251408        0.0000000000000000       -300.08555415710083       -502.99308319578853        0.0000000000000000                6           7          25          27   0.0000000000000000        0.0000000000000000        0.0000000000000000       -278300728927.07935        163196083077.20822        0.0000000000000000       5.37491077648110988E-016   185765035349.24933        125058330769.82877        0.0000000000000000      T
          27           6           1   230.19584852156743       -1346.4253738374998        0.0000000000000000       -473.92998389768354       -255.21261823636979       1.42108547152020037E-014           6           7          26          28   0.0000000000000000        0.0000000000000000        0.0000000000000000       -105538189118.30716        203968263449.67599        0.0000000000000000       5.37491077648110988E-016   194576784920.26776       -89682381680.990219        0.0000000000000000      T
          28           6           2  -323.04400819248940       -1511.0424690179063        0.0000000000000000       -707.63494516532910       -128.57126858490921        0.0000000000000000                6           7          27          -1   0.0000000000000000        0.0000000000000000        0.0000000000000000        0.0000000000000000        0.0000000000000000        0.0000000000000000       5.37491077648110988E-016   25687982951.266338       -277426497266.90253        0.0000000000000000      T
          29           7           2  -1425.3827500776383       -2206.9837292861193        0.0000000000000000       -110.86275386427161        838.17580501280963        0.0000000000000000                7           8          -1          30   0.0000000000000000        0.0000000000000000        0.0000000000000000        0.0000000000000000        0.0000000000000000        0.0000000000000000       5.37491077648110988E-016  -770758838113.41296        20828413520.696587        0.0000000000000000      T
          30           7           1  -1429.9408230117212       -1579.9576785987933        0.0000000000000000        67.941393766343012        567.86787607748226        0.0000000000000000                7           8          29          31   0.0000000000000000        0.0000000000000000        0.0000000000000000        103388068373.17305       -2427182471.4706421        0.0000000000000000       5.37491077648110988E-016  -654219170746.47412        34360345446.314354        0.0000000000000000      T
          31           7           1  -1303.8546772850671       -966.96149798403121        0.0000000000000000        203.68139717661268        610.41938458352581        0.0000000000000000                7           8          30          32   0.0000000000000000        0.0000000000000000        0.0000000000000000        133485010622.09000       -39983232526.070137        0.0000000000000000       5.37491077648110988E-016  -330981832211.58203        28419729644.452351        0.0000000000000000      T
          32           7           1  -1001.3194269323615       -419.24377636333816        0.0000000000000000        403.19720576528522        472.59629229478094        0.0000000000000000                7           8          31          33   0.0000000000000000        0.0000000000000000        0.0000000000000000        146751211091.92542       -123268377353.69128        0.0000000000000000       5.37491077648110988E-016  -128110710651.13181       -102213752902.86237        0.0000000000000000      T
          33           7           1  -505.47468552838359       -39.838917977832665        0.0000000000000000        578.66975503229719        280.56318625594668       2.84217094304040074E-014           7           8          32          63   0.0000000000000000        0.0000000000000000        0.0000000000000000        80678067586.491119       -161342956296.10791        0.0000000000000000       5.37491077648110988E-016  -124863081369.26743       -38255367452.117233        0.0000000000000000      T
          34           8           2  -323.04400819254818       -1511.0424690182554        0.0000000000000000        205.86992758981026       -908.76182129565245      -5.68434188608080149E-014           8           8          -1          35   0.0000000000000000        0.0000000000000000        0.0000000000000000        0.0000000000000000        0.0000000000000000        0.0000000000000000       5.37491077648110988E-016   9891733119337.8457       -4811820434699.8232        0.0000000000000000      T
          35           8           1  -465.33204637773628       -1814.0831729944182        0.0000000000000000       -279.12891073660353       -132.24173888841324      -5.68434188608080149E-014           8           8          34          36   0.0000000000000000        0.0000000000000000        0.0000000000000000       -783049020369.50757        362564743102.56360        0.0000000000000000       5.37491077648110988E-016   9418394080203.1484       -5658029150317.7969        0.0000000000000000      T
          36           8           1  -737.33402875776426       -2069.2030723903058        0.0000000000000000       -332.22434633904425       -236.75303326684727      -4.97379915032070130E-014           8           8          35          37   0.0000000000000000        0.0000000000000000        0.0000000000000000       -453579487381.57666        762199809160.27405        0.0000000000000000       5.37491077648110988E-016  -4609643208827.3721        6529488999989.2227        0.0000000000000000      T
          37           8           1  -1080.9017631288100       -2228.9941515767723        0.0000000000000000       -238.68285416044168       -165.47906379125993       5.68434188608080149E-014           8           8          36          38   0.0000000000000000        0.0000000000000000        0.0000000000000000        190403277855.64465        211030617404.30103        0.0000000000000000       5.37491077648110988E-016  -4745808342410.0820        9916772208460.6152        0.0000000000000000      T
          38           8           2  -1425.3827500766492       -2206.9837292854208        0.0000000000000000       -777.19040097584423        485.32731774654320       2.84217094304040074E-014           8           8          37          -1   0.0000000000000000        0.0000000000000000        0.0000000000000000        0.0000000000000000        0.0000000000000000        0.0000000000000000       5.37491077648110988E-016  -3294975901287.1743        10494909900039.008        0.0000000000000000      T
          39           9           2   706.30269769742017        155.32442096946733        0.0000000000000000        241.06761304635768       -666.49490734476228      -5.68434188608080149E-014           9           8          -1          40   0.0000000000000000        0.0000000000000000        0.0000000000000000        0.0000000000000000        0.0000000000000000        0.0000000000000000       5.37491077648110988E-016  -34155055370.350071       -81872981480.022888        0.0000000000000000      T
          40           9           1   828.62234305041886       -420.79642832106015        0.0000000000000000       -1.6689434023421228       -561.36909406805637        0.0000000000000000                9           8          39          41   0.0000000000000000        0.0000000000000000        0.0000000000000000       -176877523928.67892       -7404926382.8457050        0.0000000000000000       5.37491077648110988E-016   24618069638.705673        53513795337.236893        0.0000000000000000      T
          41           9           1   684.35052820329861       -988.41662302654538        0.0000000000000000       -300.24834791935388       -519.25184837105064        0.0000000000000000                9           8          40          42   0.0000000000000000        0.0000000000000000        0.0000000000000000       -248537139500.58301        140812512682.71194        0.0000000000000000       5.37491077648110988E-016   224030012015.22437        67181572591.431137        0.0000000000000000      T
          42           9           1   253.80248117460860       -1377.9129495069683        0.0000000000000000       -521.79725054767357       -232.97307600546551      -1.42108547152020037E-014           9           8          41          43   0.0000000000000000        0.0000000000000000        0.0000000000000000       -92880087517.463867        197507971949.81927        0.0000000000000000       5.37491077648110988E-016   238354722980.63287       -134859362545.57788        0.0000000000000000      T
          43           9           2  -323.04400819248968       -1511.0424690179061        0.0000000000000000       -634.74625907731661       -116.73338558116916        0.0000000000000000                9           8          42          -1   0.0000000000000000        0.0000000000000000        0.0000000000000000        0.0000000000000000        0.0000000000000000        0.0000000000000000       5.37491077648110988E-016   61563417292.109673       -207211348687.74323        0.0000000000000000      T
          44          10           2  -1425.3827500776383       -2206.9837292861193        0.0000000000000000        819.16245836755650        31.823499084250965       7.46069872548105195E-014          10          10          -1          45   0.0000000000000000        0.0000000000000000        0.0000000000000000        0.0000000000000000        0.0000000000000000        0.0000000000000000       5.37491077648110988E-016  -32090732968.223671        308265512151.59338        0.0000000000000000      T
          45          10           1  -818.72700221271703       -2151.3139578749369        0.0000000000000000        536.24233896356952        123.47542828650295       7.10542735760100186E-015          10          10          44          46   0.0000000000000000        0.0000000000000000        0.0000000000000000       -22740310777.469688        102803210176.41257        0.0000000000000000       5.37491077648110988E-016  -98963757713.648285        242471884106.19232        0.0000000000000000      T
          46          10           1  -257.87507819727671       -1926.6643941129585        0.0000000000000000        538.39120141924980        315.23279328921916       2.84217094304040074E-014          10          10          45          47   0.0000000000000000        0.0000000000000000        0.0000000000000000       -92504754894.375885        141855632125.72876        0.0000000000000000       5.37491077648110988E-016  -154170507260.63214        98554644753.156036        0.0000000000000000      T
          47          10           1   214.74784377799870       -1542.1513260107395        0.0000000000000000        410.61739333157874        443.08129414921279        0.0000000000000000               10          10          46          48   0.0000000000000000        0.0000000000000000        0.0000000000000000       -166072559219.88495        152629508165.84396        0.0000000000000000       5.37491077648110988E-016  -294787162285.46301        46653591329.073471        0.0000000000000000      T
          48          10           1   549.53425103108077       -1041.4485863685129        0.0000000000000000        241.36721293950981        568.08945334726639       2.84217094304040074E-014          10          10          47          64   0.0000000000000000        0.0000000000000000        0.0000000000000000       -200895164372.48172        93699276676.754791        0.0000000000000000       5.37491077648110988E-016   340684520991.17627       -352758962641.37769        0.0000000000000000      T
          49          11           2  -323.04400819254818       -1511.0424690182554        0.0000000000000000       -665.44700539252108        93.235047819776440       7.10542735760100186E-015          11          10          -1          50   0.0000000000000000        0.0000000000000000        0.0000000000000000        0.0000000000000000        0.0000000000000000        0.0000000000000000       5.37491077648110988E-016  -81804630982.532410        3042538049698.6899        0.0000000000000000      T
          50          11           1  -698.05802654967613       -1573.3170131258216        0.0000000000000000       -303.28770540977951       -82.958620507256200      -2.84217094304040074E-014          11          10          49          51   0.0000000000000000        0.0000000000000000        0.0000000000000000        555813040168.80811       -760437189782.86719        0.0000000000000000       5.37491077648110988E-016   4942789615791.1367       -9812136662259.6797        0.0000000000000000      T
          51          11           1  -1073.2304610741335       -1648.2315769551001        0.0000000000000000       -371.96153161311611       -172.96788960128580        0.0000000000000000               11          10          50          52   0.0000000000000000        0.0000000000000000        0.0000000000000000        430851525456.85791       -62170270539.184631        0.0000000000000000       5.37491077648110988E-016   7282984136833.7949       -8190414636980.1055        0.0000000000000000      T
          52          11           1  -1381.9723267154459       -1871.1282701165060        0.0000000000000000       -260.60906863506523       -118.60359205965301        0.0000000000000000               11          10          51          53   0.0000000000000000        0.0000000000000000        0.0000000000000000        337551324317.03284        116226186767.52460        0.0000000000000000       5.37491077648110988E-016   9216308463074.3613       -5940421562687.5273        0.0000000000000000      T
          53          11           2  -1425.3827500766492       -2206.9837292854208        0.0000000000000000        357.94093914582902       -1028.8741991510644        0.0000000000000000               11          10          52          -1   0.0000000000000000        0.0000000000000000        0.0000000000000000        0.0000000000000000        0.0000000000000000        0.0000000000000000       5.37491077648110988E-016   9987267532839.7168       -4610258911111.7930        0.0000000000000000      T
          54          12           2   706.30269769742063        155.32442096946738        0.0000000000000000       -708.15386433405183       -135.46418136707931       4.97379915032070130E-014          12          10          -1          55   0.0000000000000000        0.0000000000000000        0.0000000000000000        0.0000000000000000        0.0000000000000000        0.0000000000000000       5.37491077648110988E-016   22309423539.039547       -256614351606.30441        0.0000000000000000      T
          55          12           1   157.21210361252190       -12.217316375439941        0.0000000000000000       -471.13774513044211       -256.44808576099257       1.42108547152020037E-014          12          10          54          56   0.0000000000000000        0.0000000000000000        0.0000000000000000        104534553772.28021       -200159783548.50055        0.0000000000000000       5.37491077648110988E-016   183873407422.79114       -77819355325.819214        0.0000000000000000      T
          56          12           1  -258.62110397657324       -399.02080720186791        0.0000000000000000       -302.06656016616085       -501.77916010295627        0.0000000000000000               12          10          55          57   0.0000000000000000        0.0000000000000000        0.0000000000000000        278167603646.49792       -164176438744.60583        0.0000000000000000       5.37491077648110988E-016   182340588774.08569        129326243708.92325        0.0000000000000000      T
          57          12           1  -408.52855577316302       -945.20852672181820        0.0000000000000000       -17.817992361969118       -535.40890486631690        0.0000000000000000               12          10          56          58   0.0000000000000000        0.0000000000000000        0.0000000000000000        214641543894.79843       -9780172.9488390684        0.0000000000000000       5.37491077648110988E-016   8858116540.5583591        86674180982.474609        0.0000000000000000      T
          58          12           2  -323.04400819248940       -1511.0424690179063        0.0000000000000000        180.06981696628816       -692.65020587989170        0.0000000000000000               12          10          57          -1   0.0000000000000000        0.0000000000000000        0.0000000000000000        0.0000000000000000        0.0000000000000000        0.0000000000000000       5.37491077648110988E-016  -80603264110.921158       -78343210785.728531        0.0000000000000000      T
          59           1           1   622.10426338742434       -444.02737407765892        0.0000000000000000        44.483899800139831        528.44927106688181       2.84217094304040074E-014           1          11           5          65   0.0000000000000000        0.0000000000000000        0.0000000000000000       -115384933873.26242        13278948137.564625        0.0000000000000000       5.37491077648110988E-016   254334733585.05386       -44526828903.240341        0.0000000000000000      T
          60           2           1  -1317.9057605674070       -1921.1255499111021        0.0000000000000000       -298.40480758543384       -62.874892871631850        0.0000000000000000                2          11           8          61   0.0000000000000000        0.0000000000000000        0.0000000000000000        657006918416.30469       -343284048448.24829        0.0000000000000000       5.37491077648110988E-016   8706898432744.3164       -6686208815658.6143        0.0000000000000000      T
          61           2           2  -1425.3827500766492       -2206.9837292854208        0.0000000000000000        276.78169336160715       -928.84590847571678        0.0000000000000000                2          11          60          -1   0.0000000000000000        0.0000000000000000        0.0000000000000000        0.0000000000000000        0.0000000000000000        0.0000000000000000       5.37491077648110988E-016   9426549184773.7539       -5669230147651.5537        0.0000000000000000      T
          62           4           1   122.74396734757072        2.8005556183700770        0.0000000000000000        516.85712053631448        105.34252225172702      -7.10542735760100186E-015           4           7          18          66   0.0000000000000000        0.0000000000000000        0.0000000000000000        27889945063.750935       -127075654548.67979        0.0000000000000000       5.37491077648110988E-016  -25104940854.796627        74260487154.147491        0.0000000000000000      T
          63           7           1   89.359396477056265        140.25313829697706        0.0000000000000000        554.16024433377947        83.641706662376777      -3.55271367880050093E-014           7           8          33          67   0.0000000000000000        0.0000000000000000        0.0000000000000000        15372808596.718822       -85745157632.635956        0.0000000000000000       5.37491077648110988E-016  -83490011637.024078        161835389007.50604        0.0000000000000000      T
          64          10           1   691.99522162689482       -455.66347411417746        0.0000000000000000        55.655888457070652        544.02444815140780        0.0000000000000000               10          10          48          68   0.0000000000000000        0.0000000000000000        0.0000000000000000       -116060676284.09833        13403234491.113667        0.0000000000000000       5.37491077648110988E-016   45168928634.539612       -66300708556.803879        0.0000000000000000      T
          65           1           2   706.30269769648964        155.32442096853606        0.0000000000000000        188.79612076859979        880.78574089057497        0.0000000000000000                1          11          59          -1   0.0000000000000000        0.0000000000000000        0.0000000000000000        0.0000000000000000        0.0000000000000000        0.0000000000000000       5.37491077648110988E-016   558749018716.90515       -70999547210.078720        0.0000000000000000      T
          66           4           2   706.30269769648964        155.32442096853606        0.0000000000000000        856.45221251265946        246.64846023172151        0.0000000000000000                4           7          62          -1   0.0000000000000000        0.0000000000000000        0.0000000000000000        0.0000000000000000        0.0000000000000000        0.0000000000000000       5.37491077648110988E-016   18407506203.490505       -52612331839.338104        0.0000000000000000      T
          67           7           2   706.30269769648964        155.32442096853606        0.0000000000000000        840.02141730720439       -29.639996066347930      -7.10542735760100186E-015           7           8          63          -1   0.0000000000000000        0.0000000000000000        0.0000000000000000        0.0000000000000000        0.0000000000000000        0.0000000000000000       5.37491077648110988E-016  -7660963493.1476908        84556086700.491714        0.0000000000000000      T
          68          10           2   706.30269769648964        155.32442096853606        0.0000000000000000        6.3145732284331757        846.13177605824990        0.0000000000000000               10          10          64          -1   0.0000000000000000        0.0000000000000000        0.0000000000000000        0.0000000000000000        0.0000000000000000        0.0000000000000000       5.37491077648110988E-016   174226338171.89465       -4608485124.9461870        0.0000000000000000      T
