           1   2378.6246261874257        2378.6246261874257        2378.6246261874257                2
          17          18
           1   2961.9591195589951        2961.9591195589951        2961.9591195589951                2
          21          22
           1   4129.2805094669511        4129.2805094669511        4129.2805094669511                2
          13          19
           2   2378.6246261874257        3154.3753738125743        2378.6246261874257                0
           2   2961.9591195589951        2571.0408804410049        2961.9591195589951                0
           2   4129.2805094669511        1403.7194905330489        4129.2805094669511                0
           3   3154.3753738125743        3154.3753738125743        2378.6246261874257                2
          15          16
           3   2571.0408804410049        2571.0408804410049        2961.9591195589951                2
          20          23
           3   1403.7194905330489        1403.7194905330489        4129.2805094669511                2
          14          24
           4   3154.3753738125743        2378.6246261874257        2378.6246261874257                0
           4   2571.0408804410049        2961.9591195589951        2961.9591195589951                0
           4   1403.7194905330489        4129.2805094669511        4129.2805094669511                0
           1   2284.9471761336181        2284.9471761336176        2284.9471761336176                2
           3          19
           3   3248.0528238663819        3248.0528238663824        2284.9471761336176                2
           9          24
           3   1310.0420404792412        1310.0420404792408        4222.9579595207597                1
           7
           3   4998.7087071459073        4998.7087071459073        534.29129285409226                1
           7
           1   534.29129285409238        534.29129285409238        534.29129285409249                1
           1
           1   4222.9579595207588        4222.9579595207597        4222.9579595207597                1
           1
           1   440.61384280028471        440.61384280028415        440.61384280028426                2
          13           3
           3   726.70754710767142        726.70754710767187        4806.2924528923286                1
           8
           1   1117.6257862256612        1117.6257862256621        1117.6257862256618                1
           2
           1   4806.2924528923277        4806.2924528923277        4806.2924528923277                1
           2
           3   4415.3742137743393        4415.3742137743375        1117.6257862256616                1
           8
           3   5092.3861571997149        5092.3861571997149        440.61384280028432                2
           9          14
           1           1           2  -1425.3827500776383       -2206.9837292861193        0.0000000000000000        414.31241151541712        311.76703316460487        0.0000000000000000                1          11          -1           2   0.0000000000000000        0.0000000000000000        0.0000000000000000        0.0000000000000000        0.0000000000000000        0.0000000000000000       5.37491077648110988E-016  -174896663502.17307        409408441963.23309        0.0000000000000000      T
           2           1           1  -899.71896560443463       -2261.5419830008150        0.0000000000000000        432.94522686569150       -359.57405096565617      -2.84217094304040074E-014           1          11           1           3   0.0000000000000000        0.0000000000000000        0.0000000000000000        141001818403.72607        144201627354.42957        0.0000000000000000       5.37491077648110988E-016   156778305678.95514       -454870957167.91986        0.0000000000000000      T
           3           1           1  -701.87343004410695       -2771.2541121239001        0.0000000000000000        24.434641122410987       -566.28197781532253        0.0000000000000000                1          11           2           4   0.0000000000000000        0.0000000000000000        0.0000000000000000        333386330749.40936        32396536552.675774        0.0000000000000000       5.37491077648110988E-016   84256173037.857666       -334583920305.07678        0.0000000000000000      T
           4           1           1  -761.06733013852022        1201.0784380341813        0.0000000000000000       -114.72888495759119       -540.46352148738811        0.0000000000000000               18          11           3           5   0.0000000000000000        0.0000000000000000        0.0000000000000000        342096635570.60754       -103971772415.09509        0.0000000000000000       5.37491077648110988E-016  -308949993445.25867       -242564321629.23291        0.0000000000000000      T
           5           1           1  -888.39688990170805        654.01764270388617        0.0000000000000000       -125.08948086485056       -549.07541857109197        0.0000000000000000               18          11           4         109   0.0000000000000000        0.0000000000000000        0.0000000000000000        640150220542.44971       -116635256774.95056        0.0000000000000000       5.37491077648110988E-016  -894015030859.44836        216706643153.34949        0.0000000000000000      T
           6           2           2  -323.04400819254818       -1511.0424690182554        0.0000000000000000        367.96877565561107        476.22896496831163       5.68434188608080149E-014           2          11          -1          56   0.0000000000000000        0.0000000000000000        0.0000000000000000        0.0000000000000000        0.0000000000000000        0.0000000000000000       5.37491077648110988E-016  -317229654568.32098        805492958566.46448        0.0000000000000000      T
           7           3           2   706.30269769742085        155.32442096946727        0.0000000000000000       -668.87303933451949       -201.88666205244277      -1.42108547152020037E-014           3          11          -1           8   0.0000000000000000        0.0000000000000000        0.0000000000000000        0.0000000000000000        0.0000000000000000        0.0000000000000000       5.37491077648110988E-016  -157120791255.84479       -505344489585.68457        0.0000000000000000      T
           8           3           1   241.37813116908444        530.61083515993391        0.0000000000000000       -227.15225178076398        661.85945614467312        0.0000000000000000                3          11           7           9   0.0000000000000000        0.0000000000000000        0.0000000000000000       -207720496502.74512       -41055257062.558716        0.0000000000000000       5.37491077648110988E-016   137725035271.99524        324940703452.08398        0.0000000000000000      T
           9           3           1   246.64467841605116        1173.1724718002538        0.0000000000000000        198.50798861346709        607.99298996610980        0.0000000000000000                3          11           8          10   0.0000000000000000        0.0000000000000000        0.0000000000000000       -283005439560.96362        85860455648.061066        0.0000000000000000       5.37491077648110988E-016   49104567530.659073        401901602563.18896        0.0000000000000000      T
          10           3           1   570.51855898598012       -2787.6415330178220        0.0000000000000000        420.54158077758319        504.43822627694163      -2.84217094304040074E-014          13          11           9          11   0.0000000000000000        0.0000000000000000        0.0000000000000000       -264626121688.69620        225792196925.02411        0.0000000000000000       5.37491077648110988E-016   143659681807.36523        271844395521.61169        0.0000000000000000      T
          11           3           1   1049.9447757501164       -2347.3739625860985        0.0000000000000000        529.22598027839581        365.64154858639057       2.84217094304040074E-014          13          11          10          71   0.0000000000000000        0.0000000000000000        0.0000000000000000       -212429684592.12238        324063903197.77380        0.0000000000000000       5.37491077648110988E-016   227055477354.78882        230575977034.45416        0.0000000000000000      T
          12           4           2  -1425.3827500776383       -2206.9837292861193        0.0000000000000000        517.06820244454218        376.83250417628869        0.0000000000000000                4           7          -1          13   0.0000000000000000        0.0000000000000000        0.0000000000000000        0.0000000000000000        0.0000000000000000        0.0000000000000000       5.37491077648110988E-016   560959083981.13159       -613956441219.95544        0.0000000000000000      T
          13           4           1  -952.91154164572743       -1774.8714797536957        0.0000000000000000        455.89830925436945        451.90625148919401        0.0000000000000000                4           7          12          14   0.0000000000000000        0.0000000000000000        0.0000000000000000       -15040491195.821739        16414078193.024788        0.0000000000000000       5.37491077648110988E-016   494892431425.51935       -536894448984.09314        0.0000000000000000      T
          14           4           1  -488.08972125930427       -1333.5312246924298        0.0000000000000000        471.21764699298240        435.90000364800341       2.84217094304040074E-014           4           7          13          15   0.0000000000000000        0.0000000000000000        0.0000000000000000       -28136963130.740494        28142084113.810852        0.0000000000000000       5.37491077648110988E-016   186558676452.93188       -218630215375.27310        0.0000000000000000      T
          15           4           1  -37.948849421090955       -877.15764793321193        0.0000000000000000        404.11917944761052        497.63522938024289       2.84217094304040074E-014           4           7          14          16   0.0000000000000000        0.0000000000000000        0.0000000000000000       -44988020226.781662        37622116976.006271        0.0000000000000000       5.37491077648110988E-016  -60651924516.616714       -16742668203.581762        0.0000000000000000      T
          16           4           1   327.44737916271083       -349.65379732967699        0.0000000000000000        358.91693648262088        525.19136091928340       2.84217094304040074E-014           4           7          15          58   0.0000000000000000        0.0000000000000000        0.0000000000000000       -18296877510.362877        12807515277.792171        0.0000000000000000       5.37491077648110988E-016   106716557587.20795       -66314914369.216293        0.0000000000000000      T
          17           5           2  -323.04400819254818       -1511.0424690182554        0.0000000000000000       -215.43169415731188       -524.16305777732850        0.0000000000000000                5           7          -1          18   0.0000000000000000        0.0000000000000000        0.0000000000000000        0.0000000000000000        0.0000000000000000        0.0000000000000000       5.37491077648110988E-016   3510071509384.1206       -8498206092918.4229        0.0000000000000000      T
          18           5           1  -638.61931943161835       -1647.6003088020127        0.0000000000000000       -306.26676953127833       -99.962297304763226      -2.84217094304040074E-014           5           7          17          19   0.0000000000000000        0.0000000000000000        0.0000000000000000       -146415537665.97165        80180389802.828018        0.0000000000000000       5.37491077648110988E-016  -4821707166996.9795        5681625183722.3477        0.0000000000000000      T
          19           5           1  -909.99493435223201       -1887.1458711885907        0.0000000000000000       -320.35400619662636       -204.29795951462535        0.0000000000000000                5           7          18          20   0.0000000000000000        0.0000000000000000        0.0000000000000000        167706834486.60953       -208882089590.27902        0.0000000000000000       5.37491077648110988E-016  -760177660748.75842        81502227444.354706        0.0000000000000000      T
          20           5           1  -1204.4070260727788       -2048.6234079097862        0.0000000000000000       -109.68032560569812       -285.91516196005597       1.06581410364015028E-014           5           7          19          21   0.0000000000000000        0.0000000000000000        0.0000000000000000       -293520206457.83008        464453009682.48376        0.0000000000000000       5.37491077648110988E-016  -2694030344819.6338        3507541806608.5859        0.0000000000000000      T
          21           5           2  -1425.3827500766492       -2206.9837292854208        0.0000000000000000       -787.08813855383255        388.44503306435945       2.84217094304040074E-014           5           7          20          -1   0.0000000000000000        0.0000000000000000        0.0000000000000000        0.0000000000000000        0.0000000000000000        0.0000000000000000       5.37491077648110988E-016  -5363995877633.4473        7471367323780.1064        0.0000000000000000      T
          22           6           2   706.30269769742085        155.32442096946727        0.0000000000000000        271.18413280699104       -799.01548273361072        0.0000000000000000                6           7          -1          23   0.0000000000000000        0.0000000000000000        0.0000000000000000        0.0000000000000000        0.0000000000000000        0.0000000000000000       5.37491077648110988E-016   8139595929305.3916       -5252380460421.6270        0.0000000000000000      T
          23           6           1   447.20327391998853       -225.40461188097407        0.0000000000000000       -409.83112946493247       -289.64138134395284        0.0000000000000000                6           7          22          24   0.0000000000000000        0.0000000000000000        0.0000000000000000       -502367156848.32703        303829668467.97681        0.0000000000000000       5.37491077648110988E-016   3815496531834.2822       -2396472952127.4814        0.0000000000000000      T
          24           6           1   144.00567025773938       -644.92730752339060        0.0000000000000000       -318.75069726630562       -443.17417736915024        0.0000000000000000                6           7          23          25   0.0000000000000000        0.0000000000000000        0.0000000000000000       -58108065060.520592       -6612722591.8100376        0.0000000000000000       5.37491077648110988E-016  -402172980272.74219        49206469811.283905        0.0000000000000000      T
          25           6           1  -138.74771673373627       -1076.7158767446106        0.0000000000000000       -73.019053431021334       -491.59570377035425        0.0000000000000000                6           7          24          26   0.0000000000000000        0.0000000000000000        0.0000000000000000       -436524408077.03217        221488816119.19592        0.0000000000000000       5.37491077648110988E-016  -5750675645267.5107        2485795073921.3013        0.0000000000000000      T
          26           6           2  -323.04400819248940       -1511.0424690179063        0.0000000000000000       -790.32212436029511       -188.78849203298091       8.52651282912120223E-014           6           7          25          -1   0.0000000000000000        0.0000000000000000        0.0000000000000000        0.0000000000000000        0.0000000000000000        0.0000000000000000       5.37491077648110988E-016  -10185054604502.443        4155076738557.7334        0.0000000000000000      T
          27           7           2  -1425.3827500776383       -2206.9837292861193        0.0000000000000000        431.55920046880510        390.88912898713249      -2.84217094304040074E-014           7           8          -1          28   0.0000000000000000        0.0000000000000000        0.0000000000000000        0.0000000000000000        0.0000000000000000        0.0000000000000000       5.37491077648110988E-016  -89252193096.044144        261458640508.67868        0.0000000000000000      T
          28           7           1  -910.51196793578924       -2145.0494436677473        0.0000000000000000        493.14794949584763       -219.86613386969961       2.84217094304040074E-014           7           8          27          29   0.0000000000000000        0.0000000000000000        0.0000000000000000        114783701588.53304        200994701430.89056        0.0000000000000000       5.37491077648110988E-016   242853223125.60266       -269854619141.95081        0.0000000000000000      T
          29           7           1  -542.31321358026184       -2537.6739749809394        0.0000000000000000        245.05761103993410       -503.49533059279440        0.0000000000000000                7           8          28          30   0.0000000000000000        0.0000000000000000        0.0000000000000000        333127792812.60266        161180384610.95178        0.0000000000000000       5.37491077648110988E-016   181711783617.42465       -296540937353.98901        0.0000000000000000      T
          30           7           1  -405.47480192729643        1444.1102808900841        0.0000000000000000        41.733104369894356       -551.70011690495244      -5.68434188608080149E-014          15           8          29         104   0.0000000000000000        0.0000000000000000        0.0000000000000000        471259049589.94788        28951298611.149231        0.0000000000000000       5.37491077648110988E-016   393751515474.43726       -258735122921.91202        0.0000000000000000      T
          31          13           2   899.67125373032343        3149.5052820292535        0.0000000000000000       -696.71736925236814        268.87242210090619        0.0000000000000000                7           8         101          59   0.0000000000000000        0.0000000000000000        0.0000000000000000        0.0000000000000000        0.0000000000000000        0.0000000000000000       5.37491077648110988E-016   0.0000000000000000        0.0000000000000000        0.0000000000000000      T
          32           8           2  -323.04400819254818       -1511.0424690182554        0.0000000000000000        266.00948908145591        545.47048665343868       5.68434188608080149E-014           8           8          -1          33   0.0000000000000000        0.0000000000000000        0.0000000000000000        0.0000000000000000        0.0000000000000000        0.0000000000000000       5.37491077648110988E-016  -14301617270.211828        202361703124.35309        0.0000000000000000      T
          33           8           1   129.89149127058369       -1198.4350791411555        0.0000000000000000        552.92063910115712        22.566299415279758       1.06581410364015028E-014           8           8          32          34   0.0000000000000000        0.0000000000000000        0.0000000000000000        21841892649.401836        134404787280.40817        0.0000000000000000       5.37491077648110988E-016   428376654355.06635        291085271994.09814        0.0000000000000000      T
          34           8           1   625.31258154631166       -1445.1130553915673        0.0000000000000000        367.37772373049495       -437.94744343449349        0.0000000000000000                8           8          33          93   0.0000000000000000        0.0000000000000000        0.0000000000000000        201957339361.53012        148046797968.77576        0.0000000000000000       5.37491077648110988E-016   198060821108.09119       -279391325642.30920        0.0000000000000000      T
          35           9           2   706.30269769742017        155.32442096946733        0.0000000000000000       -880.91510931697223       -587.21594015432674      -5.68434188608080149E-014           9           8          -1          36   0.0000000000000000        0.0000000000000000        0.0000000000000000        0.0000000000000000        0.0000000000000000        0.0000000000000000       5.37491077648110988E-016  -1026564917280.3397       -1216601206200.6262        0.0000000000000000      T
          36           9           1   96.724960225269228        420.47758583813305        0.0000000000000000       -315.04361767623317        734.16464975273800        0.0000000000000000                9           8          35          37   0.0000000000000000        0.0000000000000000        0.0000000000000000       -232637733277.57617       -99118635334.303070        0.0000000000000000       5.37491077648110988E-016   13702364173.851280        542864066777.89447        0.0000000000000000      T
          37           9           1   72.034954746744859        1185.9932202563382        0.0000000000000000        238.28635116987911        742.56373900398694      -5.68434188608080149E-014           9           8          36          38   0.0000000000000000        0.0000000000000000        0.0000000000000000       -310191629149.13367        92751355453.983994        0.0000000000000000       5.37491077648110988E-016  -2575890247.9163818        598131994915.43774        0.0000000000000000      T
          38           9           1   504.51948413347174       -2678.1361097118956        0.0000000000000000        585.28178472132436        552.76605440055312      -5.68434188608080149E-014          14           8          37          39   0.0000000000000000        0.0000000000000000        0.0000000000000000       -268941653654.78741        307760000397.87659        0.0000000000000000       5.37491077648110988E-016   62330949656.371490        584265614738.31323        0.0000000000000000      T
          39           9           1   1174.3941007662099       -2257.8905003538471        0.0000000000000000        727.66394800321882        267.74762838256862      -5.68434188608080149E-014          14           8          38          75   0.0000000000000000        0.0000000000000000        0.0000000000000000       -159596061453.09521        432424897583.30713        0.0000000000000000       5.37491077648110988E-016   362411681789.04596        350489342008.57855        0.0000000000000000      T
          40          10           2  -1425.3827500776383       -2206.9837292861193        0.0000000000000000        463.36990494937487        443.50587265640229       2.84217094304040074E-014          10          10          -1          41   0.0000000000000000        0.0000000000000000        0.0000000000000000        0.0000000000000000        0.0000000000000000        0.0000000000000000       5.37491077648110988E-016  -26987488836.042454        26947065948.271019        0.0000000000000000      T
          41          10           1  -966.89328168226086       -1763.1914678849462        0.0000000000000000        454.03482877685110        445.57304326934536        0.0000000000000000               10          10          40          42   0.0000000000000000        0.0000000000000000        0.0000000000000000        28594030487.653461       -29708440169.496117        0.0000000000000000       5.37491077648110988E-016   115511021222.43483       -121337661562.42549        0.0000000000000000      T
          42          10           1  -511.11977045930519       -1318.3780576309832        0.0000000000000000        463.27971879822007        440.01896923162434        0.0000000000000000               10          10          41          43   0.0000000000000000        0.0000000000000000        0.0000000000000000       -23544900663.483780        24337693277.321281        0.0000000000000000       5.37491077648110988E-016   184678045100.77948       -192058975204.10840        0.0000000000000000      T
          43          10           1  -61.592122351716483       -864.52443591400640        0.0000000000000000        408.74977402190098        490.35217571697592        0.0000000000000000               10          10          42          44   0.0000000000000000        0.0000000000000000        0.0000000000000000       -31751823163.573334        26582518410.036957        0.0000000000000000       5.37491077648110988E-016  -2613138919.3171592       -28540867567.936493        0.0000000000000000      T
          44          10           1   313.44095450814831       -345.27091490982366        0.0000000000000000        375.40336001653725        517.89375606395049      -2.84217094304040074E-014          10          10          43          60   0.0000000000000000        0.0000000000000000        0.0000000000000000       -14289210873.917038        11220516510.553627        0.0000000000000000       5.37491077648110988E-016  -95324959544.052155        75822695542.297333        0.0000000000000000      T
          45          11           2  -323.04400819254818       -1511.0424690182554        0.0000000000000000       -833.22652349592977        523.88068893733623      -2.84217094304040074E-014          11          10          -1          46   0.0000000000000000        0.0000000000000000        0.0000000000000000        0.0000000000000000        0.0000000000000000        0.0000000000000000       5.37491077648110988E-016  -6167243239182.5869        9108518585849.0020        0.0000000000000000      T
          46          11           1  -554.15367269077774       -1621.7792702049601        0.0000000000000000       -68.911124365363392       -330.50125752721880      -4.26325641456060112E-014          11          10          45          47   0.0000000000000000        0.0000000000000000        0.0000000000000000        225457023156.89871       -375171567358.17896        0.0000000000000000       5.37491077648110988E-016  -3447292527382.1929        5251940971585.2041        0.0000000000000000      T
          47          11           1  -800.39581454714744       -1829.7007890493999        0.0000000000000000       -323.18439810641570       -157.85061892189546      -7.10542735760100186E-015          11          10          46          48   0.0000000000000000        0.0000000000000000        0.0000000000000000        45422055150.139862       -81834188764.841614        0.0000000000000000       5.37491077648110988E-016  -993220085201.86536        1503856927821.9834        0.0000000000000000      T
          48          11           1  -1113.6475066100511       -2009.9329659653965        0.0000000000000000       -316.83278496679469       -202.55735406650800      -1.06581410364015028E-014          11          10          47          49   0.0000000000000000        0.0000000000000000        0.0000000000000000       -13185611929.658939        27011949119.610374        0.0000000000000000       5.37491077648110988E-016  -1070341646766.7448        1568599080639.6641        0.0000000000000000      T
          49          11           2  -1425.3827500766492       -2206.9837292854208        0.0000000000000000       -284.44526861490954       -163.76878552013474      -1.42108547152020037E-014          11          10          48          -1   0.0000000000000000        0.0000000000000000        0.0000000000000000        0.0000000000000000        0.0000000000000000        0.0000000000000000       5.37491077648110988E-016   0.0000000000000000        0.0000000000000000        0.0000000000000000      T
          50          12           2   706.30269769742063        155.32442096946738        0.0000000000000000       -856.04382502878525       -106.05073152203899      -4.26325641456060112E-014          12          10          -1          51   0.0000000000000000        0.0000000000000000        0.0000000000000000        0.0000000000000000        0.0000000000000000        0.0000000000000000       5.37491077648110988E-016  -9727180943553.7344        5136336329658.0479        0.0000000000000000      T
          51          12           1   491.77940733707896       -233.11788713936522        0.0000000000000000       -59.614385223665110       -484.96591802116995       2.84217094304040074E-014          12          10          50          52   0.0000000000000000        0.0000000000000000        0.0000000000000000        474920146686.30994       -289937364479.18317        0.0000000000000000       5.37491077648110988E-016  -4935271977464.0586        2701174020516.9766        0.0000000000000000      T
          52          12           1   240.34434262800573       -666.67073598059744        0.0000000000000000       -303.37369928479967       -420.07106724347625        0.0000000000000000               12          10          51          53   0.0000000000000000        0.0000000000000000        0.0000000000000000        6528388556.8926659       -1351414578.3976269        0.0000000000000000       5.37491077648110988E-016  -635090439851.73462        333726719123.92297        0.0000000000000000      T
          53          12           1  -36.487481961886260       -1093.4517495445189        0.0000000000000000       -311.69148553403181       -415.75140022038579       2.84217094304040074E-014          12          10          52          54   0.0000000000000000        0.0000000000000000        0.0000000000000000        214091181499.54706       -138072535643.54800        0.0000000000000000       5.37491077648110988E-016   1372398369572.7476       -983419334059.29529        0.0000000000000000      T
          54          12           2  -323.04400819248940       -1511.0424690179063        0.0000000000000000       -140.02541104055791       -450.03853098690718        0.0000000000000000               12          10          53          -1   0.0000000000000000        0.0000000000000000        0.0000000000000000        0.0000000000000000        0.0000000000000000        0.0000000000000000       5.37491077648110988E-016   2841348433541.2671       -2132970127689.9497        0.0000000000000000      T
          55          14           2   237.24325308322011        3539.9496993898283        0.0000000000000000       -485.88312275205408        496.64665398277236        0.0000000000000000                1          11          99          62   0.0000000000000000        0.0000000000000000        0.0000000000000000        0.0000000000000000        0.0000000000000000        0.0000000000000000       5.37491077648110988E-016   0.0000000000000000        0.0000000000000000        0.0000000000000000      T
          56           2           1   186.80511111844362       -1334.5029097928150        0.0000000000000000        515.04339767648389       -161.31581324120367        0.0000000000000000                2          11           6          57   0.0000000000000000        0.0000000000000000        0.0000000000000000        48818399344.564056        130389072289.65065        0.0000000000000000       5.37491077648110988E-016   362746737938.58838        43120062963.588074        0.0000000000000000      T
          57           2           1   554.71924824539894       -1752.4485578329047        0.0000000000000000        205.14740295229481       -555.18397844744504       5.68434188608080149E-014           2          11          56         110   0.0000000000000000        0.0000000000000000        0.0000000000000000        200626195913.65411        67915783354.541679        0.0000000000000000       5.37491077648110988E-016   22680834749.948139       -174283549933.54974        0.0000000000000000      T
          58           4           2   706.30269769648964        155.32442096853606        0.0000000000000000        392.96771597464806        499.04553364786693      -2.84217094304040074E-014           4           7          16          -1   0.0000000000000000        0.0000000000000000        0.0000000000000000        0.0000000000000000        0.0000000000000000        0.0000000000000000       5.37491077648110988E-016   164443213828.76260       -115783762335.58096        0.0000000000000000      T
          59          13           2   316.43247488864597        3439.4180844261232        0.0000000000000000       -670.04890956739837        380.69768993862937        0.0000000000000000                7           8          31          61   0.0000000000000000        0.0000000000000000        0.0000000000000000        0.0000000000000000        0.0000000000000000        0.0000000000000000       5.37491077648110988E-016   0.0000000000000000        0.0000000000000000        0.0000000000000000      T
          60          10           2   706.30269769648964        155.32442096853606        0.0000000000000000        393.32124605656878        497.61937067484996      -2.84217094304040074E-014          10          10          44          -1   0.0000000000000000        0.0000000000000000        0.0000000000000000        0.0000000000000000        0.0000000000000000        0.0000000000000000       5.37491077648110988E-016  -194970352170.27390        156558937486.50488        0.0000000000000000      T
          61          13           2  -144.68149821239390       -557.80817822518145        0.0000000000000000       -324.21331462742580        686.64540105470394        0.0000000000000000               16           8          59          63   0.0000000000000000        0.0000000000000000        0.0000000000000000        0.0000000000000000        0.0000000000000000        0.0000000000000000       5.37491077648110988E-016   0.0000000000000000        0.0000000000000000        0.0000000000000000      T
          62          14           2  -161.49366682966595       -466.84215180135789        0.0000000000000000       -352.99615385954786        555.88150643221024        0.0000000000000000               17          11          55          64   0.0000000000000000        0.0000000000000000        0.0000000000000000        0.0000000000000000        0.0000000000000000        0.0000000000000000       5.37491077648110988E-016   0.0000000000000000        0.0000000000000000        0.0000000000000000      T
          63          13           2  -429.68830351859185        32.180210781038710        0.0000000000000000       -307.25040409601161        647.63637227801939        0.0000000000000000               16           8          61          65   0.0000000000000000        0.0000000000000000        0.0000000000000000        0.0000000000000000        0.0000000000000000        0.0000000000000000       5.37491077648110988E-016   0.0000000000000000        0.0000000000000000        0.0000000000000000      T
          64          14           2  -429.01784566880804        112.90187225953423        0.0000000000000000       -295.67641760815764        594.66406028061192        0.0000000000000000               17          11          62          66   0.0000000000000000        0.0000000000000000        0.0000000000000000        0.0000000000000000        0.0000000000000000        0.0000000000000000       5.37491077648110988E-016   0.0000000000000000        0.0000000000000000        0.0000000000000000      T
          65          13           2   3338.3011482210486       -1586.6425294091111        0.0000000000000000       -44.996408112252084        718.11363472474443        0.0000000000000000                7           8          63          67   0.0000000000000000        0.0000000000000000        0.0000000000000000        0.0000000000000000        0.0000000000000000        0.0000000000000000       5.37491077648110988E-016   0.0000000000000000        0.0000000000000000        0.0000000000000000      T
          66          14           2   3338.4622558819547       -1513.3020702728409        0.0000000000000000        11.998642977135169        670.83014951528924        0.0000000000000000                1          11          64          68   0.0000000000000000        0.0000000000000000        0.0000000000000000        0.0000000000000000        0.0000000000000000        0.0000000000000000       5.37491077648110988E-016   0.0000000000000000        0.0000000000000000        0.0000000000000000      T
          67          13           2   3376.2459956711109       -943.61640553092093        0.0000000000000000        145.52914745416800        679.20533187537603        0.0000000000000000                7           8          65          69   0.0000000000000000        0.0000000000000000        0.0000000000000000        0.0000000000000000        0.0000000000000000        0.0000000000000000       5.37491077648110988E-016   0.0000000000000000        0.0000000000000000        0.0000000000000000      T
          68          14           2   3399.4657614993012       -878.40061620382278        0.0000000000000000        149.12898920107611        646.73865991505420        0.0000000000000000                1          11          66          70   0.0000000000000000        0.0000000000000000        0.0000000000000000        0.0000000000000000        0.0000000000000000        0.0000000000000000       5.37491077648110988E-016   0.0000000000000000        0.0000000000000000        0.0000000000000000      T
          69          13           2   3505.6785829201772       -308.81814843568804        0.0000000000000000        152.49451068451509        629.02276800177003        0.0000000000000000                7           8          67          72   0.0000000000000000        0.0000000000000000        0.0000000000000000        0.0000000000000000        0.0000000000000000        0.0000000000000000       5.37491077648110988E-016   0.0000000000000000        0.0000000000000000        0.0000000000000000      T
          70          14           2  -321.01438982432012       -2519.3342899639069        0.0000000000000000        229.71004320960708        591.98112302690936        0.0000000000000000               18          11          68          73   0.0000000000000000        0.0000000000000000        0.0000000000000000        0.0000000000000000        0.0000000000000000        0.0000000000000000       5.37491077648110988E-016   0.0000000000000000        0.0000000000000000        0.0000000000000000      T
          71           3           1   1629.7517672542422       -2082.9234279367447        0.0000000000000000        640.25412291361931        147.14989462073191      -5.68434188608080149E-014          13          11          11         137   0.0000000000000000        0.0000000000000000        0.0000000000000000       -82318679013.029083        406309516776.15466        0.0000000000000000       5.37491077648110988E-016   578486322299.46094        415961932962.54865        0.0000000000000000      T
          72          13           2  -212.62482592527886       -1962.9545736352384        0.0000000000000000        279.65325443062125        586.82987219151357        0.0000000000000000               15           8          69          74   0.0000000000000000        0.0000000000000000        0.0000000000000000        0.0000000000000000        0.0000000000000000        0.0000000000000000       5.37491077648110988E-016   0.0000000000000000        0.0000000000000000        0.0000000000000000      T
          73          14           2  -122.41115195577788       -1921.4772492327347        0.0000000000000000        211.05765578444755        610.97180234193024        0.0000000000000000               18          11          70          76   0.0000000000000000        0.0000000000000000        0.0000000000000000        0.0000000000000000        0.0000000000000000        0.0000000000000000       5.37491077648110988E-016   0.0000000000000000        0.0000000000000000        0.0000000000000000      T
          74          13           2   34.635802857368162       -1383.9569571194604        0.0000000000000000        311.40732707962843        581.33958904067720        0.0000000000000000               15           8          72          77   0.0000000000000000        0.0000000000000000        0.0000000000000000        0.0000000000000000        0.0000000000000000        0.0000000000000000       5.37491077648110988E-016   0.0000000000000000        0.0000000000000000        0.0000000000000000      T
          75           9           1   1928.3297947564961       -2123.0441659844132        0.0000000000000000        775.49335513487438        41.519263251618227      -4.44089209850062616E-016          14           8          39          81   0.0000000000000000        0.0000000000000000        0.0000000000000000       -20536835190.869080        442678277113.32312        0.0000000000000000       5.37491077648110988E-016   395077863859.97339        297548487677.72314        0.0000000000000000      T
          76          14           2   119.37268295200789       -1313.6043297030324        0.0000000000000000        279.72033236583576        578.82250043848069        0.0000000000000000               18          11          73          78   0.0000000000000000        0.0000000000000000        0.0000000000000000        0.0000000000000000        0.0000000000000000        0.0000000000000000       5.37491077648110988E-016   0.0000000000000000        0.0000000000000000        0.0000000000000000      T
          77          13           2   368.48682912642533       -816.25764149081101        0.0000000000000000        389.23593501298467        547.33136184144530        0.0000000000000000               15           8          74          80   0.0000000000000000        0.0000000000000000        0.0000000000000000        0.0000000000000000        0.0000000000000000        0.0000000000000000       5.37491077648110988E-016   0.0000000000000000        0.0000000000000000        0.0000000000000000      T
          78          14           2   445.15336860244764       -776.45678486077418        0.0000000000000000        382.41748488341199        520.25460530965461        0.0000000000000000               18          11          76          82   0.0000000000000000        0.0000000000000000        0.0000000000000000        0.0000000000000000        0.0000000000000000        0.0000000000000000       5.37491077648110988E-016   0.0000000000000000        0.0000000000000000        0.0000000000000000      T
          79          15           2  -633.16669811024349       -216.78570921059995        0.0000000000000000        561.28080079047390       -771.24132085250710        0.0000000000000000               19          11         134          85   0.0000000000000000        0.0000000000000000        0.0000000000000000        0.0000000000000000        0.0000000000000000        0.0000000000000000       5.37491077648110988E-016   0.0000000000000000        0.0000000000000000        0.0000000000000000      T
          80          13           2   805.16145905371650       -331.83968916609831        0.0000000000000000        486.04926068486361        452.46844218586739        0.0000000000000000               15           8          77          83   0.0000000000000000        0.0000000000000000        0.0000000000000000        0.0000000000000000        0.0000000000000000        0.0000000000000000       5.37491077648110988E-016   0.0000000000000000        0.0000000000000000        0.0000000000000000      T
          81           9           1   2707.6853488059478       -2174.3584100288408        0.0000000000000000        770.23637557649670       -183.22841041402137       2.84217094304040074E-014          14           8          75          87   0.0000000000000000        0.0000000000000000        0.0000000000000000        147376149918.43204        434698308963.82068        0.0000000000000000       5.37491077648110988E-016   709829955952.51050        352975644410.64221        0.0000000000000000      T
          82          14           2   901.72519296588484       -295.52527122830827        0.0000000000000000        496.86902053853794        455.54340272668446        0.0000000000000000               18          11          78          84   0.0000000000000000        0.0000000000000000        0.0000000000000000        0.0000000000000000        0.0000000000000000        0.0000000000000000       5.37491077648110988E-016   0.0000000000000000        0.0000000000000000        0.0000000000000000      T
          83          13           2   1328.7062387599467        34.471835407194675        0.0000000000000000        506.51168116193145        401.57605465579331        0.0000000000000000               15           8          80          86   0.0000000000000000        0.0000000000000000        0.0000000000000000        0.0000000000000000        0.0000000000000000        0.0000000000000000       5.37491077648110988E-016   0.0000000000000000        0.0000000000000000        0.0000000000000000      T
          84          14           2   1429.8634537578982        90.262784707971804        0.0000000000000000        532.88172401937061        359.03351527920472        0.0000000000000000               18          11          82          88   0.0000000000000000        0.0000000000000000        0.0000000000000000        0.0000000000000000        0.0000000000000000        0.0000000000000000       5.37491077648110988E-016   0.0000000000000000        0.0000000000000000        0.0000000000000000      T
          85          15           2  -290.93403565722690        3565.6402732358583        0.0000000000000000        139.41967369161779       -861.07084301600423        0.0000000000000000               13          11          79          89   0.0000000000000000        0.0000000000000000        0.0000000000000000        0.0000000000000000        0.0000000000000000        0.0000000000000000       5.37491077648110988E-016   0.0000000000000000        0.0000000000000000        0.0000000000000000      T
          86          13           2   1856.5669020468390        407.02046036681367        0.0000000000000000        511.77619975569627        372.34680780762670        0.0000000000000000               15           8          83          90   0.0000000000000000        0.0000000000000000        0.0000000000000000        0.0000000000000000        0.0000000000000000        0.0000000000000000       5.37491077648110988E-016   0.0000000000000000        0.0000000000000000        0.0000000000000000      T
          87           9           1  -521.65549166976280       -275.67500357830340        0.0000000000000000        530.87074419586213       -543.01150778686463        0.0000000000000000               24           8          81          95   0.0000000000000000        0.0000000000000000        0.0000000000000000        366753309916.18933        339063207905.56274        0.0000000000000000       5.37491077648110988E-016   557838848995.18237       -182938339350.31891        0.0000000000000000      T
          88          14           2   1964.3147143541448        428.99531942203191        0.0000000000000000        526.86593224430078        366.95400030951822        0.0000000000000000               18          11          84          91   0.0000000000000000        0.0000000000000000        0.0000000000000000        0.0000000000000000        0.0000000000000000        0.0000000000000000       5.37491077648110988E-016   0.0000000000000000        0.0000000000000000        0.0000000000000000      T
          89          15           2  -187.83838845784180        2811.8740543234235        0.0000000000000000        164.99546241815855       -736.15718751350744        0.0000000000000000               13          11          85          97   0.0000000000000000        0.0000000000000000        0.0000000000000000        0.0000000000000000        0.0000000000000000        0.0000000000000000       5.37491077648110988E-016   0.0000000000000000        0.0000000000000000        0.0000000000000000      T
          90          13           2  -1518.4174546643428        3010.0704827947425        0.0000000000000000        620.88117486190367        281.86140615352195        0.0000000000000000                7           8          86          92   0.0000000000000000        0.0000000000000000        0.0000000000000000        0.0000000000000000        0.0000000000000000        0.0000000000000000       5.37491077648110988E-016   0.0000000000000000        0.0000000000000000        0.0000000000000000      T
          91          14           2  -1392.5600435270871        3030.2626234454865        0.0000000000000000        601.51533652527394        271.44253411552387        0.0000000000000000                1          11          88          96   0.0000000000000000        0.0000000000000000        0.0000000000000000        0.0000000000000000        0.0000000000000000        0.0000000000000000       5.37491077648110988E-016   0.0000000000000000        0.0000000000000000        0.0000000000000000      T
          92          13           2  -887.74699913153040        3247.3612303550126        0.0000000000000000        680.73167172091291        131.34980736941279        0.0000000000000000                7           8          90          98   0.0000000000000000        0.0000000000000000        0.0000000000000000        0.0000000000000000        0.0000000000000000        0.0000000000000000       5.37491077648110988E-016   0.0000000000000000        0.0000000000000000        0.0000000000000000      T
          93           8           1   823.82423472159292       -1961.2405131426358        0.0000000000000000        59.366696329890708       -559.19282768174730        0.0000000000000000                8           8          34          94   0.0000000000000000        0.0000000000000000        0.0000000000000000        245486242639.92557        41062709281.047447        0.0000000000000000       5.37491077648110988E-016   143121529351.46533       -216741615816.33087        0.0000000000000000      T
          94           8           1   778.73717792294110       -2521.2846475211327        0.0000000000000000       -144.57071992016947       -553.79602222721337        0.0000000000000000                8           8          93         126   0.0000000000000000        0.0000000000000000        0.0000000000000000        258927620806.23975       -66883346694.742142        0.0000000000000000       5.37491077648110988E-016   36732477187.188454       -124443695326.68393        0.0000000000000000      T
          95           9           1  -172.71268887719953        3562.8031166552755        0.0000000000000000        202.35199550611762       -762.78109861516020        0.0000000000000000               14           8          87         102   0.0000000000000000        0.0000000000000000        0.0000000000000000        480946875578.57739        171631918351.91467        0.0000000000000000       5.37491077648110988E-016   121273222703.09895       -470963985436.78381        0.0000000000000000      T
          96          14           2  -799.36102368787203        3289.6930765341240        0.0000000000000000        647.75562627571856        176.61005845014904        0.0000000000000000                1          11          91          99   0.0000000000000000        0.0000000000000000        0.0000000000000000        0.0000000000000000        0.0000000000000000        0.0000000000000000       5.37491077648110988E-016   0.0000000000000000        0.0000000000000000        0.0000000000000000      T
          97          15           2   40.421401893187181        2081.3364865693220        0.0000000000000000        280.52829760648234       -819.35403466372020        0.0000000000000000               13          11          89         100   0.0000000000000000        0.0000000000000000        0.0000000000000000        0.0000000000000000        0.0000000000000000        0.0000000000000000       5.37491077648110988E-016   0.0000000000000000        0.0000000000000000        0.0000000000000000      T
          98          13           2  -245.70506486579859        3305.4904121763502        0.0000000000000000        669.27733872130102       -18.815731422004419        0.0000000000000000                7           8          92         101   0.0000000000000000        0.0000000000000000        0.0000000000000000        0.0000000000000000        0.0000000000000000        0.0000000000000000       5.37491077648110988E-016   0.0000000000000000        0.0000000000000000        0.0000000000000000      T
          99          14           2  -143.58493754285701        3375.2641869214099        0.0000000000000000        678.85552337709510        41.902235699933321        0.0000000000000000                1          11          96          55   0.0000000000000000        0.0000000000000000        0.0000000000000000        0.0000000000000000        0.0000000000000000        0.0000000000000000       5.37491077648110988E-016   0.0000000000000000        0.0000000000000000        0.0000000000000000      T
         100          15           2   125.61608460314869        1275.8100178270233        0.0000000000000000       -115.89627927491368       -844.09924189899004        0.0000000000000000               13          11          97         103   0.0000000000000000        0.0000000000000000        0.0000000000000000        0.0000000000000000        0.0000000000000000        0.0000000000000000       5.37491077648110988E-016   0.0000000000000000        0.0000000000000000        0.0000000000000000      T
         101          13           2   410.43166255592450        3238.9745802429425        0.0000000000000000        695.29256627423035       -134.86791524989965        0.0000000000000000                7           8          98          31   0.0000000000000000        0.0000000000000000        0.0000000000000000        0.0000000000000000        0.0000000000000000        0.0000000000000000       5.37491077648110988E-016   0.0000000000000000        0.0000000000000000        0.0000000000000000      T
         102           9           1  -25.777014747088288        2783.6507936649691        0.0000000000000000        147.35670454769360       -780.91345284200270        0.0000000000000000               14           8          95         105   0.0000000000000000        0.0000000000000000        0.0000000000000000        443619216650.83398        98563276365.798676        0.0000000000000000       5.37491077648110988E-016   105263391021.18967       -135766860128.15916        0.0000000000000000      T
         103          15           2   14.646269110283214        515.85726388284581        0.0000000000000000       -180.99576309169194       -811.23155877075703        0.0000000000000000               13          11         100         106   0.0000000000000000        0.0000000000000000        0.0000000000000000        0.0000000000000000        0.0000000000000000        0.0000000000000000       5.37491077648110988E-016   0.0000000000000000        0.0000000000000000        0.0000000000000000      T
         104           7           1  -424.49980022907698        892.00504831861781        0.0000000000000000       -58.549788465957619       -553.69387870804962      -5.68434188608080149E-014          15           8          30         107   0.0000000000000000        0.0000000000000000        0.0000000000000000        466706024203.63123       -40987739850.117073        0.0000000000000000       5.37491077648110988E-016   493711096074.96338       -236391962553.29242        0.0000000000000000      T
         105           9           1   134.22544398203445        2010.6189395195056        0.0000000000000000        129.03558488080714       -770.11762142413636        0.0000000000000000               14           8         102         108   0.0000000000000000        0.0000000000000000        0.0000000000000000        399232946716.37830        66292183654.869324        0.0000000000000000       5.37491077648110988E-016  -233471874677.61688       -151478230943.08908        0.0000000000000000      T
         106          15           2  -229.27709656061427       -227.80944746284177        0.0000000000000000       -325.47391342245396       -782.97693588877894        0.0000000000000000               13          11         103         112   0.0000000000000000        0.0000000000000000        0.0000000000000000        0.0000000000000000        0.0000000000000000        0.0000000000000000       5.37491077648110988E-016   0.0000000000000000        0.0000000000000000        0.0000000000000000      T
         107           7           1  -495.73117411005137        336.22044967867009        0.0000000000000000       -78.303067054328892       -557.19386189709053        0.0000000000000000               15           8         104         113   0.0000000000000000        0.0000000000000000        0.0000000000000000        458603701316.61237       -60658587260.884689        0.0000000000000000       5.37491077648110988E-016   56191599378.875793       -139292540612.98557        0.0000000000000000      T
         108           9           1   176.75058004221114        1230.6996192835941        0.0000000000000000       -55.916259703024600       -797.46958460557755        0.0000000000000000               14           8         105         114   0.0000000000000000        0.0000000000000000        0.0000000000000000        397626243824.64362       -23658354720.801556        0.0000000000000000       5.37491077648110988E-016  -535443082768.56830       -153644961231.95444        0.0000000000000000      T
         109           1           1  -977.52146082996558        105.45944939018409        0.0000000000000000       -34.275583657342331       -550.09177016023784        0.0000000000000000               18          11           5         115   0.0000000000000000        0.0000000000000000        0.0000000000000000        734918462772.40881       -90680050199.716248        0.0000000000000000       5.37491077648110988E-016   633134713422.00378        249486826784.58710        0.0000000000000000      T
         110           2           1   607.68678296377516       -2316.2142667324342        0.0000000000000000       -72.987993949668237       -563.08234378787358        0.0000000000000000                2          11          57         111   0.0000000000000000        0.0000000000000000        0.0000000000000000        367833687218.98010       -56559690452.078415        0.0000000000000000       5.37491077648110988E-016   334433147767.60266       -216514279975.36926        0.0000000000000000      T
         111           2           1   445.39907034724376       -2859.9117951417056        0.0000000000000000       -241.15596084808772       -514.87635832746366        0.0000000000000000                2          11         110         129   0.0000000000000000        0.0000000000000000        0.0000000000000000        242071453847.76105       -115864769418.69699        0.0000000000000000       5.37491077648110988E-016   611265800577.86304       -447678007732.23877        0.0000000000000000      T
         112          15           2  -660.21775172242883       -905.38435875404025        0.0000000000000000       -557.80040201657050       -608.72970657511257        0.0000000000000000               13          11         106         116   0.0000000000000000        0.0000000000000000        0.0000000000000000        0.0000000000000000        0.0000000000000000        0.0000000000000000       5.37491077648110988E-016   0.0000000000000000        0.0000000000000000        0.0000000000000000      T
         113           7           1  -579.72616531626954       -216.22282710370405        0.0000000000000000       -93.917038578303490       -542.21429997055270       5.68434188608080149E-014          15           8         107         117   0.0000000000000000        0.0000000000000000        0.0000000000000000        435108948784.44788       -73913117343.756805        0.0000000000000000       5.37491077648110988E-016  -671513723832.22437       -917149077.05937195        0.0000000000000000      T
         114           9           1   28.265304415336914        435.29543891756180        0.0000000000000000       -223.25096476880069       -765.97454195938724        0.0000000000000000               14           8         108         118   0.0000000000000000        0.0000000000000000        0.0000000000000000        414973519241.73010       -125113138005.81613        0.0000000000000000       5.37491077648110988E-016   37655996811.532272       -272290688088.66666        0.0000000000000000      T
         115           1           1  -957.99118586593625       -448.63058214040279        0.0000000000000000        53.408927601537677       -558.50217532082070        0.0000000000000000               18          11         109         119   0.0000000000000000        0.0000000000000000        0.0000000000000000        371994076816.70819        73397745695.880142        0.0000000000000000       5.37491077648110988E-016  -322810996776.44904       -200099209819.96533        0.0000000000000000      T
         116          15           2  -1213.9948820730533       -1438.5454797544473        0.0000000000000000       -611.85489863034832       -503.08016316186144        0.0000000000000000               13          11         112         120   0.0000000000000000        0.0000000000000000        0.0000000000000000        0.0000000000000000        0.0000000000000000        0.0000000000000000       5.37491077648110988E-016   0.0000000000000000        0.0000000000000000        0.0000000000000000      T
         117           7           1  -700.27117255211192       -747.77244995158378        0.0000000000000000       -159.64877395863928       -525.92763711146142      -2.84217094304040074E-014          15           8         113         121   0.0000000000000000        0.0000000000000000        0.0000000000000000        401987727025.02301       -106368997969.43393        0.0000000000000000       5.37491077648110988E-016  -937284401130.20874        123375085462.86795        0.0000000000000000      T
         118           9           1  -264.37961297651623       -284.86848409690083        0.0000000000000000       -374.47046027795477       -685.33655769835821        0.0000000000000000               14           8         114         122   0.0000000000000000        0.0000000000000000        0.0000000000000000        381958165344.83459       -224317016853.31021        0.0000000000000000       5.37491077648110988E-016   204506125580.76041       -329622825244.38318        0.0000000000000000      T
         119           1           1  -946.34026623361206       -1004.4007932065268        0.0000000000000000       -85.816542959749569       -545.48025634661235        0.0000000000000000               18          11         115         123   0.0000000000000000        0.0000000000000000        0.0000000000000000        358006306958.79260       -54083124030.280151        0.0000000000000000       5.37491077648110988E-016  -132050174910.34410       -277600735936.00513        0.0000000000000000      T
         120          15           2  -1840.6140171802206       -1870.2079012934842        0.0000000000000000       -683.27938298063782       -405.30725694446232        0.0000000000000000               13          11         116         124   0.0000000000000000        0.0000000000000000        0.0000000000000000        0.0000000000000000        0.0000000000000000        0.0000000000000000       5.37491077648110988E-016   0.0000000000000000        0.0000000000000000        0.0000000000000000      T
         121           7           1  -903.28042561881671       -1267.0686832620440        0.0000000000000000       -238.15064649478089       -506.61272005861912      -2.84217094304040074E-014          15           8         117         125   0.0000000000000000        0.0000000000000000        0.0000000000000000        360546022052.06421       -161114326733.43390        0.0000000000000000       5.37491077648110988E-016  -189542873046.25906       -79814799206.791458        0.0000000000000000      T
         122           9           1  -731.45613824220152       -922.48913788248456        0.0000000000000000       -558.03152209199652       -566.03295764731740       2.84217094304040074E-014          14           8         118         127   0.0000000000000000        0.0000000000000000        0.0000000000000000        331922582122.89349       -320245128416.07312        0.0000000000000000       5.37491077648110988E-016  -368733132966.86292       -127768336921.53082        0.0000000000000000      T
         123           1           1   2774.7343147091706        728.53212861603311        0.0000000000000000       -249.23171495272371       -504.60204043308636        0.0000000000000000                1          11         119         128   0.0000000000000000        0.0000000000000000        0.0000000000000000        240220902571.95279       -110873254374.08221        0.0000000000000000       5.37491077648110988E-016   230230943266.32059       -264177462588.19006        0.0000000000000000      T
         124          15           2  -2514.3404720200551       -2222.6586684508102        0.0000000000000000       -728.49676002069725       -381.90624946073842        0.0000000000000000               13          11         120         130   0.0000000000000000        0.0000000000000000        0.0000000000000000        0.0000000000000000        0.0000000000000000        0.0000000000000000       5.37491077648110988E-016   0.0000000000000000        0.0000000000000000        0.0000000000000000      T
         125           7           1   2741.6167665762164        505.72023654079385        0.0000000000000000       -299.35028359275219       -463.65679658658973        0.0000000000000000                7           8         121         131   0.0000000000000000        0.0000000000000000        0.0000000000000000        256575928759.77957       -155985050635.51611        0.0000000000000000       5.37491077648110988E-016   318099374014.47455       -264268134271.78607        0.0000000000000000      T
         126           8           1   550.62780923193986       -3046.2671549266042        0.0000000000000000       -300.67309311817235       -480.70300876130455        0.0000000000000000                8           8          94         138   0.0000000000000000        0.0000000000000000        0.0000000000000000        244762660150.89996       -152212840359.27533        0.0000000000000000       5.37491077648110988E-016  -137708281062.72839       -16860278991.643671        0.0000000000000000      T
         127           9           1  -1361.4577784799965       -1407.4839116403402        0.0000000000000000       -684.63794786450137       -418.37789434269001      -2.84217094304040074E-014          14           8         122         132   0.0000000000000000        0.0000000000000000        0.0000000000000000        249961230078.08380       -409690489923.13770        0.0000000000000000       5.37491077648110988E-016  -142103183392.00269       -201830937747.36639        0.0000000000000000      T
         128           1           1   2507.6542545623547        242.10762556356599        0.0000000000000000       -292.53849575695460       -473.09969902042531      -2.84217094304040074E-014           1          11         123         133   0.0000000000000000        0.0000000000000000        0.0000000000000000        176739295268.50018       -115526929421.21384        0.0000000000000000       5.37491077648110988E-016  -298517471678.19629        22660966362.907589        0.0000000000000000      T
         129           2           1   135.49019283070083       -3334.0176634340341        0.0000000000000000       -378.97793305720404       -430.82241300707130        0.0000000000000000                2          11         111         142   0.0000000000000000        0.0000000000000000        0.0000000000000000        189558740614.12524       -190889925381.30176        0.0000000000000000       5.37491077648110988E-016   192692367181.19122       -302389250771.83319        0.0000000000000000      T
         130          15           2   641.28613871867969       -178.24981872286716        0.0000000000000000       -864.48172043236264       -119.74083587707057        0.0000000000000000               19          11         124         134   0.0000000000000000        0.0000000000000000        0.0000000000000000        0.0000000000000000        0.0000000000000000        0.0000000000000000       5.37491077648110988E-016   0.0000000000000000        0.0000000000000000        0.0000000000000000      T
         131           7           1   2416.4108114271194        62.305567556963446        0.0000000000000000       -342.63996891190294       -427.15071454766303      -2.84217094304040074E-014           7           8         125         149   0.0000000000000000        0.0000000000000000        0.0000000000000000        100499828330.82974       -64603046479.258606        0.0000000000000000       5.37491077648110988E-016   30314515717.925541       -85021671296.183319        0.0000000000000000      T
         132           9           1  -2079.9349769508776       -1775.0725001060587        0.0000000000000000       -748.85320257602632       -318.20555165264494       5.68434188608080149E-014          14           8         127         135   0.0000000000000000        0.0000000000000000        0.0000000000000000        176111127151.78540       -407384098102.40936        0.0000000000000000       5.37491077648110988E-016  -184132945059.73590       -99319363110.008774        0.0000000000000000      T
         133           1           1   2172.6251471520000       -206.45995037395431        0.0000000000000000       -386.94180469096966       -407.97540045517314        0.0000000000000000                1          11         128         136   0.0000000000000000        0.0000000000000000        0.0000000000000000        230136547830.05103       -215478059038.08322        0.0000000000000000       5.37491077648110988E-016  -528987599311.10400        182138712263.80777        0.0000000000000000      T
         134          15           2  -172.24495020967231       -152.64796712447733        0.0000000000000000       -914.72104762217850        108.85051195349347        0.0000000000000000               19          11         130          79   0.0000000000000000        0.0000000000000000        0.0000000000000000        0.0000000000000000        0.0000000000000000        0.0000000000000000       5.37491077648110988E-016   0.0000000000000000        0.0000000000000000        0.0000000000000000      T
         135           9           1  -2848.2452530328146       -2015.3100293461732        0.0000000000000000       -780.31166548984743       -132.27825216422900        0.0000000000000000               14           8         132         139   0.0000000000000000        0.0000000000000000        0.0000000000000000        68242458247.894997       -411966500441.16687        0.0000000000000000       5.37491077648110988E-016  -244639510646.15143       -129564899931.19589        0.0000000000000000      T
         136           1           1   1722.9300855763977       -537.24297997975748        0.0000000000000000       -513.86679243703793       -233.05051578885238        0.0000000000000000                1          11         133         146   0.0000000000000000        0.0000000000000000        0.0000000000000000        120480541898.96429       -299328866119.01294        0.0000000000000000       5.37491077648110988E-016  -80491044164.290863       -234138204029.16583        0.0000000000000000      T
         137           3           1   2269.6254932178167       -1996.5258891387618        0.0000000000000000        568.79968047022862        98.303093272689736       1.42108547152020037E-014          13          11          71         140   0.0000000000000000        0.0000000000000000        0.0000000000000000       -46648793234.128540        549380270931.01624        0.0000000000000000       5.37491077648110988E-016   1221529204322.7402        949523629435.88599        0.0000000000000000      T
         138           8           1   193.20474320603080       -3478.1796235753359        0.0000000000000000       -409.33421175787203       -394.07687089017782        0.0000000000000000                8           8         126         144   0.0000000000000000        0.0000000000000000        0.0000000000000000        194882673105.04617       -204773004885.27612        0.0000000000000000       5.37491077648110988E-016  -292307885261.96545        99469095935.211823        0.0000000000000000      T
         139           9           1   280.03151423783083        211.74522518406593        0.0000000000000000       -787.26612281395921        31.258362770272218       8.52651282912120223E-014          24           8         135         141   0.0000000000000000        0.0000000000000000        0.0000000000000000       -18632066578.138332       -494840663794.58875        0.0000000000000000       5.37491077648110988E-016  -130966731973.95757       -228701456855.41882        0.0000000000000000      T
         140           3           1   2569.6311277333075       -1771.1632908170268        0.0000000000000000       -95.814763357336318        394.91814364766151       5.68434188608080149E-014          13          11         137         143   0.0000000000000000        0.0000000000000000        0.0000000000000000       -539530878987.12512       -387644409632.14148        0.0000000000000000       5.37491077648110988E-016   1651133777830.7871        1558656305839.0894        0.0000000000000000      T
         141           9           1   3412.4040479321525       -1978.1299657135596        0.0000000000000000       -763.20686219042022        118.78499198098029      -2.84217094304040074E-014          14           8         139         145   0.0000000000000000        0.0000000000000000        0.0000000000000000       -104221711987.32593       -511954479789.40356        0.0000000000000000       5.37491077648110988E-016  -175997346994.56067        230652188008.39661        0.0000000000000000      T
         142           2           1  -303.72738310422517        812.17708253705700        0.0000000000000000       -490.31166727750252       -298.59410342728927       2.84217094304040074E-014          22          11         129         147   0.0000000000000000        0.0000000000000000        0.0000000000000000        157639786347.67688       -305914758381.82172        0.0000000000000000       5.37491077648110988E-016  -292607516096.04822       -111776680526.82858        0.0000000000000000      T
         143           3           1   2197.4643676080445       -1235.2872028285344        0.0000000000000000       -402.02400387019986        605.74039106734915        0.0000000000000000               13          11         140         148   0.0000000000000000        0.0000000000000000        0.0000000000000000       -372838896398.99988       -221218471500.32251        0.0000000000000000       5.37491077648110988E-016   476740768468.69287        628298460919.93188        0.0000000000000000      T
         144           8           1  -260.34494569650849        689.70485855846096        0.0000000000000000       -494.90832463568432       -288.10021404211324      -1.42108547152020037E-014          20           8         138         150   0.0000000000000000        0.0000000000000000        0.0000000000000000        150515932107.87354       -302788057914.18188        0.0000000000000000       5.37491077648110988E-016  -373588647883.89691        3758374025.3542824        0.0000000000000000      T
         145           9           1   2683.1283262684642       -1756.4017622412543        0.0000000000000000       -687.88145324796244        365.67408043950832        0.0000000000000000               14           8         141         151   0.0000000000000000        0.0000000000000000        0.0000000000000000       -222305306696.77039       -414974442136.12598        0.0000000000000000       5.37491077648110988E-016  -457783005480.52917        563351281820.80603        0.0000000000000000      T
         146           1           1   1173.3861769645152       -621.46436213756306        0.0000000000000000       -555.30793612333377        95.164228319755921      -2.30926389122032560E-014           1          11         136         161   0.0000000000000000        0.0000000000000000        0.0000000000000000       -22059961356.342663       -312545513384.21289        0.0000000000000000       5.37491077648110988E-016  -174624991809.32147        176121518964.75186        0.0000000000000000      T
         147           2           1  -829.93428838061595        607.77795449712812        0.0000000000000000       -556.04884146673817       -102.44106630960840       3.55271367880050093E-015          22          11         142         152   0.0000000000000000        0.0000000000000000        0.0000000000000000        50249833099.177139       -375040898130.72522        0.0000000000000000       5.37491077648110988E-016  -504587542032.41370       -206767030596.75714        0.0000000000000000      T
         148           3           1   1976.4067174811833       -622.45745925692927        0.0000000000000000       -75.762451918239037        628.23778676323320      -5.68434188608080149E-014          13          11         143         153   0.0000000000000000        0.0000000000000000        0.0000000000000000       -351182810092.90833       -65456125971.496704        0.0000000000000000       5.37491077648110988E-016   298211821225.25800        377367841534.75586        0.0000000000000000      T
         149           7           1   2055.0172379123201       -350.34106635455379        0.0000000000000000       -389.88842675132622       -395.92425390880345        0.0000000000000000                7           8         131         158   0.0000000000000000        0.0000000000000000        0.0000000000000000        38106405378.198868       -81220740833.907837        0.0000000000000000       5.37491077648110988E-016   29085314846.294708       -187333805511.99054        0.0000000000000000      T
         150           8           1  -789.30140408307636        495.20842355990999        0.0000000000000000       -558.55093156671205       -86.384878354955305        0.0000000000000000               20           8         144         154   0.0000000000000000        0.0000000000000000        0.0000000000000000        42333355339.898460       -414310789952.52435        0.0000000000000000       5.37491077648110988E-016  -484178004604.25098       -63254547095.320129        0.0000000000000000      T
         151           9           1   2095.0998689012258       -1224.2633325432416        0.0000000000000000       -437.17986191051159        680.11858577194016        0.0000000000000000               14           8         145         155   0.0000000000000000        0.0000000000000000        0.0000000000000000       -323332242157.61523       -228751691570.42786        0.0000000000000000       5.37491077648110988E-016  -361173507152.62097        360165354344.73938        0.0000000000000000      T
         152           2           1   2519.6281462320017        2884.5144187788601        0.0000000000000000       -552.69183976236809        148.85700398147165        0.0000000000000000                2          11         147         156   0.0000000000000000        0.0000000000000000        0.0000000000000000       -109954225587.51967       -371378363635.37317        0.0000000000000000       5.37491077648110988E-016  -510811690674.17261       -56446570728.654144        0.0000000000000000      T
         153           3           1   2013.4682382966216        11.577179791840535        0.0000000000000000        153.08542360888728        621.90160974084347      -5.68434188608080149E-014          13          11         148         157   0.0000000000000000        0.0000000000000000        0.0000000000000000       -270218796040.68872        42382377084.189430        0.0000000000000000       5.37491077648110988E-016   195004642879.12610        238146647624.92047        0.0000000000000000      T
         154           8           1   2563.9202419534340        2801.9523082883525        0.0000000000000000       -535.35784706314166        193.86870324194712        0.0000000000000000                8           8         150         159   0.0000000000000000        0.0000000000000000        0.0000000000000000       -154462268841.35339       -418608315842.85364        0.0000000000000000       5.37491077648110988E-016  -507371163398.48315        216331094836.59961        0.0000000000000000      T
         155           9           1   1883.9129359525957       -462.32431848430497        0.0000000000000000        38.954729942403560        796.08390774357918        0.0000000000000000               14           8         151         160   0.0000000000000000        0.0000000000000000        0.0000000000000000       -323472868207.46594       -24421131104.085083        0.0000000000000000       5.37491077648110988E-016   113164923205.34642        503967914177.91730        0.0000000000000000      T
         156           2           1   2036.5895951347093       -1342.7956224348166        0.0000000000000000       -370.87760985331647        431.80569299754950        0.0000000000000000               21          11         152         162   0.0000000000000000        0.0000000000000000        0.0000000000000000       -293690434971.23181       -273148041242.74338        0.0000000000000000       5.37491077648110988E-016  -490470161628.61462        562286057579.35620        0.0000000000000000      T
         157           3           1   2267.9645233725660        602.26870877912529        0.0000000000000000        338.09417515683737        558.33427838155558        0.0000000000000000               13          11         153         163   0.0000000000000000        0.0000000000000000        0.0000000000000000       -175861355902.02844        109375743551.37614        0.0000000000000000       5.37491077648110988E-016   97932288687.124985        161848234903.84137        0.0000000000000000      T
         158           7           1   1613.8013365389691       -673.99899568137221        0.0000000000000000       -505.63474874724506       -198.06595953213238      -3.19744231092045084E-014           7           8         149         164   0.0000000000000000        0.0000000000000000        0.0000000000000000        59429792133.892746       -258766970252.27716        0.0000000000000000       5.37491077648110988E-016  -35087721803.760147       -374185027769.66418        0.0000000000000000      T
         159           8           1   2108.0609491347923        3136.9539478868069        0.0000000000000000       -345.19608144261838        459.63326495819496        0.0000000000000000                8           8         154         165   0.0000000000000000        0.0000000000000000        0.0000000000000000       -315393868729.42029       -256594208568.49905        0.0000000000000000       5.37491077648110988E-016  -542925957397.86859        619065009681.19336        0.0000000000000000      T
         160           9           1   2113.1048839875111        308.41509846546660        0.0000000000000000        335.37598739975471        733.58107627986885        0.0000000000000000               14           8         155         166   0.0000000000000000        0.0000000000000000        0.0000000000000000       -195422057496.74487        88871039843.416687        0.0000000000000000       5.37491077648110988E-016  -169359511651.85172        174518608042.88800        0.0000000000000000      T
         161           1           1   715.26947676745817       -347.27757034220087        0.0000000000000000       -287.88328949644779        422.28983142249984        0.0000000000000000                1          11         146         167   0.0000000000000000        0.0000000000000000        0.0000000000000000       -184571668766.59055       -124705518037.53159        0.0000000000000000       5.37491077648110988E-016  -34624953157.367058        298675389554.56531        0.0000000000000000      T
         162           2           1   1839.0360874014154       -821.13582234840510        0.0000000000000000       -5.5738973161233254        559.99624746585903        0.0000000000000000               21          11         156         168   0.0000000000000000        0.0000000000000000        0.0000000000000000       -304013274414.24146       -644252016.68705630        0.0000000000000000       5.37491077648110988E-016  -905238976395.14282        581323430173.55298        0.0000000000000000      T
         163           3           1  -1219.5864884444688       -1163.3074214609323        0.0000000000000000        532.63915645599309        396.62084638427802      -3.73034936274052598E-014           3          11         157         169   0.0000000000000000        0.0000000000000000        0.0000000000000000       -86483048337.047394        172684541371.64151        0.0000000000000000       5.37491077648110988E-016   288916278794.31384        224305124283.39374        0.0000000000000000      T
         164           7           1   1070.0150058313884       -693.33157936206237        0.0000000000000000       -542.57927450249008        159.21655301480746        0.0000000000000000                7           8         158         170   0.0000000000000000        0.0000000000000000        0.0000000000000000       -66283510249.219612       -295046005777.34216        0.0000000000000000       5.37491077648110988E-016  -245303220129.59308        16429523269.243088        0.0000000000000000      T
         165           8           1   1926.5950452955060       -854.02448189094116        0.0000000000000000        4.1665828598289565        552.69461320671519      -2.84217094304040074E-014          23           8         159         171   0.0000000000000000        0.0000000000000000        0.0000000000000000       -334705111285.38074        3790237479.8410521        0.0000000000000000       5.37491077648110988E-016  -785812232089.42261        544024745657.12866        0.0000000000000000      T
         166           9           1   2514.0016916159125        968.53906477770022        0.0000000000000000        509.80758744852602        562.18193692296120      -2.84217094304040074E-014          14           8         160         172   0.0000000000000000        0.0000000000000000        0.0000000000000000       -140148313778.70142        164340297602.90991        0.0000000000000000       5.37491077648110988E-016   215635120242.35651        313738980316.01782        0.0000000000000000      T
         167           1           2   706.30269769649021        155.32442096853498        0.0000000000000000        305.59065630505182        546.04279530853853        0.0000000000000000                1          11         161          -1   0.0000000000000000        0.0000000000000000        0.0000000000000000        0.0000000000000000        0.0000000000000000        0.0000000000000000       5.37491077648110988E-016   989363648139.34460        112357929755.19777        0.0000000000000000      T
         168           2           1  -1893.6374213623662       -2538.2806956556678        0.0000000000000000        339.75761054208522        518.26747088612217       2.66453525910037570E-014           2          11         162         173   0.0000000000000000        0.0000000000000000        0.0000000000000000        0.0000000000000000        0.0000000000000000        0.0000000000000000       5.37491077648110988E-016   12085495463.557529       -23600016053.996548        0.0000000000000000      T
         169           3           1  -625.89231383003028       -1006.8817596976302        0.0000000000000000        587.04414832690418       -195.75569593927048        0.0000000000000000                3          11         163         174   0.0000000000000000        0.0000000000000000        0.0000000000000000        44874648974.398178        221437282405.74609        0.0000000000000000       5.37491077648110988E-016   573825929966.46533        319411936563.25098        0.0000000000000000      T
         170           7           1   651.31729654674075       -369.37837166890415        0.0000000000000000       -211.50027321948090        475.06161951030782        0.0000000000000000                7           8         164         175   0.0000000000000000        0.0000000000000000        0.0000000000000000       -166243838421.21936       -83540159925.002472        0.0000000000000000       5.37491077648110988E-016  -60134948227.878960        363389051806.76416        0.0000000000000000      T
         171           8           1  -1829.2105768446570       -2574.6856168741388        0.0000000000000000        253.98063298045670        524.20970816109354      -1.42108547152020037E-014           8           8         165         176   0.0000000000000000        0.0000000000000000        0.0000000000000000       -143735108224.51099        8375726282.0498905        0.0000000000000000       5.37491077648110988E-016   2227202729010.9824       -748844616732.84399        0.0000000000000000      T
         172           9           1  -742.84502468945777       -970.84167651247947        0.0000000000000000        794.80939769073598       -43.565775495890108        0.0000000000000000                9           8         166         177   0.0000000000000000        0.0000000000000000        0.0000000000000000        47922402168.129715        176743715360.80222        0.0000000000000000       5.37491077648110988E-016   573251306909.05518        705135605430.75439        0.0000000000000000      T
         173           2           2  -1425.3827500766492       -2206.9837292854208        0.0000000000000000        590.55240362909024       -14.096478411733145       2.66453525910037570E-014           2          11         168          -1   0.0000000000000000        0.0000000000000000        0.0000000000000000        0.0000000000000000        0.0000000000000000        0.0000000000000000       5.37491077648110988E-016   354507866931.02087       -692267137583.89868        0.0000000000000000      T
         174           3           2  -323.04400819249003       -1511.0424690179052        0.0000000000000000       -191.18830900767338       -656.80320529811468        0.0000000000000000                3          11         169          -1   0.0000000000000000        0.0000000000000000        0.0000000000000000        0.0000000000000000        0.0000000000000000        0.0000000000000000       5.37491077648110988E-016  -570056446881.07910        5103044255.9662333        0.0000000000000000      T
         175           7           2   706.30269769649021        155.32442096853498        0.0000000000000000        297.44344297572053        486.50496993575427        0.0000000000000000                7           8         170          -1   0.0000000000000000        0.0000000000000000        0.0000000000000000        0.0000000000000000        0.0000000000000000        0.0000000000000000       5.37491077648110988E-016  -145823616588.60455        62156807443.600594        0.0000000000000000      T
         176           8           2  -1425.3827500766492       -2206.9837292854208        0.0000000000000000        661.24296001738253        68.102185375135065      -1.42108547152020037E-014           8           8         171          -1   0.0000000000000000        0.0000000000000000        0.0000000000000000        0.0000000000000000        0.0000000000000000        0.0000000000000000       5.37491077648110988E-016   1771607026600.7771       -1342155540894.1533        0.0000000000000000      T
         177           9           2  -323.04400819248968       -1511.0424690179061        0.0000000000000000       -462.91681672117238       -1050.1500629165575        0.0000000000000000                9           8         172          -1   0.0000000000000000        0.0000000000000000        0.0000000000000000        0.0000000000000000        0.0000000000000000        0.0000000000000000       5.37491077648110988E-016  -991385860355.12964       -1526168727282.4868        0.0000000000000000      T
