           1   2378.6246261874257        2378.6246261874257        2378.6246261874257                0
           1   2961.9591195589951        2961.9591195589951        2961.9591195589951                0
           1   4129.2805094669511        4129.2805094669511        4129.2805094669511                0
           2   2378.6246261874257        3154.3753738125743        2378.6246261874257                0
           2   2961.9591195589951        2571.0408804410049        2961.9591195589951                0
           2   4129.2805094669511        1403.7194905330489        4129.2805094669511                0
           3   3154.3753738125743        3154.3753738125743        2378.6246261874257                0
           3   2571.0408804410049        2571.0408804410049        2961.9591195589951                0
           3   1403.7194905330489        1403.7194905330489        4129.2805094669511                0
           4   3154.3753738125743        2378.6246261874257        2378.6246261874257                0
           4   2571.0408804410049        2961.9591195589951        2961.9591195589951                0
           4   1403.7194905330489        4129.2805094669511        4129.2805094669511                0
           1           1           2  -1425.3827500776383       -2206.9837292861193        0.0000000000000000       -43.515355671385862        1246.0113898848085        0.0000000000000000                1          11          -1           2   0.0000000000000000        0.0000000000000000        0.0000000000000000        0.0000000000000000        0.0000000000000000        0.0000000000000000       5.37491077648110988E-016  -5996357729552.2783        2893654038861.8262        0.0000000000000000      T
           2           1           1  -1177.3296268689369       -1639.0340124878089        0.0000000000000000        396.23537936802347        366.50228508914506       5.68434188608080149E-014           1          11           1           3   0.0000000000000000        0.0000000000000000        0.0000000000000000        152068856349.89365       -6759524391.7651281        0.0000000000000000       5.37491077648110988E-016  -5581713351964.1836        3605004914445.7510        0.0000000000000000      T
           3           1           1  -769.31143581650917       -1126.6388875612238        0.0000000000000000        426.78778098267878        529.01399493329791        0.0000000000000000                1          11           2           4   0.0000000000000000        0.0000000000000000        0.0000000000000000        128112335082.48024       -72041190824.598267        0.0000000000000000       5.37491077648110988E-016  -2197837660098.7007        1843102755356.4902        0.0000000000000000      T
           4           1           1  -309.82465340280191       -663.85367723565037        0.0000000000000000        499.12841709966727        442.98274093413829       2.84217094304040074E-014           1          11           3           5   0.0000000000000000        0.0000000000000000        0.0000000000000000       -102567782467.63907        126789718527.69876        0.0000000000000000       5.37491077648110988E-016  -169253939817.59509        255592415841.15717        0.0000000000000000      T
           5           1           1   180.91355154957108       -228.71709719108949        0.0000000000000000        427.37351271689317        392.82041244055102      -2.84217094304040074E-014           1          11           4          59   0.0000000000000000        0.0000000000000000        0.0000000000000000       -12728427431.320484        10737980066.771852        0.0000000000000000       5.37491077648110988E-016  -344037216276.61639        454771106402.97296        0.0000000000000000      T
           6           2           2  -323.04400819254818       -1511.0424690182554        0.0000000000000000       -620.86259960555162       -278.74442591083027      -2.84217094304040074E-014           2          11          -1           7   0.0000000000000000        0.0000000000000000        0.0000000000000000        0.0000000000000000        0.0000000000000000        0.0000000000000000       5.37491077648110988E-016  -9522770227913.9023        5506073663360.9043        0.0000000000000000      T
           7           2           1  -508.89173807631778       -1786.3938196169017        0.0000000000000000       -88.268475374616017       -261.45341356657559       1.42108547152020037E-014           2          11           6           8   0.0000000000000000        0.0000000000000000        0.0000000000000000        545234548378.21753       -306559500549.97986        0.0000000000000000       5.37491077648110988E-016  -9479672944009.0234        5579845916537.1885        0.0000000000000000      T
           8           2           1  -756.78176741892344       -2014.6970612085447        0.0000000000000000       -327.27677657511020       -186.40569639373552       2.13162820728030056E-014           2          11           7          60   0.0000000000000000        0.0000000000000000        0.0000000000000000        85108268445.584595       -245692449579.19000        0.0000000000000000       5.37491077648110988E-016  -979705065867.78320        3662764163839.2676        0.0000000000000000      T
           9           3           2   706.30269769742085        155.32442096946727        0.0000000000000000       -866.72735905512411       -830.49712910178528        0.0000000000000000                3          11          -1          10   0.0000000000000000        0.0000000000000000        0.0000000000000000        0.0000000000000000        0.0000000000000000        0.0000000000000000       5.37491077648110988E-016  -10012383240047.721        2606514791165.9722        0.0000000000000000      T
          10           3           1   623.20971914957579       -340.29694271661936        0.0000000000000000        92.002599351207422       -412.69457741614485        0.0000000000000000                3          11           9          11   0.0000000000000000        0.0000000000000000        0.0000000000000000        21322810001.588867        169947666798.56131        0.0000000000000000       5.37491077648110988E-016  -10507548659686.582        3190674641496.2051        0.0000000000000000      T
          11           3           1   411.64227156079397       -842.61177716490351        0.0000000000000000       -385.26431675958594       -512.53315563674857      -2.84217094304040074E-014           3          11          10          12   0.0000000000000000        0.0000000000000000        0.0000000000000000        113591866695.36871        113421836980.84955        0.0000000000000000       5.37491077648110988E-016  -9681412082771.0430        5212772418748.6816        0.0000000000000000      T
          12           3           1   99.456699179543818       -1304.1863217269740        0.0000000000000000       -122.20439222295737       -428.84093706792498      -7.10542735760100186E-015           3          11          11          13   0.0000000000000000        0.0000000000000000        0.0000000000000000        120099045926.14020        199803329966.40790        0.0000000000000000       5.37491077648110988E-016  -8455221120866.2148        7014441113429.5293        0.0000000000000000      T
          13           3           2  -323.04400819248940       -1511.0424690179063        0.0000000000000000       -1329.9769536084352        222.60482834944099      -2.84217094304040074E-014           3          11          12          -1   0.0000000000000000        0.0000000000000000        0.0000000000000000        0.0000000000000000        0.0000000000000000        0.0000000000000000       5.37491077648110988E-016  -7020999922469.2725        8467913561715.5703        0.0000000000000000      T
          14           4           2  -1425.3827500776383       -2206.9837292861193        0.0000000000000000        622.33522829271419        609.41867114902288       5.68434188608080149E-014           4           7          -1          15   0.0000000000000000        0.0000000000000000        0.0000000000000000        0.0000000000000000        0.0000000000000000        0.0000000000000000       5.37491077648110988E-016   102186245276.50108       -102845686018.77664        0.0000000000000000      T
          15           4           1  -970.23928156388172       -1754.3890223172475        0.0000000000000000        413.27382323838395        408.62720841504853       2.84217094304040074E-014           4           7          14          16   0.0000000000000000        0.0000000000000000        0.0000000000000000        811466503.08203697        102212272.09881260        0.0000000000000000       5.37491077648110988E-016  -210814563814.88135        223498803058.64658        0.0000000000000000      T
          16           4           1  -498.33694733234597       -1321.3500419111756        0.0000000000000000        505.70688698962681        412.97355731561385      -2.84217094304040074E-014           4           7          15          17   0.0000000000000000        0.0000000000000000        0.0000000000000000        27247954460.016151       -30517384416.859009        0.0000000000000000       5.37491077648110988E-016  -144628553335.27112        158283115584.21323        0.0000000000000000      T
          17           4           1  -20.075836258221244       -901.19134663143404        0.0000000000000000        414.38896472008992        499.07158937993660        0.0000000000000000                4           7          16          18   0.0000000000000000        0.0000000000000000        0.0000000000000000        2396660382.3059769       -10144219090.406923        0.0000000000000000       5.37491077648110988E-016  -280403528882.37573        178679672184.94501        0.0000000000000000      T
          18           4           1   327.63201319574443       -360.46050868377313        0.0000000000000000        314.64413571428452        473.40868484684847      -2.84217094304040074E-014           4           7          17          62   0.0000000000000000        0.0000000000000000        0.0000000000000000       -197257175748.71191        97979516448.404724        0.0000000000000000       5.37491077648110988E-016   1163187173214.6050       -689310531062.49695        0.0000000000000000      T
          19           5           2  -323.04400819254818       -1511.0424690182554        0.0000000000000000       -194.01541986640422       -761.71561649959540      -5.68434188608080149E-014           5           7          -1          20   0.0000000000000000        0.0000000000000000        0.0000000000000000        0.0000000000000000        0.0000000000000000        0.0000000000000000       5.37491077648110988E-016   6400707844253.8623       -8461231102095.5039        0.0000000000000000      T
          20           5           1  -606.95893066909275       -1601.8041608805211        0.0000000000000000       -296.28757583213712        34.227596895062405       2.84217094304040074E-014           5           7          19          21   0.0000000000000000        0.0000000000000000        0.0000000000000000       -674249121496.88159        738341207911.42676        0.0000000000000000       5.37491077648110988E-016  -5859057063887.0420        6598808069932.2773        0.0000000000000000      T
          21           5           1  -881.50823178634027       -1818.4028033583199        0.0000000000000000       -296.22694758642461       -297.27577410084797      -1.53210777398271603E-014           5           7          20          22   0.0000000000000000        0.0000000000000000        0.0000000000000000       -134100518597.67715        117500340992.26476        0.0000000000000000       5.37491077648110988E-016  -7477876582759.4863        8067164118923.6621        0.0000000000000000      T
          22           5           1  -1139.6542699881288       -2079.9364045971474        0.0000000000000000       -116.89065177927337       -279.52123164154989      -7.10542735760100186E-015           5           7          21          23   0.0000000000000000        0.0000000000000000        0.0000000000000000        77640708307.603394       -5263229544.4067993        0.0000000000000000       5.37491077648110988E-016  -7379097345273.7627        8154746586008.9863        0.0000000000000000      T
          23           5           2  -1425.3827500766492       -2206.9837292854208        0.0000000000000000       -867.83400016740791        249.61792288574472       4.26325641456060112E-014           5           7          22          -1   0.0000000000000000        0.0000000000000000        0.0000000000000000        0.0000000000000000        0.0000000000000000        0.0000000000000000       5.37491077648110988E-016  -6918235644680.2910        8552076681407.5684        0.0000000000000000      T
          24           6           2   706.30269769742085        155.32442096946727        0.0000000000000000       -314.44376843100258       -974.09912559769862       5.68434188608080149E-014           6           7          -1          25   0.0000000000000000        0.0000000000000000        0.0000000000000000        0.0000000000000000        0.0000000000000000        0.0000000000000000       5.37491077648110988E-016   9716455353452.0762       -5156597266063.3945        0.0000000000000000      T
          25           6           1   443.49094430829138       -252.16947320715425        0.0000000000000000       -237.56201976114346       -255.34573818922871        0.0000000000000000                6           7          24          26   0.0000000000000000        0.0000000000000000        0.0000000000000000       -268246953008.60242        32660429772.683399        0.0000000000000000       5.37491077648110988E-016   9541424403905.6563       -5473336873661.0313        0.0000000000000000      T
          26           6           1   202.29874574150261       -681.77424453343235        0.0000000000000000       -247.32000839217770       -515.81391815408574        0.0000000000000000                6           7          25          27   0.0000000000000000        0.0000000000000000        0.0000000000000000        1486361830.5199738       -8302295610.3710785        0.0000000000000000       5.37491077648110988E-016   9318097187094.1641       -5845711076258.0107        0.0000000000000000      T
          27           6           1  -44.495025382923188       -1109.7009071635366        0.0000000000000000       -237.11585574378944       -253.99289106357622        0.0000000000000000                6           7          26          28   0.0000000000000000        0.0000000000000000        0.0000000000000000        263052176351.94043       -42231802513.944595        0.0000000000000000       5.37491077648110988E-016   9452089185173.7227       -5626344359959.0117        0.0000000000000000      T
          28           6           2  -323.04400819248940       -1511.0424690179063        0.0000000000000000       -380.24483043464096       -956.01919104503111        0.0000000000000000                6           7          27          -1   0.0000000000000000        0.0000000000000000        0.0000000000000000        0.0000000000000000        0.0000000000000000        0.0000000000000000       5.37491077648110988E-016   9617355400407.0840       -5339145540464.3838        0.0000000000000000      T
          29           7           2  -1425.3827500776383       -2206.9837292861193        0.0000000000000000       -25.983844623852036        880.44697621161436       5.68434188608080149E-014           7           8          -1          30   0.0000000000000000        0.0000000000000000        0.0000000000000000        0.0000000000000000        0.0000000000000000        0.0000000000000000       5.37491077648110988E-016  -1755124379669.4016        478528301848.69739        0.0000000000000000      T
          30           7           1  -1266.7055876310644       -1563.7122350831376        0.0000000000000000        280.74332485665798        556.91926919408479        0.0000000000000000                7           8          29          31   0.0000000000000000        0.0000000000000000        0.0000000000000000        4957090554.5333328        20116394672.416855        0.0000000000000000       5.37491077648110988E-016  -1590331716905.5830        651066621574.39526        0.0000000000000000      T
          31           7           1  -923.19296693041701       -989.90334760697044        0.0000000000000000        409.57989463888282        543.11709204949307       5.68434188608080149E-014           7           8          30          32   0.0000000000000000        0.0000000000000000        0.0000000000000000        32021107967.543079       -3761225581.6568279        0.0000000000000000       5.37491077648110988E-016  -700319378494.39648        422419414457.59424        0.0000000000000000      T
          32           7           1  -451.04162105969408       -511.91499559473510        0.0000000000000000        527.92899630192289        426.00408107314979       2.84217094304040074E-014           7           8          31          33   0.0000000000000000        0.0000000000000000        0.0000000000000000       -14448912525.249956        17066954506.906826        0.0000000000000000       5.37491077648110988E-016   141397075960.94043       -168481946714.39069        0.0000000000000000      T
          33           7           1   100.69547925612085       -125.41368167912505        0.0000000000000000        550.36945871304044        346.33558144144433        0.0000000000000000                7           8          32          63   0.0000000000000000        0.0000000000000000        0.0000000000000000       -11987873164.676174        18152557431.158730        0.0000000000000000       5.37491077648110988E-016  -33963906377.188301        49713125675.585968        0.0000000000000000      T
          34           8           2  -323.04400819254818       -1511.0424690182554        0.0000000000000000        225.21393274943756       -611.21733517425628        0.0000000000000000                8           8          -1          35   0.0000000000000000        0.0000000000000000        0.0000000000000000        0.0000000000000000        0.0000000000000000        0.0000000000000000       5.37491077648110988E-016   9252287728355.0469       -5949384152307.7510        0.0000000000000000      T
          35           8           1  -494.84602363256971       -1764.1398257664973        0.0000000000000000       -323.37008777198213       -143.26104696325859      -5.68434188608080149E-014           8           8          34          36   0.0000000000000000        0.0000000000000000        0.0000000000000000       -733837065097.81494        347417917676.17871        0.0000000000000000       5.37491077648110988E-016   8532138739148.1719       -6926504319334.3848        0.0000000000000000      T
          36           8           1  -777.28131823510512       -1979.4378156315177        0.0000000000000000       -294.44551178918067       -220.92451681249628        0.0000000000000000                8           8          35          37   0.0000000000000000        0.0000000000000000        0.0000000000000000       -206637044540.75589        230899101225.21277        0.0000000000000000       5.37491077648110988E-016  -1124893662215.7241        2567150549477.8701        0.0000000000000000      T
          37           8           1  -1087.4950768968399       -2160.0216587939130        0.0000000000000000       -276.79502486410627       -160.68638486900340        0.0000000000000000                8           8          36          38   0.0000000000000000        0.0000000000000000        0.0000000000000000       -74573922712.581207       -144080316762.03271        0.0000000000000000       5.37491077648110988E-016   1817705378471.0078       -6350409110333.1143        0.0000000000000000      T
          38           8           2  -1425.3827500766492       -2206.9837292854208        0.0000000000000000       -542.67868427902602        181.03231532680030      -4.26325641456060112E-014           8           8          37          -1   0.0000000000000000        0.0000000000000000        0.0000000000000000        0.0000000000000000        0.0000000000000000        0.0000000000000000       5.37491077648110988E-016  -753785410496.01599        2932464203940.8765        0.0000000000000000      T
          39           9           2   706.30269769742017        155.32442096946733        0.0000000000000000        827.26400301876447       -827.09669833140981        0.0000000000000000                9           8          -1          40   0.0000000000000000        0.0000000000000000        0.0000000000000000        0.0000000000000000        0.0000000000000000        0.0000000000000000       5.37491077648110988E-016   10926578935117.680       -1268807619240.4473        0.0000000000000000      T
          40           9           1   732.89270377311868       -302.02917885561351        0.0000000000000000       -290.52468482375025       -387.70425987717783        0.0000000000000000                9           8          39          41   0.0000000000000000        0.0000000000000000        0.0000000000000000       -183346446543.53427       -200993668679.59045        0.0000000000000000       5.37491077648110988E-016   10480051423137.934       -3311437037200.5166        0.0000000000000000      T
          41           9           1   492.91820433484162       -791.79290170179661        0.0000000000000000       -305.31874381149925       -463.43823017367100        0.0000000000000000                9           8          40          42   0.0000000000000000        0.0000000000000000        0.0000000000000000       -162210942720.93384       -124948589644.95198        0.0000000000000000       5.37491077648110988E-016   9151417752086.9883       -6088376925290.4355        0.0000000000000000      T
          42           9           1   104.59442881982397       -1174.1395192299992        0.0000000000000000       -373.09516479013718       -374.87384055129513      -5.68434188608080149E-014           9           8          41          43   0.0000000000000000        0.0000000000000000        0.0000000000000000       -448714101838.02332        275922466438.39746        0.0000000000000000       5.37491077648110988E-016   5080962502905.1172       -4893335092944.1797        0.0000000000000000      T
          43           9           2  -323.04400819248968       -1511.0424690179061        0.0000000000000000       -650.18723460994602       -194.81510956947673      -2.84217094304040074E-014           9           8          42          -1   0.0000000000000000        0.0000000000000000        0.0000000000000000        0.0000000000000000        0.0000000000000000        0.0000000000000000       5.37491077648110988E-016  -963386071940.68079        1360239616720.3567        0.0000000000000000      T
          44          10           2  -1425.3827500776383       -2206.9837292861193        0.0000000000000000        579.95391313549555        833.03726875593929        0.0000000000000000               10          10          -1          45   0.0000000000000000        0.0000000000000000        0.0000000000000000        0.0000000000000000        0.0000000000000000        0.0000000000000000       5.37491077648110988E-016  -2479596387604.4980        2672833119197.1484        0.0000000000000000      T
          45          10           1  -954.50475699313461       -1777.7992833300555        0.0000000000000000        438.75131436219453        328.02460493206581        0.0000000000000000               10          10          44          46   0.0000000000000000        0.0000000000000000        0.0000000000000000        81679545446.004379       -83066575511.075424        0.0000000000000000       5.37491077648110988E-016  -2119998845446.1094        2329867364765.7124        0.0000000000000000      T
          46          10           1  -487.30238135101615       -1339.2718576268971        0.0000000000000000        479.28193559559270        457.99992649346416       5.68434188608080149E-014          10          10          45          47   0.0000000000000000        0.0000000000000000        0.0000000000000000        29946503924.245003       -38480761866.435760        0.0000000000000000       5.37491077648110988E-016  -1036644786758.0582        1105943049558.1812        0.0000000000000000      T
          47          10           1  -26.627924151784498       -898.17872886554187        0.0000000000000000        427.75144177948545        478.83735248761769        0.0000000000000000               10          10          46          48   0.0000000000000000        0.0000000000000000        0.0000000000000000       -66106132321.161194        29187995449.637218        0.0000000000000000       5.37491077648110988E-016  -1392451695056.6882        1226762323943.7717        0.0000000000000000      T
          48          10           1   348.04333137190025       -379.81416976476311        0.0000000000000000        315.74943545521484        505.02372714246741        0.0000000000000000               10          10          47          64   0.0000000000000000        0.0000000000000000        0.0000000000000000        159353924715.87823       -101435112768.61945        0.0000000000000000       5.37491077648110988E-016  -2206306879772.7778        1524824708713.7224        0.0000000000000000      T
          49          11           2  -323.04400819254818       -1511.0424690182554        0.0000000000000000       -748.96837598238392       -83.815638154372095      -2.13162820728030056E-014          11          10          -1          50   0.0000000000000000        0.0000000000000000        0.0000000000000000        0.0000000000000000        0.0000000000000000        0.0000000000000000       5.37491077648110988E-016  -6721144719674.5430        8707824852234.3975        0.0000000000000000      T
          50          11           1  -603.12946711131985       -1676.2525922234079        0.0000000000000000       -142.99283700671964       -208.99982717625795      -2.84217094304040074E-014          11          10          49          51   0.0000000000000000        0.0000000000000000        0.0000000000000000       -32461257940.210415       -166123048212.96817        0.0000000000000000       5.37491077648110988E-016  -7026626004019.4043        8463134831666.6855        0.0000000000000000      T
          51          11           1  -873.92325185365610       -1887.9126967478933        0.0000000000000000       -331.69800697406225       -210.79573632951070      -3.19744231092045084E-014          11          10          50          52   0.0000000000000000        0.0000000000000000        0.0000000000000000        40463149183.149384       -8745521128.1999397        0.0000000000000000       5.37491077648110988E-016  -7390894503342.6777        8144821040370.9551        0.0000000000000000      T
          52          11           1  -1135.7083544894838       -2105.3303623858915        0.0000000000000000       -127.95179723152380       -235.05053799314936        0.0000000000000000               11          10          51          53   0.0000000000000000        0.0000000000000000        0.0000000000000000        72749386983.850937        149093646515.69305        0.0000000000000000       5.37491077648110988E-016  -6635843958130.8477        8769807314306.5293        0.0000000000000000      T
          53          11           2  -1425.3827500766492       -2206.9837292854208        0.0000000000000000       -810.87329876882097        193.78479068952606       1.42108547152020037E-014          11          10          52          -1   0.0000000000000000        0.0000000000000000        0.0000000000000000        0.0000000000000000        0.0000000000000000        0.0000000000000000       5.37491077648110988E-016  -6145583171589.7754        9123146797080.0820        0.0000000000000000      T
          54          12           2   706.30269769742063        155.32442096946738        0.0000000000000000       -314.74640447366437       -1004.1316288626051        0.0000000000000000               12          10          -1          55   0.0000000000000000        0.0000000000000000        0.0000000000000000        0.0000000000000000        0.0000000000000000        0.0000000000000000       5.37491077648110988E-016   9537196944831.7324       -5481046837556.8809        0.0000000000000000      T
          55          12           1   425.88737681487385       -236.03325899632063        0.0000000000000000       -257.72791803793689       -231.12909876492790       5.68434188608080149E-014          12          10          54          56   0.0000000000000000        0.0000000000000000        0.0000000000000000       -241508855201.90747        62576983335.978424        0.0000000000000000       5.37491077648110988E-016   9336793398836.8848       -5815485686711.8965        0.0000000000000000      T
          56          12           1   178.23132087114772       -662.05056944317766        0.0000000000000000       -238.55605385340647       -523.47694731561819      -5.68434188608080149E-014          12          10          55          57   0.0000000000000000        0.0000000000000000        0.0000000000000000       -18397749716.413864        21768745774.167557        0.0000000000000000       5.37491077648110988E-016   9332348326171.1211       -5822995331986.3359        0.0000000000000000      T
          57          12           1  -55.881387602014684       -1099.6567625683419        0.0000000000000000       -233.35415979910317       -265.83362268866205      -5.68434188608080149E-014          12          10          56          58   0.0000000000000000        0.0000000000000000        0.0000000000000000        283017831492.80774       -37961851730.380890        0.0000000000000000       5.37491077648110988E-016   9519945661026.8516       -5510895945934.8652        0.0000000000000000      T
          58          12           2  -323.04400819248940       -1511.0424690179063        0.0000000000000000       -331.85329414109270       -960.16426065391977        0.0000000000000000               12          10          57          -1   0.0000000000000000        0.0000000000000000        0.0000000000000000        0.0000000000000000        0.0000000000000000        0.0000000000000000       5.37491077648110988E-016   9715873440697.1602       -5157693601248.0938        0.0000000000000000      T
          59           1           2   706.30269769648964        155.32442096853606        0.0000000000000000        839.75958533063431        443.26990391621734       2.84217094304040074E-014           1          11           5          -1   0.0000000000000000        0.0000000000000000        0.0000000000000000        0.0000000000000000        0.0000000000000000        0.0000000000000000       5.37491077648110988E-016   155046730293.56219       -210696415439.85095        0.0000000000000000      T
          60           2           1  -1078.6697831427155       -2158.1644503503271        0.0000000000000000       -311.95855352413759       -108.23569305875975       2.84217094304040074E-014           2          11           8          61   0.0000000000000000        0.0000000000000000        0.0000000000000000       -70877520252.243866       -74732914270.037857        0.0000000000000000       5.37491077648110988E-016   1590154087029.3984       -4442158582069.7158        0.0000000000000000      T
          61           2           2  -1425.3827500766492       -2206.9837292854208        0.0000000000000000       -430.69195730151694        42.488464398146078        0.0000000000000000                2          11          60          -1   0.0000000000000000        0.0000000000000000        0.0000000000000000        0.0000000000000000        0.0000000000000000        0.0000000000000000       5.37491077648110988E-016  -134620092615.97388       -11624122681.805170        0.0000000000000000      T
          62           4           2   706.30269769648964        155.32442096853606        0.0000000000000000        506.17009428690466        776.84097403258022        0.0000000000000000                4           7          18          -1   0.0000000000000000        0.0000000000000000        0.0000000000000000        0.0000000000000000        0.0000000000000000        0.0000000000000000       5.37491077648110988E-016  -446435428484.01038        302794436753.04108        0.0000000000000000      T
          63           7           2   706.30269769648964        155.32442096853606        0.0000000000000000        742.62612511446559        190.37184285088705       2.84217094304040074E-014           7           8          33          -1   0.0000000000000000        0.0000000000000000        0.0000000000000000        0.0000000000000000        0.0000000000000000        0.0000000000000000       5.37491077648110988E-016   12475104016.750160       -46541810109.484657        0.0000000000000000      T
          64          10           2   706.30269769648964        155.32442096853606        0.0000000000000000        508.04268194447718        661.57718844474698        0.0000000000000000               10          10          48          -1   0.0000000000000000        0.0000000000000000        0.0000000000000000        0.0000000000000000        0.0000000000000000        0.0000000000000000       5.37491077648110988E-016   617758140387.43213       -438585114664.37714        0.0000000000000000      T
