           1   2378.6246261874257        2378.6246261874257        2378.6246261874257                0
           1   2961.9591195589951        2961.9591195589951        2961.9591195589951                0
           1   4129.2805094669511        4129.2805094669511        4129.2805094669511                0
           2   2378.6246261874257        3154.3753738125743        2378.6246261874257                0
           2   2961.9591195589951        2571.0408804410049        2961.9591195589951                0
           2   4129.2805094669511        1403.7194905330489        4129.2805094669511                0
           3   3154.3753738125743        3154.3753738125743        2378.6246261874257                0
           3   2571.0408804410049        2571.0408804410049        2961.9591195589951                0
           3   1403.7194905330489        1403.7194905330489        4129.2805094669511                0
           4   3154.3753738125743        2378.6246261874257        2378.6246261874257                0
           4   2571.0408804410049        2961.9591195589951        2961.9591195589951                0
           4   1403.7194905330489        4129.2805094669511        4129.2805094669511                0
           1           1           2  -1425.3827500776383       -2206.9837292861193        0.0000000000000000       -902.70573004244284        687.41109111090509       5.68434188608080149E-014           1          11          -1           2   0.0000000000000000        0.0000000000000000        0.0000000000000000        0.0000000000000000        0.0000000000000000        0.0000000000000000       5.37491077648110988E-016  -5750829574082.1455       -1908478539181.9216        0.0000000000000000      T
           2           1           1  -1633.1334877520912       -1700.0871264675764        0.0000000000000000        74.629778453727354        506.34086602639769       2.84217094304040074E-014           1          11           1           3   0.0000000000000000        0.0000000000000000        0.0000000000000000        147530253489.97025        131561096371.42114        0.0000000000000000       5.37491077648110988E-016  -6218661273631.2275       -290862433297.08350        0.0000000000000000      T
           3           1           1  -1575.9293172013640       -1108.8845167207123        0.0000000000000000        152.54691485635493        581.52308247972519        0.0000000000000000                1          11           2           4   0.0000000000000000        0.0000000000000000        0.0000000000000000       -83986370085.811401        73432167726.463165        0.0000000000000000       5.37491077648110988E-016  -1329382437703.4028        1080690387015.0039        0.0000000000000000      T
           4           1           1  -1287.8754055610661       -591.91915898516163        0.0000000000000000        350.95680869392953        492.07070650194618        0.0000000000000000                1          11           3           5   0.0000000000000000        0.0000000000000000        0.0000000000000000       -8033272980.7018690       -35091787151.764091        0.0000000000000000       5.37491077648110988E-016   1214862368602.4255       -453607837325.87952        0.0000000000000000      T
           5           1           1  -913.50221215606484       -127.90688876658746        0.0000000000000000        430.90716550382552        393.12697537486491      -2.84217094304040074E-014           1          11           4          59   0.0000000000000000        0.0000000000000000        0.0000000000000000       -219788900085.50720        211959165828.62012        0.0000000000000000       5.37491077648110988E-016   1036147787993.5704       -706598006462.90967        0.0000000000000000      T
           6           2           2  -323.04400819254818       -1511.0424690182554        0.0000000000000000        486.80117206774986       -647.24018639693645      -5.68434188608080149E-014           2          11          -1           7   0.0000000000000000        0.0000000000000000        0.0000000000000000        0.0000000000000000        0.0000000000000000        0.0000000000000000       5.37491077648110988E-016   10127454040243.002       -4293562001737.6836        0.0000000000000000      T
           7           2           1  -392.94321130793702       -1853.2609899539998        0.0000000000000000       -320.62862886721388       -243.89122901932072        0.0000000000000000                2          11           6           8   0.0000000000000000        0.0000000000000000        0.0000000000000000       -143664481140.64539       -155721764277.96002        0.0000000000000000       5.37491077648110988E-016   9531351482753.6250       -5466943579078.2334        0.0000000000000000      T
           8           2           1  -706.69600077172208       -2121.8413143103817        0.0000000000000000       -355.24263433641681       -209.59143340215965        0.0000000000000000                2          11           7          60   0.0000000000000000        0.0000000000000000        0.0000000000000000       -741133578825.21729        286750235713.60846        0.0000000000000000       5.37491077648110988E-016   7561637636672.4141       -7937871064357.5098        0.0000000000000000      T
           9           3           2   706.30269769742085        155.32442096946727        0.0000000000000000        141.08034263458927       -503.88730439382971        0.0000000000000000                3          11          -1          10   0.0000000000000000        0.0000000000000000        0.0000000000000000        0.0000000000000000        0.0000000000000000        0.0000000000000000       5.37491077648110988E-016  -2953249320732.6431        224662834747.96326        0.0000000000000000      T
          10           3           1   830.66724434010644       -451.15287173343705        0.0000000000000000        15.614153170162609       -637.79054435825094        0.0000000000000000                3          11           9          11   0.0000000000000000        0.0000000000000000        0.0000000000000000       -64325832088.921371        126457563151.27206        0.0000000000000000       5.37491077648110988E-016  -4526959195408.1426        1024151331365.7681        0.0000000000000000      T
          11           3           1   654.64500796332959       -1038.3392953534512        0.0000000000000000       -358.51002451751282       -525.94166714192318      -2.84217094304040074E-014           3          11          10          12   0.0000000000000000        0.0000000000000000        0.0000000000000000        92353266728.461624        144997959530.53967        0.0000000000000000       5.37491077648110988E-016  -5973348091602.6006        3586288531061.2764        0.0000000000000000      T
          12           3           1   232.09020396392589       -1489.8725232816073        0.0000000000000000       -377.30517622865267       -374.60174171856659       1.42108547152020037E-014           3          11          11          13   0.0000000000000000        0.0000000000000000        0.0000000000000000        187405470372.50754        59867368180.907471        0.0000000000000000       5.37491077648110988E-016  -4749925476047.1270        5979182564573.4395        0.0000000000000000      T
          13           3           2  -323.04400819248940       -1511.0424690179063        0.0000000000000000       -1065.3363190353339        606.23911302282568        0.0000000000000000                3          11          12          -1   0.0000000000000000        0.0000000000000000        0.0000000000000000        0.0000000000000000        0.0000000000000000        0.0000000000000000       5.37491077648110988E-016  -2083809434592.8613        4835940849699.2197        0.0000000000000000      T
          14           4           2  -1425.3827500776383       -2206.9837292861193        0.0000000000000000        480.39095751338908        796.93366045584912        0.0000000000000000                4           7          -1          15   0.0000000000000000        0.0000000000000000        0.0000000000000000        0.0000000000000000        0.0000000000000000        0.0000000000000000       5.37491077648110988E-016  -3046375723017.9463        3619798222829.0654        0.0000000000000000      T
          15           4           1  -943.60368208715363       -1791.7140870228027        0.0000000000000000        486.68696459169087        317.24377390243757        0.0000000000000000                4           7          14          16   0.0000000000000000        0.0000000000000000        0.0000000000000000        40625455314.222549       -47316902426.287323        0.0000000000000000       5.37491077648110988E-016  -3070733712196.7070        3704654515117.3330        0.0000000000000000      T
          16           4           1  -451.18132883819703       -1372.8581119726823        0.0000000000000000        495.46544783817126        436.46809587471171       5.68434188608080149E-014           4           7          15          17   0.0000000000000000        0.0000000000000000        0.0000000000000000        136270360562.67807       -164160881500.53528        0.0000000000000000       5.37491077648110988E-016  -1825756428597.6934        2141649106726.6321        0.0000000000000000      T
          17           4           1   17.398781358944689       -931.93286198572355        0.0000000000000000        414.45863439391962        516.22751770995308       2.84217094304040074E-014           4           7          16          18   0.0000000000000000        0.0000000000000000        0.0000000000000000        170422200207.52850       -79308085912.762451        0.0000000000000000       5.37491077648110988E-016   2209787693019.9580       -1692952927620.7710        0.0000000000000000      T
          18           4           1   360.37660005319833       -384.54369098059738        0.0000000000000000        281.37380126033725        463.56509626173096        0.0000000000000000                4           7          17          62   0.0000000000000000        0.0000000000000000        0.0000000000000000       -147347686974.81854        107423796533.77585        0.0000000000000000       5.37491077648110988E-016   2503177763391.3687       -1568886912252.1118        0.0000000000000000      T
          19           5           2  -323.04400819254818       -1511.0424690182554        0.0000000000000000       -593.12357926945606       -514.36156671114713        0.0000000000000000                5           7          -1          20   0.0000000000000000        0.0000000000000000        0.0000000000000000        0.0000000000000000        0.0000000000000000        0.0000000000000000       5.37491077648110988E-016  -3638494557763.8608        3243545822317.1836        0.0000000000000000      T
          20           5           1  -580.34865044619823       -1744.7913861298466        0.0000000000000000       -193.96744892226752       -114.53394280525367        0.0000000000000000                5           7          19          21   0.0000000000000000        0.0000000000000000        0.0000000000000000        136486815418.03416       -244015945970.79138        0.0000000000000000       5.37491077648110988E-016   4111880244036.2354       -5655251030014.9414        0.0000000000000000      T
          21           5           1  -894.62530348056680       -1893.7081192050582        0.0000000000000000       -345.75051090552955       -175.49961262824675      -3.55271367880050093E-014           5           7          20          22   0.0000000000000000        0.0000000000000000        0.0000000000000000       -269343974656.17044        342917426229.60205        0.0000000000000000       5.37491077648110988E-016  -2230930447096.4277        3132472025606.9834        0.0000000000000000      T
          22           5           1  -1144.9268186306219       -2105.0317127885110        0.0000000000000000       -116.76501200888596       -264.18858665775304       5.68434188608080149E-014           5           7          21          23   0.0000000000000000        0.0000000000000000        0.0000000000000000       -221371879759.18610        421543300840.37183        0.0000000000000000       5.37491077648110988E-016  -6599908080415.8838        8795895689407.5283        0.0000000000000000      T
          23           5           2  -1425.3827500766492       -2206.9837292854208        0.0000000000000000       -779.46178084717394        292.42712901817094      -2.84217094304040074E-014           5           7          22          -1   0.0000000000000000        0.0000000000000000        0.0000000000000000        0.0000000000000000        0.0000000000000000        0.0000000000000000       5.37491077648110988E-016  -6178841139135.3916        9100655041112.5938        0.0000000000000000      T
          24           6           2   706.30269769742085        155.32442096946727        0.0000000000000000       -305.56690850990412       -980.20398487652676        0.0000000000000000                6           7          -1          25   0.0000000000000000        0.0000000000000000        0.0000000000000000        0.0000000000000000        0.0000000000000000        0.0000000000000000       5.37491077648110988E-016   9679482821342.5449       -5225668599455.4365        0.0000000000000000      T
          25           6           1   439.37884508535217       -250.60938852052641        0.0000000000000000       -248.34814960231887       -250.14172459700009      -5.68434188608080149E-014           6           7          24          26   0.0000000000000000        0.0000000000000000        0.0000000000000000       -261299797924.18890        33722878059.106110        0.0000000000000000       5.37491077648110988E-016   9517618308894.7461       -5514685351353.8604        0.0000000000000000      T
          26           6           1   190.44247916240721       -676.28939099998809        0.0000000000000000       -248.62114868586085       -514.07055264383928        0.0000000000000000                6           7          25          27   0.0000000000000000        0.0000000000000000        0.0000000000000000        344200438.36692655        800057412.34911454        0.0000000000000000       5.37491077648110988E-016   9291170471076.4063       -5888413355448.1318        0.0000000000000000      T
          27           6           1  -57.446390005427702       -1104.2077826313182        0.0000000000000000       -247.64296092657776       -254.37124716001742        0.0000000000000000                6           7          26          28   0.0000000000000000        0.0000000000000000        0.0000000000000000        272494145359.84381       -33108659633.233414        0.0000000000000000       5.37491077648110988E-016   9538691761051.9980       -5478226241170.1426        0.0000000000000000      T
          28           6           2  -323.04400819248940       -1511.0424690179063        0.0000000000000000       -301.26646967251850       -972.70369276984593      -5.68434188608080149E-014           6           7          27          -1   0.0000000000000000        0.0000000000000000        0.0000000000000000        0.0000000000000000        0.0000000000000000        0.0000000000000000       5.37491077648110988E-016   9704148305595.6328       -5179720616307.9297        0.0000000000000000      T
          29           7           2  -1425.3827500776383       -2206.9837292861193        0.0000000000000000       -611.84023947995536        542.56053245305418       2.84217094304040074E-014           7           8          -1          30   0.0000000000000000        0.0000000000000000        0.0000000000000000        0.0000000000000000        0.0000000000000000        0.0000000000000000       5.37491077648110988E-016  -365694949551.50848       -265474681410.89948        0.0000000000000000      T
          30           7           1  -1676.9311846126543       -1663.5046285722829        0.0000000000000000       -33.282077043787233        579.57177948520621        0.0000000000000000                7           8          29          31   0.0000000000000000        0.0000000000000000        0.0000000000000000       -95093599611.142975        4933825263.2940273        0.0000000000000000       5.37491077648110988E-016  -404214950105.06329       -23093102675.242821        0.0000000000000000      T
          31           7           1  -1625.5034063328385       -1049.9724071893702        0.0000000000000000        144.60657888950308        610.18631589636857        0.0000000000000000                7           8          30          32   0.0000000000000000        0.0000000000000000        0.0000000000000000       -159247132144.27460        45185304881.030373        0.0000000000000000       5.37491077648110988E-016  -159957908905.19867        178231992111.97153        0.0000000000000000      T
          32           7           1  -1385.7821031439853       -481.37565570704322        0.0000000000000000        328.30300589178131        526.06987552503801        0.0000000000000000                7           8          31          33   0.0000000000000000        0.0000000000000000        0.0000000000000000       -155748840482.03207        92838123347.761871        0.0000000000000000       5.37491077648110988E-016   217196777875.46701        50251577524.071381        0.0000000000000000      T
          33           7           1  -978.97214971223161       -16.057036918065030        0.0000000000000000        481.77516740519314        387.28029281739339      -2.84217094304040074E-014           7           8          32          63   0.0000000000000000        0.0000000000000000        0.0000000000000000       -115561664417.79524        145315120331.36255        0.0000000000000000       5.37491077648110988E-016   139285139668.17914        92429486569.996063        0.0000000000000000      T
          34           8           2  -323.04400819254818       -1511.0424690182554        0.0000000000000000        707.05162396682454       -456.64150552127575      -2.84217094304040074E-014           8           8          -1          35   0.0000000000000000        0.0000000000000000        0.0000000000000000        0.0000000000000000        0.0000000000000000        0.0000000000000000       5.37491077648110988E-016   10724049211394.295       -2448421636808.7866        0.0000000000000000      T
          35           8           1  -391.86345839066252       -1823.1617911766552        0.0000000000000000       -340.49184891474272       -319.09711082960513        0.0000000000000000                8           8          34          36   0.0000000000000000        0.0000000000000000        0.0000000000000000       -371480189957.49036       -7983072967.7569427        0.0000000000000000       5.37491077648110988E-016   10169643590256.613       -4138409301554.1187        0.0000000000000000      T
          36           8           1  -649.60209024954531       -2162.1070623152355        0.0000000000000000       -324.75847447884593       -220.16383105124387       5.68434188608080149E-014           8           8          35          37   0.0000000000000000        0.0000000000000000        0.0000000000000000       -185684957080.21863       -93770387029.600266        0.0000000000000000       5.37491077648110988E-016   2748993038125.7207       -5542665337074.7969        0.0000000000000000      T
          37           8           1  -1060.8574976742341       -2272.4514574947689        0.0000000000000000       -367.45637102058868       -148.11656391975956      -2.84217094304040074E-014           8           8          36          38   0.0000000000000000        0.0000000000000000        0.0000000000000000       -41848971174.926987        208143752490.21649        0.0000000000000000       5.37491077648110988E-016  -1968904086501.5374        4742597585410.8047        0.0000000000000000      T
          38           8           2  -1425.3827500766492       -2206.9837292854208        0.0000000000000000       -532.75802092011020        678.00008581972588       5.68434188608080149E-014           8           8          37          -1   0.0000000000000000        0.0000000000000000        0.0000000000000000        0.0000000000000000        0.0000000000000000        0.0000000000000000       5.37491077648110988E-016  -1420130094887.6204        3801509356007.1060        0.0000000000000000      T
          39           9           2   706.30269769742017        155.32442096946733        0.0000000000000000        1019.3480764126925       -692.97362431648617      -5.68434188608080149E-014           9           8          -1          40   0.0000000000000000        0.0000000000000000        0.0000000000000000        0.0000000000000000        0.0000000000000000        0.0000000000000000       5.37491077648110988E-016   7040814760525.8857        514951230811.62457        0.0000000000000000      T
          40           9           1   905.11834236079085       -347.21551680448090        0.0000000000000000       -189.60286531799005       -498.37764693563946        0.0000000000000000                9           8          39          41   0.0000000000000000        0.0000000000000000        0.0000000000000000       -21457612869.637150       -222001602777.18365        0.0000000000000000       5.37491077648110988E-016   9146269396120.1289       -1872678164031.1509        0.0000000000000000      T
          41           9           1   683.54411672762262       -918.22084556462801        0.0000000000000000       -329.21235805012492       -534.15158754324216       5.68434188608080149E-014           9           8          40          42   0.0000000000000000        0.0000000000000000        0.0000000000000000       -151003319132.89630       -119594548620.26633        0.0000000000000000       5.37491077648110988E-016   6669207702145.2275       -4013216956030.5381        0.0000000000000000      T
          42           9           1   243.80704002199417       -1338.4352039966097        0.0000000000000000       -477.48160949790071       -338.67506446777861        0.0000000000000000                9           8          41          43   0.0000000000000000        0.0000000000000000        0.0000000000000000       -232427401476.03326        122063388144.11581        0.0000000000000000       5.37491077648110988E-016   2513541445850.7021       -2640479622163.6797        0.0000000000000000      T
          43           9           2  -323.04400819248968       -1511.0424690179061        0.0000000000000000       -780.62557871860929        110.38697505452234       3.55271367880050093E-014           9           8          42          -1   0.0000000000000000        0.0000000000000000        0.0000000000000000        0.0000000000000000        0.0000000000000000        0.0000000000000000       5.37491077648110988E-016  -219085716684.00803        586028804171.32166        0.0000000000000000      T
          44          10           2  -1425.3827500776383       -2206.9837292861193        0.0000000000000000        660.78959107928392        1276.5737422748566      -1.13686837721616030E-013          10          10          -1          45   0.0000000000000000        0.0000000000000000        0.0000000000000000        0.0000000000000000        0.0000000000000000        0.0000000000000000       5.37491077648110988E-016  -5338755509103.3174        5854492539915.1279        0.0000000000000000      T
          45          10           1  -962.16243077353852       -1794.7339700563371        0.0000000000000000        423.11891190280346        187.15774614577259       5.68434188608080149E-014          10          10          44          46   0.0000000000000000        0.0000000000000000        0.0000000000000000        140014678258.43896       -125979850805.56439        0.0000000000000000       5.37491077648110988E-016  -5898420524965.3613        7196185688794.1289        0.0000000000000000      T
          46          10           1  -472.86272334354476       -1369.3203196057473        0.0000000000000000        504.29484151178298        487.78550218316860       5.68434188608080149E-014          10          10          45          47   0.0000000000000000        0.0000000000000000        0.0000000000000000        76201102173.310837       -115857236847.69025        0.0000000000000000       5.37491077648110988E-016  -4158601130571.3047        4879090524177.5957        0.0000000000000000      T
          47          10           1  -3.5221606610907088       -920.20037201371861        0.0000000000000000        435.62253238740811        485.30103924940840       5.68434188608080149E-014          10          10          46          48   0.0000000000000000        0.0000000000000000        0.0000000000000000        83441329926.638962       -136393801397.11560        0.0000000000000000       5.37491077648110988E-016  -2839155627636.6406        2799816659851.0303        0.0000000000000000      T
          48          10           1   365.89781645323933       -390.18640528465846        0.0000000000000000        269.49664832893632        508.41208378246495       5.68434188608080149E-014          10          10          47          64   0.0000000000000000        0.0000000000000000        0.0000000000000000        110998011192.08499       -95433363428.991699        0.0000000000000000       5.37491077648110988E-016  -1069446640718.5713        918984863923.09863        0.0000000000000000      T
          49          11           2  -323.04400819254818       -1511.0424690182554        0.0000000000000000       -807.16234782091396       -98.391997733614943      -8.52651282912120223E-014          11          10          -1          50   0.0000000000000000        0.0000000000000000        0.0000000000000000        0.0000000000000000        0.0000000000000000        0.0000000000000000       5.37491077648110988E-016  -6540369773185.4160        8844408585654.6992        0.0000000000000000      T
          50          11           1  -599.84500766546228       -1657.9842403360071        0.0000000000000000       -120.36509915991084       -184.60917804702132      -7.10542735760100186E-015          11          10          49          51   0.0000000000000000        0.0000000000000000        0.0000000000000000       -25155312272.027740       -116492432796.59737        0.0000000000000000       5.37491077648110988E-016  -6870774056954.6680        8589116304222.5273        0.0000000000000000      T
          51          11           1  -863.22940956695959       -1856.3025976085382        0.0000000000000000       -331.93345966267600       -198.95167584914836      -7.10542735760100186E-015          11          10          50          52   0.0000000000000000        0.0000000000000000        0.0000000000000000        24362580456.194275        7872689857.1410751        0.0000000000000000       5.37491077648110988E-016  -7170253840471.3672        8341458939304.0830        0.0000000000000000      T
          52          11           1  -1144.5266670849451       -2034.6226788422418        0.0000000000000000       -185.94604044783190       -149.49943407508940      -2.84217094304040074E-014          11          10          51          53   0.0000000000000000        0.0000000000000000        0.0000000000000000        37001842783.224945        32716565681.688091        0.0000000000000000       5.37491077648110988E-016  -6758020515154.3008        8678872458818.3174        0.0000000000000000      T
          53          11           2  -1425.3827500766492       -2206.9837292854208        0.0000000000000000       -610.74240007506637       -255.09398288114187      -5.68434188608080149E-014          11          10          52          -1   0.0000000000000000        0.0000000000000000        0.0000000000000000        0.0000000000000000        0.0000000000000000        0.0000000000000000       5.37491077648110988E-016  -6838755496992.0117        8615765970148.0732        0.0000000000000000      T
          54          12           2   706.30269769742063        155.32442096946738        0.0000000000000000       -371.31144058489735       -961.44009537125748        0.0000000000000000               12          10          -1          55   0.0000000000000000        0.0000000000000000        0.0000000000000000        0.0000000000000000        0.0000000000000000        0.0000000000000000       5.37491077648110988E-016   9658521934931.6484       -5264309454472.0879        0.0000000000000000      T
          55          12           1   432.03142061150038       -248.38795554696785        0.0000000000000000       -233.40123120612827       -254.07637381454131       5.68434188608080149E-014          12          10          54          56   0.0000000000000000        0.0000000000000000        0.0000000000000000       -269042609934.83926        39358771524.678833        0.0000000000000000       5.37491077648110988E-016   9484662090460.5664       -5571231889803.9883        0.0000000000000000      T
          56          12           1   189.00123116786543       -675.95665111313610        0.0000000000000000       -246.98803417925586       -516.09762561838841        0.0000000000000000               12          10          55          57   0.0000000000000000        0.0000000000000000        0.0000000000000000       -2467003086.1225395        3071570374.6425395        0.0000000000000000       5.37491077648110988E-016   9325202160298.2383       -5834401356610.2148        0.0000000000000000      T
          57          12           1  -53.364910103951672       -1106.7828675092260        0.0000000000000000       -234.83562422320455       -256.71785959867952        0.0000000000000000               12          10          56          58   0.0000000000000000        0.0000000000000000        0.0000000000000000        272732258227.59070       -36477498245.084160        0.0000000000000000       5.37491077648110988E-016   9516011928584.7129       -5517512322098.9297        0.0000000000000000      T
          58          12           2  -323.04400819248940       -1511.0424690179063        0.0000000000000000       -349.80518700898955       -962.28838970120341       5.68434188608080149E-014          12          10          57          -1   0.0000000000000000        0.0000000000000000        0.0000000000000000        0.0000000000000000        0.0000000000000000        0.0000000000000000       5.37491077648110988E-016   9688606227877.7891       -5208733949927.5352        0.0000000000000000      T
          59           1           1  -405.60516466420563        172.35960660406209        0.0000000000000000        572.22525198135065        228.25768876626566       2.84217094304040074E-014           1          11           5          66   0.0000000000000000        0.0000000000000000        0.0000000000000000       -68033198557.788391        147451666194.80005        0.0000000000000000       5.37491077648110988E-016   48766912068.496307        19078487168.196201        0.0000000000000000      T
          60           2           1  -1089.9006352191388       -2277.0242462421802        0.0000000000000000       -349.27310552072402       -189.03280623658191        0.0000000000000000                2          11           8          61   0.0000000000000000        0.0000000000000000        0.0000000000000000       -11035699235.147240        250278166083.19336        0.0000000000000000       5.37491077648110988E-016  -1803019853317.4219        5637905975884.2832        0.0000000000000000      T
          61           2           2  -1425.3827500766492       -2206.9837292854208        0.0000000000000000       -403.72519149546815        710.29541342336972        0.0000000000000000                2          11          60          -1   0.0000000000000000        0.0000000000000000        0.0000000000000000        0.0000000000000000        0.0000000000000000        0.0000000000000000       5.37491077648110988E-016  -933172798316.34351        5846982015011.9033        0.0000000000000000      T
          62           4           2   706.30269769648964        155.32442096853606        0.0000000000000000        526.75790957736660        891.28394610590180      -5.68434188608080149E-014           4           7          18          -1   0.0000000000000000        0.0000000000000000        0.0000000000000000        0.0000000000000000        0.0000000000000000        0.0000000000000000       5.37491077648110988E-016  -874448892560.90393        501399111816.83276        0.0000000000000000      T
          63           7           1  -431.55237142521264        280.91295961993859        0.0000000000000000        607.28551964376550        211.67479918633316      -4.26325641456060112E-014           7           8          33          65   0.0000000000000000        0.0000000000000000        0.0000000000000000       -66691497652.557472        172082925637.06754        0.0000000000000000       5.37491077648110988E-016   84774325931.548920        49383485155.135239        0.0000000000000000      T
          64          10           2   706.30269769648964        155.32442096853606        0.0000000000000000        615.86544936958705        707.62500456749592       5.68434188608080149E-014          10          10          48          -1   0.0000000000000000        0.0000000000000000        0.0000000000000000        0.0000000000000000        0.0000000000000000        0.0000000000000000       5.37491077648110988E-016  -181297203552.19354        38212098429.508553        0.0000000000000000      T
          65           7           1   177.63955629519543        412.77097736691519        0.0000000000000000        558.91787204202603        52.504553292214958       3.19744231092045084E-014           7           8          63          67   0.0000000000000000        0.0000000000000000        0.0000000000000000       -3418439616.7568426        137895338344.04562        0.0000000000000000       5.37491077648110988E-016   121210839506.02643       -72613238533.072876        0.0000000000000000      T
          66           1           1   165.27919330606775        342.04447084830366        0.0000000000000000        516.53604295717014        103.69634840474501      -1.06581410364015028E-014           1          11          59          68   0.0000000000000000        0.0000000000000000        0.0000000000000000       -4085905584.2844973        96997241428.700867        0.0000000000000000       5.37491077648110988E-016   37795991032.794640        170355092817.29327        0.0000000000000000      T
          67           7           2   706.30269769648964        155.32442096853606        0.0000000000000000        570.60819955323620       -798.45862830940041        0.0000000000000000                7           8          65          -1   0.0000000000000000        0.0000000000000000        0.0000000000000000        0.0000000000000000        0.0000000000000000        0.0000000000000000       5.37491077648110988E-016  -184179025893.53470       -295151299640.40710        0.0000000000000000      T
          68           1           2   706.30269769648964        155.32442096853606        0.0000000000000000        697.35416327205496       -694.14863929182434        0.0000000000000000                1          11          66          -1   0.0000000000000000        0.0000000000000000        0.0000000000000000        0.0000000000000000        0.0000000000000000        0.0000000000000000       5.37491077648110988E-016  -209827277453.39212       -366305986429.44159        0.0000000000000000      T
