           1   2378.6246261874257        2378.6246261874257        2378.6246261874257                0
           1   2961.9591195589951        2961.9591195589951        2961.9591195589951                0
           1   4129.2805094669511        4129.2805094669511        4129.2805094669511                0
           2   2378.6246261874257        3154.3753738125743        2378.6246261874257                0
           2   2961.9591195589951        2571.0408804410049        2961.9591195589951                0
           2   4129.2805094669511        1403.7194905330489        4129.2805094669511                0
           3   3154.3753738125743        3154.3753738125743        2378.6246261874257                0
           3   2571.0408804410049        2571.0408804410049        2961.9591195589951                0
           3   1403.7194905330489        1403.7194905330489        4129.2805094669511                0
           4   3154.3753738125743        2378.6246261874257        2378.6246261874257                0
           4   2571.0408804410049        2961.9591195589951        2961.9591195589951                0
           4   1403.7194905330489        4129.2805094669511        4129.2805094669511                0
           1           1           2  -1425.3827500776383       -2206.9837292861193        0.0000000000000000        300.75447195846351        874.22652425340289       5.68434188608080149E-014           1          11          -1           2   0.0000000000000000        0.0000000000000000        0.0000000000000000        0.0000000000000000        0.0000000000000000        0.0000000000000000       5.37491077648110988E-016  -4055178709541.6816        4272265746587.1133        0.0000000000000000      T
           2           1           1  -984.24931771883416       -1766.8904041058959        0.0000000000000000        494.68551044238455        322.03529588089054        0.0000000000000000                1          11           1           3   0.0000000000000000        0.0000000000000000        0.0000000000000000       -66818502433.980164        80581480460.658264        0.0000000000000000       5.37491077648110988E-016  -4268389927659.3496        4724000701662.3340        0.0000000000000000      T
           3           1           1  -504.61294404815419       -1336.2416397989850        0.0000000000000000        482.81290436045015        449.85856068443820        0.0000000000000000                1          11           2           4   0.0000000000000000        0.0000000000000000        0.0000000000000000       -113606939823.08505        90818855783.037659        0.0000000000000000       5.37491077648110988E-016  -4500498670940.9795        4798840413826.9473        0.0000000000000000      T
           4           1           1  -33.073568353066122       -894.18087756701402        0.0000000000000000        427.59012021311923        496.65904099800241        0.0000000000000000                1          11           3           5   0.0000000000000000        0.0000000000000000        0.0000000000000000        57053728071.429596       -115184231743.01170        0.0000000000000000       5.37491077648110988E-016  -3975288807295.1606        3690149055662.3149        0.0000000000000000      T
           5           1           1   328.62579700435367       -364.51497644548289        0.0000000000000000        306.54283794459678        478.68526538405882      -2.84217094304040074E-014           1          11           4          59   0.0000000000000000        0.0000000000000000        0.0000000000000000       -84384091406.483215        55838958477.056129        0.0000000000000000       5.37491077648110988E-016   2289025513120.3545       -1435143660794.4712        0.0000000000000000      T
           6           2           2  -323.04400819254818       -1511.0424690182554        0.0000000000000000       -98.866582950346000       -473.84079173887096        0.0000000000000000                2          11          -1           7   0.0000000000000000        0.0000000000000000        0.0000000000000000        0.0000000000000000        0.0000000000000000        0.0000000000000000       5.37491077648110988E-016   7559794635639.3203       -7990588530700.2881        0.0000000000000000      T
           7           2           1  -573.63281346192809       -1711.0834744881022        0.0000000000000000       -281.94867979259038       -137.56712295658241       5.68434188608080149E-014           2          11           6           8   0.0000000000000000        0.0000000000000000        0.0000000000000000       -314576929456.50702        316976003775.41217        0.0000000000000000       5.37491077648110988E-016   7525616205340.8398       -8022760722074.9238        0.0000000000000000      T
           8           2           1  -817.80866198500325       -1933.2705807660502        0.0000000000000000       -257.63265925665769       -242.57505167818462      -2.84217094304040074E-014           2          11           7          60   0.0000000000000000        0.0000000000000000        0.0000000000000000       -92839352936.494354        1560694152.4310956        0.0000000000000000       5.37491077648110988E-016   4322318691469.0137       -3954651323332.3457        0.0000000000000000      T
           9           3           2   706.30269769742085        155.32442096946727        0.0000000000000000        217.07093164868030       -997.64315647831722      -5.68434188608080149E-014           3          11          -1          10   0.0000000000000000        0.0000000000000000        0.0000000000000000        0.0000000000000000        0.0000000000000000        0.0000000000000000       5.37491077648110988E-016   9745678343659.9590       -5101152185724.0537        0.0000000000000000      T
          10           3           1   479.99349579361115       -246.59936861730534        0.0000000000000000       -377.01723780114617       -243.82259657253479        0.0000000000000000                3          11           9          11   0.0000000000000000        0.0000000000000000        0.0000000000000000       -463757815082.73022        157967546745.68597        0.0000000000000000       5.37491077648110988E-016   9132878662095.2949       -6124687745515.1729        0.0000000000000000      T
          11           3           1   182.43036791213689       -668.25269796948237        0.0000000000000000       -280.61896979994737       -497.79781404839196        0.0000000000000000                3          11          10          12   0.0000000000000000        0.0000000000000000        0.0000000000000000       -886819813476.15857        566060750711.25305        0.0000000000000000       5.37491077648110988E-016  -3101900549152.1777        1117314792424.6611        0.0000000000000000      T
          12           3           1  -35.481099079038643       -1137.1992565975531        0.0000000000000000       -46.930667617013043       -436.78581117464057       4.26325641456060112E-014           3          11          11          13   0.0000000000000000        0.0000000000000000        0.0000000000000000       -132552173994.87982        168326766282.26788        0.0000000000000000       5.37491077648110988E-016  -9432880275338.5977        5652909392511.0732        0.0000000000000000      T
          13           3           2  -323.04400819248940       -1511.0424690179063        0.0000000000000000       -1048.0814880458795       -283.42825439831842      -8.52651282912120223E-014           3          11          12          -1   0.0000000000000000        0.0000000000000000        0.0000000000000000        0.0000000000000000        0.0000000000000000        0.0000000000000000       5.37491077648110988E-016  -8975971042141.4023        6358611786438.8438        0.0000000000000000      T
          14           4           2  -1425.3827500776383       -2206.9837292861193        0.0000000000000000        617.16117456270706        644.62345604028883        0.0000000000000000                4           7          -1          15   0.0000000000000000        0.0000000000000000        0.0000000000000000        0.0000000000000000        0.0000000000000000        0.0000000000000000       5.37491077648110988E-016   3495369136978.1631       -2088457427350.1687        0.0000000000000000      T
          15           4           1  -1105.5119091643101       -1654.2461187902959        0.0000000000000000        277.94506875873856        503.75558037187449      -2.84217094304040074E-014           4           7          14          16   0.0000000000000000        0.0000000000000000        0.0000000000000000       -115526897430.23567        63932168685.985954        0.0000000000000000       5.37491077648110988E-016   2279021311800.1699       -1451649258204.2166        0.0000000000000000      T
          16           4           1  -692.04647367036750       -1167.1777965599074        0.0000000000000000        471.06737962414979        459.77202065084816       2.84217094304040074E-014           4           7          15          17   0.0000000000000000        0.0000000000000000        0.0000000000000000        94381876366.723816       -86661777542.606537        0.0000000000000000       5.37491077648110988E-016  -351102950325.10529        233920733199.91571        0.0000000000000000      T
          17           4           1  -212.84397927857742       -736.33876924348340        0.0000000000000000        515.78920240186108        410.87838566517053        0.0000000000000000                4           7          16          18   0.0000000000000000        0.0000000000000000        0.0000000000000000        106981611250.67224       -136418330869.14314        0.0000000000000000       5.37491077648110988E-016   24961800776.081688       -129355063323.31369        0.0000000000000000      T
          18           4           1   289.71039230741439       -334.30843894274830        0.0000000000000000        411.04640870175263        395.32250953994770        0.0000000000000000                4           7          17          62   0.0000000000000000        0.0000000000000000        0.0000000000000000        63960489872.931381       -69069377831.613510        0.0000000000000000       5.37491077648110988E-016  -169075221625.52948        250748378827.32587        0.0000000000000000      T
          19           5           2  -323.04400819254818       -1511.0424690182554        0.0000000000000000       -35.721872156936456       -634.80939694909205        0.0000000000000000                5           7          -1          20   0.0000000000000000        0.0000000000000000        0.0000000000000000        0.0000000000000000        0.0000000000000000        0.0000000000000000       5.37491077648110988E-016   5572148167600.3271       -9484258790137.9141        0.0000000000000000      T
          20           5           1  -603.97621434730240       -1626.3717797565760        0.0000000000000000       -317.32494590078352       -31.798341156342289       5.68434188608080149E-014           5           7          19          21   0.0000000000000000        0.0000000000000000        0.0000000000000000       -158113824015.42908        419938145185.42761        0.0000000000000000       5.37491077648110988E-016   6758273194631.0293       -8665615273565.2598        0.0000000000000000      T
          21           5           1  -842.48995584292174       -1867.9934030134605        0.0000000000000000       -253.31618719105066       -308.85004041115411      -3.73034936274052598E-014           5           7          20          22   0.0000000000000000        0.0000000000000000        0.0000000000000000       -535802872756.48865        777368520942.50525        0.0000000000000000       5.37491077648110988E-016  -6861795148063.4697        7065539149628.6152        0.0000000000000000      T
          22           5           1  -1101.8551448590376       -2119.3740253650731        0.0000000000000000       -163.04709687021966       -211.80823402453279       4.26325641456060112E-014           5           7          21          23   0.0000000000000000        0.0000000000000000        0.0000000000000000        83801669880.416626        290509602721.06470        0.0000000000000000       5.37491077648110988E-016  -6187112747329.7695        9092557855639.8164        0.0000000000000000      T
          23           5           2  -1425.3827500766492       -2206.9837292854208        0.0000000000000000       -843.17380802925254        139.11199769340411      -5.68434188608080149E-014           5           7          22          -1   0.0000000000000000        0.0000000000000000        0.0000000000000000        0.0000000000000000        0.0000000000000000        0.0000000000000000       5.37491077648110988E-016  -5254670902016.8467        9663769125527.4434        0.0000000000000000      T
          24           6           2   706.30269769742085        155.32442096946727        0.0000000000000000       -197.45983686252077       -978.05791301602517        0.0000000000000000                6           7          -1          25   0.0000000000000000        0.0000000000000000        0.0000000000000000        0.0000000000000000        0.0000000000000000        0.0000000000000000       5.37491077648110988E-016   9985084482321.3223       -4614985144169.5811        0.0000000000000000      T
          25           6           1   482.23522575845260       -277.26937559808323        0.0000000000000000       -233.87562741558429       -280.57868200324117       5.68434188608080149E-014           6           7          24          26   0.0000000000000000        0.0000000000000000        0.0000000000000000       -312231881718.07794        1078422063.2317839        0.0000000000000000       5.37491077648110988E-016   9727803825048.1543       -5134755506743.6885        0.0000000000000000      T
          26           6           1   244.10509349669564       -713.98468042370189        0.0000000000000000       -253.63046607731661       -507.55466315051837        0.0000000000000000                6           7          25          27   0.0000000000000000        0.0000000000000000        0.0000000000000000       -18582149758.042374       -32831949424.270706        0.0000000000000000       5.37491077648110988E-016   9279958572677.4766       -5905319330093.8008        0.0000000000000000      T
          27           6           1  -24.159239058987453       -1128.5034894234118        0.0000000000000000       -270.78590272746914       -242.90500687067140        0.0000000000000000                6           7          26          28   0.0000000000000000        0.0000000000000000        0.0000000000000000        265081027801.88812       -69381366692.295776        0.0000000000000000       5.37491077648110988E-016   9275114337898.0742       -5913734353487.3926        0.0000000000000000      T
          28           6           2  -323.04400819248940       -1511.0424690179063        0.0000000000000000       -364.67322808036255       -911.99867514940865        0.0000000000000000                6           7          27          -1   0.0000000000000000        0.0000000000000000        0.0000000000000000        0.0000000000000000        0.0000000000000000        0.0000000000000000       5.37491077648110988E-016   9432227601144.5273       -5659777599889.1836        0.0000000000000000      T
          29           7           2  -1425.3827500776383       -2206.9837292861193        0.0000000000000000        100.93522959696764        902.81040673706593        0.0000000000000000                7           8          -1          30   0.0000000000000000        0.0000000000000000        0.0000000000000000        0.0000000000000000        0.0000000000000000        0.0000000000000000       5.37491077648110988E-016  -725164273950.53748        183152756929.93646        0.0000000000000000      T
          30           7           1  -1252.4013023852697       -1555.0956528987801        0.0000000000000000        246.00936060033735        566.93885269313125        0.0000000000000000                7           8          29          31   0.0000000000000000        0.0000000000000000        0.0000000000000000        79510350191.361023       -25097740058.971207        0.0000000000000000       5.37491077648110988E-016  -499192415993.65820        138979456574.99133        0.0000000000000000      T
          31           7           1  -934.00352984404753       -960.84733143107701        0.0000000000000000        389.16498870245579        567.84337605553662      -2.84217094304040074E-014           7           8          30          32   0.0000000000000000        0.0000000000000000        0.0000000000000000        48560226423.405800       -36070454282.773697        0.0000000000000000       5.37491077648110988E-016   54477383201.158867       -73573346647.310211        0.0000000000000000      T
          32           7           1  -476.86026850165331       -465.17347412276195        0.0000000000000000        523.95378624068849        431.45417941277697        0.0000000000000000                7           8          31          33   0.0000000000000000        0.0000000000000000        0.0000000000000000        44041806375.453720       -52321593215.658905        0.0000000000000000       5.37491077648110988E-016  -63624629816.037292       -24307987215.984703        0.0000000000000000      T
          33           7           1   82.996959602563877       -96.332744083425297        0.0000000000000000        566.02133467462420        299.88366833631005       5.68434188608080149E-014           7           8          32          63   0.0000000000000000        0.0000000000000000        0.0000000000000000        21442685269.579369       -38381663380.053101        0.0000000000000000       5.37491077648110988E-016  -39247306613.298691        25827221761.165092        0.0000000000000000      T
          34           8           2  -323.04400819254818       -1511.0424690182554        0.0000000000000000        174.64578562635219       -802.61857295973550       5.68434188608080149E-014           8           8          -1          35   0.0000000000000000        0.0000000000000000        0.0000000000000000        0.0000000000000000        0.0000000000000000        0.0000000000000000       5.37491077648110988E-016   8469401070477.1113       -7019205475507.9756        0.0000000000000000      T
          35           8           1  -516.36333824416010       -1746.5811342222473        0.0000000000000000       -325.45290851487806       -71.466812954278893        0.0000000000000000                8           8          34          36   0.0000000000000000        0.0000000000000000        0.0000000000000000       -515287742908.56433        331818030797.24841        0.0000000000000000       5.37491077648110988E-016   7863813872797.5391       -7676080950050.3516        0.0000000000000000      T
          36           8           1  -803.46729928404739       -1945.7919038827881        0.0000000000000000       -314.10402484133732       -215.76247981674720      -1.24344978758017533E-014           8           8          35          37   0.0000000000000000        0.0000000000000000        0.0000000000000000       -97016800855.609192        123262510101.62801        0.0000000000000000       5.37491077648110988E-016  -1698551014449.0500        1223974478338.5376        0.0000000000000000      T
          37           8           1  -1111.1632372033587       -2138.5588957332602        0.0000000000000000       -202.53068899736854       -241.41655231177106        0.0000000000000000                8           8          36          38   0.0000000000000000        0.0000000000000000        0.0000000000000000       -131287357341.64760        473461084077.40027        0.0000000000000000       5.37491077648110988E-016  -5589740595546.0889        9461922696089.4844        0.0000000000000000      T
          38           8           2  -1425.3827500766492       -2206.9837292854208        0.0000000000000000       -741.51957154699414        397.85321285593307      -5.68434188608080149E-014           8           8          37          -1   0.0000000000000000        0.0000000000000000        0.0000000000000000        0.0000000000000000        0.0000000000000000        0.0000000000000000       5.37491077648110988E-016  -4618414064135.4805        9983498962397.6816        0.0000000000000000      T
          39           9           2   706.30269769742017        155.32442096946733        0.0000000000000000        746.31296645028522       -1101.4333478880935        0.0000000000000000                9           8          -1          40   0.0000000000000000        0.0000000000000000        0.0000000000000000        0.0000000000000000        0.0000000000000000        0.0000000000000000       5.37491077648110988E-016   10469654754933.268       -2894650243748.8184        0.0000000000000000      T
          40           9           1   678.76150793966565       -285.10890392354554        0.0000000000000000       -332.92336252049915       -280.09419031030166       5.68434188608080149E-014           9           8          39          41   0.0000000000000000        0.0000000000000000        0.0000000000000000       -103508146578.25211       -122806149830.53925        0.0000000000000000       5.37491077648110988E-016   10122531469431.895       -4239261762805.8477        0.0000000000000000      T
          41           9           1   406.82613158137531       -739.65169318663766        0.0000000000000000       -313.04921471642274       -463.11823333901515      -5.68434188608080149E-014           9           8          40          42   0.0000000000000000        0.0000000000000000        0.0000000000000000       -150209353956.94675       -58921758500.203644        0.0000000000000000       5.37491077648110988E-016   9147744399055.1055       -6097376066699.6777        0.0000000000000000      T
          42           9           1   41.945942281939608       -1127.1542393563034        0.0000000000000000       -325.32647558698829       -393.56888263191036        0.0000000000000000                9           8          41          43   0.0000000000000000        0.0000000000000000        0.0000000000000000       -521038600842.55164        322266963313.87744        0.0000000000000000       5.37491077648110988E-016   6033738209064.1523       -5238491899943.0186        0.0000000000000000      T
          43           9           2  -323.04400819248968       -1511.0424690179061        0.0000000000000000       -575.25530225721923       -276.77856362714874      -2.84217094304040074E-014           9           8          42          -1   0.0000000000000000        0.0000000000000000        0.0000000000000000        0.0000000000000000        0.0000000000000000        0.0000000000000000       5.37491077648110988E-016  -1142290157984.4089        1304827871395.6477        0.0000000000000000      T
          44          10           2  -1425.3827500776383       -2206.9837292861193        0.0000000000000000        711.43639998038168        429.42209719152260      -2.84217094304040074E-014          10          10          -1          45   0.0000000000000000        0.0000000000000000        0.0000000000000000        0.0000000000000000        0.0000000000000000        0.0000000000000000       5.37491077648110988E-016  -202047722318.94540        359975442478.42285        0.0000000000000000      T
          45          10           1  -868.66828197778204       -1867.9446986084690        0.0000000000000000        503.22004262452805        337.51790151772752       2.84217094304040074E-014          10          10          44          46   0.0000000000000000        0.0000000000000000        0.0000000000000000       -31202265520.549530        47779011909.621780        0.0000000000000000       5.37491077648110988E-016  -127505451008.76682        217034980643.60016        0.0000000000000000      T
          46          10           1  -359.78241504937671       -1460.4520702902814        0.0000000000000000        472.48443460629028        460.10127372507969      -2.84217094304040074E-014          10          10          45          47   0.0000000000000000        0.0000000000000000        0.0000000000000000       -60085313402.293335        65185118561.508972        0.0000000000000000       5.37491077648110988E-016   90488015791.667282       -59456524414.735580        0.0000000000000000      T
          47          10           1   56.760973243979151       -960.48694265184167        0.0000000000000000        383.12998461559545        544.45027145183622        0.0000000000000000               10          10          46          48   0.0000000000000000        0.0000000000000000        0.0000000000000000       -114748592058.61595        77246569160.911057        0.0000000000000000       5.37491077648110988E-016   154270699423.45807       -124421955625.25383        0.0000000000000000      T
          48          10           1   406.41879733548541       -409.78766953630247        0.0000000000000000        293.59926408591576        514.09084272951327      -2.84217094304040074E-014          10          10          47          64   0.0000000000000000        0.0000000000000000        0.0000000000000000       -56055308898.770676        31802479670.617813        0.0000000000000000       5.37491077648110988E-016  -4786134062.3260231       -8419477117.7160892        0.0000000000000000      T
          49          11           2  -323.04400819254818       -1511.0424690182554        0.0000000000000000       -108.46286019452074       -669.92547479869711        0.0000000000000000               11          10          -1          50   0.0000000000000000        0.0000000000000000        0.0000000000000000        0.0000000000000000        0.0000000000000000        0.0000000000000000       5.37491077648110988E-016   6739112882257.7959       -8693926475430.2490        0.0000000000000000      T
          50          11           1  -600.43107864554167       -1694.5229568877076        0.0000000000000000       -328.24119591370936       -63.992810257147838       2.84217094304040074E-014          11          10          49          51   0.0000000000000000        0.0000000000000000        0.0000000000000000        350741406843.59607       -91499941313.653519        0.0000000000000000       5.37491077648110988E-016   7032725713177.8301       -8457559523821.6699        0.0000000000000000      T
          51          11           1  -892.53152899064901       -1909.3064494501659        0.0000000000000000       -287.03491854494519       -268.89522546844324        0.0000000000000000               11          10          50          52   0.0000000000000000        0.0000000000000000        0.0000000000000000       -329295409465.96887        82517588439.232117        0.0000000000000000       5.37491077648110988E-016   7362347115631.9268       -8165558948011.3086        0.0000000000000000      T
          52          11           1  -1207.0582793761223       -2048.6384915856065        0.0000000000000000       -343.50073209825365        77.227108037222493        0.0000000000000000               11          10          51          53   0.0000000000000000        0.0000000000000000        0.0000000000000000       -11231041743.211319        4103497290.3450904        0.0000000000000000       5.37491077648110988E-016   6676627284865.0176       -8739241022258.0215        0.0000000000000000      T
          53          11           2  -1425.3827500766492       -2206.9837292854208        0.0000000000000000        62.484183679960211       -933.04504618621149        0.0000000000000000               11          10          52          -1   0.0000000000000000        0.0000000000000000        0.0000000000000000        0.0000000000000000        0.0000000000000000        0.0000000000000000       5.37491077648110988E-016   7075083408642.4180       -8422778327888.7734        0.0000000000000000      T
          54          12           2   706.30269769742063        155.32442096946738        0.0000000000000000       -62.382791080021434       -1061.7866341465356      -5.68434188608080149E-014          12          10          -1          55   0.0000000000000000        0.0000000000000000        0.0000000000000000        0.0000000000000000        0.0000000000000000        0.0000000000000000       5.37491077648110988E-016   9143411459219.5879       -6115392619236.4727        0.0000000000000000      T
          55          12           1   434.65453804527147       -227.81046547828259        0.0000000000000000       -337.98938361904158       -200.57732629570862      -1.13686837721616030E-013          12          10          54          56   0.0000000000000000        0.0000000000000000        0.0000000000000000       -102085787274.22043        46975538826.785873        0.0000000000000000       5.37491077648110988E-016   9134991628470.2539       -6127961240011.2861        0.0000000000000000      T
          56          12           1   155.43788903936908       -643.38226372757094        0.0000000000000000       -238.25410041796749       -532.02411476174495        0.0000000000000000               12          10          55          57   0.0000000000000000        0.0000000000000000        0.0000000000000000        192975248081.02585       -56526080635.413261        0.0000000000000000       5.37491077648110988E-016   9274071268296.5605       -5915209801894.8799        0.0000000000000000      T
          57          12           1  -90.464399562912547       -1087.3181895544312        0.0000000000000000       -284.35102753363998       -249.84938688575656        0.0000000000000000               12          10          56          58   0.0000000000000000        0.0000000000000000        0.0000000000000000        290344150754.36761       -33142948056.700714        0.0000000000000000       5.37491077648110988E-016   9574334634369.7793       -5415789532128.4355        0.0000000000000000      T
          58          12           2  -323.04400819248940       -1511.0424690179063        0.0000000000000000       -59.787481143047614       -1071.5589535662350      -5.68434188608080149E-014          12          10          57          -1   0.0000000000000000        0.0000000000000000        0.0000000000000000        0.0000000000000000        0.0000000000000000        0.0000000000000000       5.37491077648110988E-016   9916026817318.9785       -4761555644766.8320        0.0000000000000000      T
          59           1           2   706.30269769648964        155.32442096853606        0.0000000000000000        564.36732615716176        737.11579307241277      -5.68434188608080149E-014           1          11           5          -1   0.0000000000000000        0.0000000000000000        0.0000000000000000        0.0000000000000000        0.0000000000000000        0.0000000000000000       5.37491077648110988E-016  -422934495115.79181        265594108556.41647        0.0000000000000000      T
          60           2           1  -1102.9905578364362       -2109.4459861582404        0.0000000000000000       -275.59391630430520       -87.220205341094413        0.0000000000000000                2          11           8          61   0.0000000000000000        0.0000000000000000        0.0000000000000000       -31357277620.519569       -76220399917.901947        0.0000000000000000       5.37491077648110988E-016   3370071740074.9077       -6722762417411.6934        0.0000000000000000      T
          61           2           2  -1425.3827500766492       -2206.9837292854208        0.0000000000000000       -462.71393980105950       -229.68357251554892        0.0000000000000000                2          11          60          -1   0.0000000000000000        0.0000000000000000        0.0000000000000000        0.0000000000000000        0.0000000000000000        0.0000000000000000       5.37491077648110988E-016   2211516007611.1978       -2013600136524.4863        0.0000000000000000      T
          62           4           2   706.30269769648964        155.32442096853606        0.0000000000000000        597.46519371632985        682.82114681109670        0.0000000000000000                4           7          18          -1   0.0000000000000000        0.0000000000000000        0.0000000000000000        0.0000000000000000        0.0000000000000000        0.0000000000000000       5.37491077648110988E-016  -62238314993.672600        54767127422.286812        0.0000000000000000      T
          63           7           2   706.30269769648964        155.32442096853606        0.0000000000000000        761.44977365524505        230.50483251587679        0.0000000000000000                7           8          33          -1   0.0000000000000000        0.0000000000000000        0.0000000000000000        0.0000000000000000        0.0000000000000000        0.0000000000000000       5.37491077648110988E-016  -24254974735.357021        28792326135.118748        0.0000000000000000      T
          64          10           2   706.30269769648964        155.32442096853606        0.0000000000000000        391.09813239827292        746.62044849124322        0.0000000000000000               10          10          48          -1   0.0000000000000000        0.0000000000000000        0.0000000000000000        0.0000000000000000        0.0000000000000000        0.0000000000000000       5.37491077648110988E-016   109174041966.35655       -57102137720.360893        0.0000000000000000      T
