           1   2378.6246261874257        2378.6246261874257        2378.6246261874257                0
           1   2961.9591195589951        2961.9591195589951        2961.9591195589951                0
           1   4129.2805094669511        4129.2805094669511        4129.2805094669511                0
           2   2378.6246261874257        3154.3753738125743        2378.6246261874257                0
           2   2961.9591195589951        2571.0408804410049        2961.9591195589951                0
           2   4129.2805094669511        1403.7194905330489        4129.2805094669511                0
           3   3154.3753738125743        3154.3753738125743        2378.6246261874257                0
           3   2571.0408804410049        2571.0408804410049        2961.9591195589951                0
           3   1403.7194905330489        1403.7194905330489        4129.2805094669511                0
           4   3154.3753738125743        2378.6246261874257        2378.6246261874257                0
           4   2571.0408804410049        2961.9591195589951        2961.9591195589951                0
           4   1403.7194905330489        4129.2805094669511        4129.2805094669511                0
           1           1           2  -1425.3827500776383       -2206.9837292861193        0.0000000000000000        818.45649844106742       -85.609494699741759       3.55271367880050093E-014           1          11          -1           2   0.0000000000000000        0.0000000000000000        0.0000000000000000        0.0000000000000000        0.0000000000000000        0.0000000000000000       5.37491077648110988E-016   16443576973.111053        148235364329.28354        0.0000000000000000      T
           2           1           1  -765.17258367488876       -2249.8917967795842        0.0000000000000000        615.34333918495906        38.462529302030646      -4.08562073062057607E-014           1          11           1           3   0.0000000000000000        0.0000000000000000        0.0000000000000000       -3953580693.4839330        108955232239.73166        0.0000000000000000       5.37491077648110988E-016  -42591397511.992050        115761205397.39607        0.0000000000000000      T
           3           1           1  -129.05081494994897       -2092.0623433682094        0.0000000000000000        609.16595020216516        276.52353524534885        0.0000000000000000                1          11           2           4   0.0000000000000000        0.0000000000000000        0.0000000000000000       -96533058604.840820        187267278295.59894        0.0000000000000000       5.37491077648110988E-016  -150493671874.91479       -7500029140.3134785        0.0000000000000000      T
           4           1           1   403.21291717758879       -1709.8265693467861        0.0000000000000000        453.14936256381247        475.63901201496816       2.84217094304040074E-014           1          11           3           5   0.0000000000000000        0.0000000000000000        0.0000000000000000       -165344953973.12360        174094717995.85895        0.0000000000000000       5.37491077648110988E-016  -108248601257.09152       -78475423120.266510        0.0000000000000000      T
           5           1           1   738.73961050190110       -1150.3718454391062        0.0000000000000000        181.60787589813336        645.99191048208900      -5.68434188608080149E-014           1          11           4          59   0.0000000000000000        0.0000000000000000        0.0000000000000000       -232653136117.21634        56318779942.823166        0.0000000000000000       5.37491077648110988E-016   4696143075.0823507       -183956123599.52747        0.0000000000000000      T
           6           2           2  -323.04400819254818       -1511.0424690182554        0.0000000000000000       -572.99635560557374        360.22984931913993       2.84217094304040074E-014           2          11          -1           7   0.0000000000000000        0.0000000000000000        0.0000000000000000        0.0000000000000000        0.0000000000000000        0.0000000000000000       5.37491077648110988E-016  -214155889381.48196       -304844083702.52283        0.0000000000000000      T
           7           2           1  -723.27934491699114       -1269.3746967316883        0.0000000000000000       -368.99011256506071        78.335597110942530       1.42108547152020037E-014           2          11           6           8   0.0000000000000000        0.0000000000000000        0.0000000000000000        116106174868.25682       -632021825774.82300        0.0000000000000000       5.37491077648110988E-016   1700017202974.0962       -2757930581363.4849        0.0000000000000000      T
           8           2           1  -1129.1271492244637       -1390.8661933438664        0.0000000000000000       -369.29261722992993       -313.04341073974240      -5.68434188608080149E-014           2          11           7          60   0.0000000000000000        0.0000000000000000        0.0000000000000000        419642507927.89325       -165250763248.63214        0.0000000000000000       5.37491077648110988E-016   6344404996504.2598       -5445273142709.1172        0.0000000000000000      T
           9           3           2   706.30269769742085        155.32442096946727        0.0000000000000000       -687.82006539171471        38.012589172160702      -1.06581410364015028E-014           3          11          -1          10   0.0000000000000000        0.0000000000000000        0.0000000000000000        0.0000000000000000        0.0000000000000000        0.0000000000000000       5.37491077648110988E-016  -13880772098.800552       -25685577951.124428        0.0000000000000000      T
          10           3           1   9.1012144703932734        147.13944047056515        0.0000000000000000       -692.56497663234268       -146.46293568337580       4.61852778244065121E-014           3          11           9          11   0.0000000000000000        0.0000000000000000        0.0000000000000000        41986174768.376282       -170891323350.94006        0.0000000000000000       5.37491077648110988E-016   70252250801.058075       -142522139705.08984        0.0000000000000000      T
          11           3           1  -565.34099119175880       -219.19784776018508        0.0000000000000000       -356.85109474645395       -575.72765262761436      -2.84217094304040074E-014           3          11          10          12   0.0000000000000000        0.0000000000000000        0.0000000000000000        315701583003.92554       -195119308401.39752        0.0000000000000000       5.37491077648110988E-016   110313270446.83438        211714937277.33221        0.0000000000000000      T
          12           3           1  -637.03774127858833       -895.44693786036294        0.0000000000000000        181.55248837121269       -678.38558879895163        0.0000000000000000                3          11          11          13   0.0000000000000000        0.0000000000000000        0.0000000000000000        187973414628.04425        46084923709.839005        0.0000000000000000       5.37491077648110988E-016  -204275546802.69647        11265790071.929064        0.0000000000000000      T
          13           3           2  -323.04400819248940       -1511.0424690179063        0.0000000000000000        357.53209025941135       -586.26385594974363        0.0000000000000000                3          11          12          -1   0.0000000000000000        0.0000000000000000        0.0000000000000000        0.0000000000000000        0.0000000000000000        0.0000000000000000       5.37491077648110988E-016  -37548669727.828369       -29749242972.234028        0.0000000000000000      T
          14           4           2  -1425.3827500776383       -2206.9837292861193        0.0000000000000000       -118.01980155025979        846.55389582173177        0.0000000000000000                4           7          -1          15   0.0000000000000000        0.0000000000000000        0.0000000000000000        0.0000000000000000        0.0000000000000000        0.0000000000000000       5.37491077648110988E-016   153097063385.70532        21359877433.619797        0.0000000000000000      T
          15           4           1  -1512.4106093282776       -1555.6707959124715        0.0000000000000000       -17.413625052705669        601.25345267646242        0.0000000000000000                4           7          14          16   0.0000000000000000        0.0000000000000000        0.0000000000000000        135591859297.79907        6717695050.5190220        0.0000000000000000       5.37491077648110988E-016   184589067401.05106       -35747605527.532684        0.0000000000000000      T
          16           4           1  -1417.4972928774819       -912.62241376550969        0.0000000000000000        211.33067336155113        631.51624003424843        0.0000000000000000                4           7          15          17   0.0000000000000000        0.0000000000000000        0.0000000000000000        209865359239.91663       -83839941847.217972        0.0000000000000000       5.37491077648110988E-016  -1338086296.1254466       -145231064820.32794        0.0000000000000000      T
          17           4           1  -1096.9787554299041       -345.12396692064817        0.0000000000000000        418.38649330162286        504.32207416201442      -2.84217094304040074E-014           4           7          16          18   0.0000000000000000        0.0000000000000000        0.0000000000000000        192917202187.61462       -141225644378.30634        0.0000000000000000       5.37491077648110988E-016  -84047493366.560852       -84158612349.424194        0.0000000000000000      T
          18           4           1  -587.03014888747555        58.878596203139402        0.0000000000000000        606.52478540197592        265.69849322364070       4.26325641456060112E-014           4           7          17          62   0.0000000000000000        0.0000000000000000        0.0000000000000000        73132175749.208786       -200939018885.94852        0.0000000000000000       5.37491077648110988E-016  -181214206028.30286       -2741209967.7362146        0.0000000000000000      T
          19           5           2  -323.04400819254818       -1511.0424690182554        0.0000000000000000        408.75686334871136       -834.89915137400476      -5.68434188608080149E-014           5           7          -1          20   0.0000000000000000        0.0000000000000000        0.0000000000000000        0.0000000000000000        0.0000000000000000        0.0000000000000000       5.37491077648110988E-016   4729815584136.2568       -1310617319692.7295        0.0000000000000000      T
          20           5           1  -277.45097431093450       -1986.3575895479873        0.0000000000000000       -178.66449764810739       -367.61755473147036      -5.68434188608080149E-014           5           7          19          21   0.0000000000000000        0.0000000000000000        0.0000000000000000       -190554755142.28296       -66393724459.344208        0.0000000000000000       5.37491077648110988E-016   5268150132214.7109       -2060321404586.2673        0.0000000000000000      T
          21           5           1  -562.87993094564979       -2379.7060892546760        0.0000000000000000       -413.60664101558763       -300.62149040937584        0.0000000000000000                5           7          20          22   0.0000000000000000        0.0000000000000000        0.0000000000000000       -653217176834.12476        594471871033.91870        0.0000000000000000       5.37491077648110988E-016   4117126745907.5264       -3084984590148.4175        0.0000000000000000      T
          22           5           1  -1016.7128224733667       -2477.8451413162593        0.0000000000000000       -384.69448277684000        95.640861064157917       1.77635683940025046E-014           5           7          21          23   0.0000000000000000        0.0000000000000000        0.0000000000000000        38345522564.618919        250341722962.66913        0.0000000000000000       5.37491077648110988E-016   272565042825.39816       -214265781307.27094        0.0000000000000000      T
          23           5           2  -1425.3827500766492       -2206.9837292854208        0.0000000000000000       -635.12388527004941        436.22512606050975        0.0000000000000000                5           7          22          -1   0.0000000000000000        0.0000000000000000        0.0000000000000000        0.0000000000000000        0.0000000000000000        0.0000000000000000       5.37491077648110988E-016  -212948167779.99924       -340152789230.40845        0.0000000000000000      T
          24           6           2   706.30269769742085        155.32442096946727        0.0000000000000000        353.81567753540935       -587.22049348903306      -5.68434188608080149E-014           6           7          -1          25   0.0000000000000000        0.0000000000000000        0.0000000000000000        0.0000000000000000        0.0000000000000000        0.0000000000000000       5.37491077648110988E-016   49676444619.187630       -1900714947.4247694        0.0000000000000000      T
          25           6           1   1010.6477089125848       -471.24068557430235        0.0000000000000000        177.41044810114283       -688.88791678867597       5.68434188608080149E-014           6           7          24          26   0.0000000000000000        0.0000000000000000        0.0000000000000000       -159539463624.98199       -38554004975.658150        0.0000000000000000       5.37491077648110988E-016  -89727373417.914948       -2298353232.6118107        0.0000000000000000      T
          26           6           1   945.26613104535033       -1154.8027185243141        0.0000000000000000       -346.56716989619298       -587.60925783760649        0.0000000000000000                6           7          25          27   0.0000000000000000        0.0000000000000000        0.0000000000000000       -303902201073.41187        176687644225.91254        0.0000000000000000       5.37491077648110988E-016   209027583299.47260        132221279092.45882        0.0000000000000000      T
          27           6           1   376.63543658286324       -1531.2683315623215        0.0000000000000000       -693.17858550553581       -140.75798982495547        0.0000000000000000                6           7          26          28   0.0000000000000000        0.0000000000000000        0.0000000000000000       -43661160820.736069        171199528182.46454        0.0000000000000000       5.37491077648110988E-016   130560746643.25732       -248329355837.38843        0.0000000000000000      T
          28           6           2  -323.04400819248940       -1511.0424690179063        0.0000000000000000       -685.64890579518215        81.921965656651594      -7.10542735760100186E-015           6           7          27          -1   0.0000000000000000        0.0000000000000000        0.0000000000000000        0.0000000000000000        0.0000000000000000        0.0000000000000000       5.37491077648110988E-016   9889892008.2296505       -60985707879.273369        0.0000000000000000      T
          29           7           2  -1425.3827500776383       -2206.9837292861193        0.0000000000000000       -170.11167271202964        827.30162873967254        0.0000000000000000                7           8          -1          30   0.0000000000000000        0.0000000000000000        0.0000000000000000        0.0000000000000000        0.0000000000000000        0.0000000000000000       5.37491077648110988E-016   161148615218.82074        27473253442.257069        0.0000000000000000      T
          30           7           1  -1520.4006317431958       -1549.0049986314755        0.0000000000000000       -16.347347117133040        618.95519357720639        0.0000000000000000                7           8          29          31   0.0000000000000000        0.0000000000000000        0.0000000000000000        105366763692.09517        4105659145.3595529        0.0000000000000000       5.37491077648110988E-016   153069711040.97125       -28248066802.353481        0.0000000000000000      T
          31           7           1  -1442.0183272907573       -888.20694861040511        0.0000000000000000        185.59432954120427        653.20793897864462        0.0000000000000000                7           8          30          32   0.0000000000000000        0.0000000000000000        0.0000000000000000        172764059782.40515       -53635761124.751282        0.0000000000000000       5.37491077648110988E-016   61350326319.534546       -106326594098.33344        0.0000000000000000      T
          32           7           1  -1137.7714119690756       -302.00369326505842        0.0000000000000000        421.85768827467717        509.21696660746522       2.84217094304040074E-014           7           8          31          33   0.0000000000000000        0.0000000000000000        0.0000000000000000        126922561885.72310       -113589518106.69876        0.0000000000000000       5.37491077648110988E-016  -81534186511.743774       -114905061175.84189        0.0000000000000000      T
          33           7           1  -610.09469604103424        89.640103887757363        0.0000000000000000        622.74581110925578        243.46535208598209       2.84217094304040074E-014           7           8          32          63   0.0000000000000000        0.0000000000000000        0.0000000000000000        50198700072.290924       -115857624594.33521        0.0000000000000000       5.37491077648110988E-016  -204091005345.21509        954590245.52375841        0.0000000000000000      T
          34           8           2  -323.04400819254818       -1511.0424690182554        0.0000000000000000        177.68104712527764       -751.03281533338770       5.68434188608080149E-014           8           8          -1          35   0.0000000000000000        0.0000000000000000        0.0000000000000000        0.0000000000000000        0.0000000000000000        0.0000000000000000       5.37491077648110988E-016   874415496472.02234       -449316958069.67987        0.0000000000000000      T
          35           8           1  -299.36822429808041       -2005.5658573502151        0.0000000000000000       -117.05595959204487       -419.22330295728278        0.0000000000000000                8           8          34          36   0.0000000000000000        0.0000000000000000        0.0000000000000000       -211420020493.93109       -144178953.85564363        0.0000000000000000       5.37491077648110988E-016   914863185024.03052       -575036354614.23633        0.0000000000000000      T
          36           8           1  -551.53282162449614       -2415.8708584134065        0.0000000000000000       -394.92364905294198       -286.55914102293474        0.0000000000000000                8           8          35          37   0.0000000000000000        0.0000000000000000        0.0000000000000000       -412158312274.49860        589719651174.26147        0.0000000000000000       5.37491077648110988E-016   1740460923237.6616       -1394860142295.3799        0.0000000000000000      T
          37           8           1  -1016.2968120061668       -2485.6388658043807        0.0000000000000000       -454.03520732044637        125.24084168652418       1.77635683940025046E-014           8           8          36          38   0.0000000000000000        0.0000000000000000        0.0000000000000000        32411985781.237740        213275654389.12680        0.0000000000000000       5.37491077648110988E-016   295331313753.22974       -207433894936.46552        0.0000000000000000      T
          38           8           2  -1425.3827500766492       -2206.9837292854208        0.0000000000000000       -410.48530702173196        412.25716166079496       2.84217094304040074E-014           8           8          37          -1   0.0000000000000000        0.0000000000000000        0.0000000000000000        0.0000000000000000        0.0000000000000000        0.0000000000000000       5.37491077648110988E-016   66293481578.623962        152668116284.17221        0.0000000000000000      T
          39           9           2   706.30269769742017        155.32442096946733        0.0000000000000000        370.05612701958512       -578.85890519943052        0.0000000000000000                9           8          -1          40   0.0000000000000000        0.0000000000000000        0.0000000000000000        0.0000000000000000        0.0000000000000000        0.0000000000000000       5.37491077648110988E-016   123709105048.30864       -3587122254.1861916        0.0000000000000000      T
          40           9           1   1014.0495515422733       -481.21836742050823        0.0000000000000000        176.72534633022104       -699.53204475488053        0.0000000000000000                9           8          39          41   0.0000000000000000        0.0000000000000000        0.0000000000000000       -133709825576.39780       -34075221448.422916        0.0000000000000000       5.37491077648110988E-016   79078328779.564880       -16223639648.644009        0.0000000000000000      T
          41           9           1   952.25542730724646       -1172.9756038719086        0.0000000000000000       -339.09932351098934       -607.91299030517519        0.0000000000000000                9           8          40          42   0.0000000000000000        0.0000000000000000        0.0000000000000000       -286763029372.86719        155295998778.57266        0.0000000000000000       5.37491077648110988E-016   391665726138.42084       -16455937406.845154        0.0000000000000000      T
          42           9           1   385.48369039546031       -1567.1920712870410        0.0000000000000000       -706.02563572670317       -126.73710562401746        0.0000000000000000                9           8          41          43   0.0000000000000000        0.0000000000000000        0.0000000000000000       -53884656353.031281        184876315401.05280        0.0000000000000000       5.37491077648110988E-016   220091390359.79669       -371569629111.70374        0.0000000000000000      T
          43           9           2  -323.04400819248968       -1511.0424690179061        0.0000000000000000       -662.69644008140767        100.66081736325238      -7.10542735760100186E-015           9           8          42          -1   0.0000000000000000        0.0000000000000000        0.0000000000000000        0.0000000000000000        0.0000000000000000        0.0000000000000000       5.37491077648110988E-016  -12096438629.397943       -136505836087.22226        0.0000000000000000      T
          44          10           2  -1425.3827500776383       -2206.9837292861193        0.0000000000000000        816.98419968505482       -112.07683531487963      -7.10542735760100186E-015          10          10          -1          45   0.0000000000000000        0.0000000000000000        0.0000000000000000        0.0000000000000000        0.0000000000000000        0.0000000000000000       5.37491077648110988E-016   10142052488.742317        105560056255.07832        0.0000000000000000      T
          45          10           1  -768.31380711545557       -2250.4627370137528        0.0000000000000000        608.48701864602913        52.268945807665347      -3.19744231092045084E-014          10          10          44          46   0.0000000000000000        0.0000000000000000        0.0000000000000000       -6204240801.1133032        91039093488.708191        0.0000000000000000       5.37491077648110988E-016  -47672440740.371826        99207018407.250275        0.0000000000000000      T
          46          10           1  -142.06941295758782       -2079.3671548518141        0.0000000000000000        599.00773709097962        285.85077538713392      -2.84217094304040074E-014          10          10          45          47   0.0000000000000000        0.0000000000000000        0.0000000000000000       -93485909187.107788        175756587823.84229        0.0000000000000000       5.37491077648110988E-016  -155294180685.92554        10230199699.523048        0.0000000000000000      T
          47          10           1   381.17054672136686       -1693.9022027363144        0.0000000000000000        443.93509450052227        474.00955547611397      -2.84217094304040074E-014          10          10          46          48   0.0000000000000000        0.0000000000000000        0.0000000000000000       -191806891119.40344        177887276567.27972        0.0000000000000000       5.37491077648110988E-016  -161284830558.25934       -153855753941.56042        0.0000000000000000      T
          48          10           1   724.71033050603307       -1143.0997425239066        0.0000000000000000        225.59111529779574        626.91323969213261       2.84217094304040074E-014          10          10          47          64   0.0000000000000000        0.0000000000000000        0.0000000000000000       -234865049009.53696        87985698339.221497        0.0000000000000000       5.37491077648110988E-016  -40439005108.803024       -225413451848.05798        0.0000000000000000      T
          49          11           2  -323.04400819254818       -1511.0424690182554        0.0000000000000000       -677.18608902466258        316.55977316822577        0.0000000000000000               11          10          -1          50   0.0000000000000000        0.0000000000000000        0.0000000000000000        0.0000000000000000        0.0000000000000000        0.0000000000000000       5.37491077648110988E-016  -195799514961.81320       -313054017844.39453        0.0000000000000000      T
          50          11           1  -742.20493136790344       -1276.6937626757231        0.0000000000000000       -385.62000398411362        130.74924572798039      -4.44089209850062616E-015          11          10          49          51   0.0000000000000000        0.0000000000000000        0.0000000000000000       -31722776417.757957       -270420921151.17072        0.0000000000000000       5.37491077648110988E-016   344065178644.30615       -528975842641.92322        0.0000000000000000      T
          51          11           1  -1192.6703028076845       -1321.7926430337577        0.0000000000000000       -389.21277888429188       -271.80727812665367        0.0000000000000000               11          10          50          52   0.0000000000000000        0.0000000000000000        0.0000000000000000        277694876704.04852       -479508946047.34302        0.0000000000000000       5.37491077648110988E-016  -332975221017.51624        1366503067034.6199        0.0000000000000000      T
          52          11           1  -1434.8939704534296       -1731.5602559490187        0.0000000000000000       -135.59599773529763       -408.11961304125208        0.0000000000000000               11          10          51          53   0.0000000000000000        0.0000000000000000        0.0000000000000000        404937952206.85938       -120201510476.77139        0.0000000000000000       5.37491077648110988E-016   1205823316997.1143        45103037472.611130        0.0000000000000000      T
          53          11           2  -1425.3827500766492       -2206.9837292854208        0.0000000000000000        233.45942801858814       -751.28752846332804        0.0000000000000000               11          10          52          -1   0.0000000000000000        0.0000000000000000        0.0000000000000000        0.0000000000000000        0.0000000000000000        0.0000000000000000       5.37491077648110988E-016   1087841818620.6597       -390465540259.96429        0.0000000000000000      T
          54          12           2   706.30269769742063        155.32442096946738        0.0000000000000000       -690.06930244666785        70.757375768697301       5.68434188608080149E-014          12          10          -1          55   0.0000000000000000        0.0000000000000000        0.0000000000000000        0.0000000000000000        0.0000000000000000        0.0000000000000000       5.37491077648110988E-016   3128432132.6343799       -45867542246.214653        0.0000000000000000      T
          55          12           1   7.7337683700722550        166.25715267879693        0.0000000000000000       -692.45579606860736       -143.51730760038771       6.75015598972095177E-014          12          10          54          56   0.0000000000000000        0.0000000000000000        0.0000000000000000        42909962447.515854       -164598905828.52524        0.0000000000000000       5.37491077648110988E-016   113251726638.87915       -214352984746.77734        0.0000000000000000      T
          56          12           1  -563.02722504604981       -206.26695614982899        0.0000000000000000       -348.09728150931431       -581.46227672503596        0.0000000000000000               12          10          55          57   0.0000000000000000        0.0000000000000000        0.0000000000000000        307760371340.23035       -180569247289.67734        0.0000000000000000       5.37491077648110988E-016   203977740761.43561        143994406610.32758        0.0000000000000000      T
          57          12           1  -627.96460158359423       -885.55854064807863        0.0000000000000000        177.74981224486493       -686.08066548009538        0.0000000000000000               12          10          56          58   0.0000000000000000        0.0000000000000000        0.0000000000000000        171493389643.23065        40434449133.371040        0.0000000000000000       5.37491077648110988E-016  -105044154367.20203        2050191005.5089970        0.0000000000000000      T
          58          12           2  -323.04400819248940       -1511.0424690179063        0.0000000000000000        357.04768309053622       -588.54159995881389        0.0000000000000000               12          10          57          -1   0.0000000000000000        0.0000000000000000        0.0000000000000000        0.0000000000000000        0.0000000000000000        0.0000000000000000       5.37491077648110988E-016   30037661999.426022       -11904983761.173071        0.0000000000000000      T
          59           1           1   767.52515896324303       -493.37480917776531        0.0000000000000000       -86.644140799382427        589.74862656373830      -5.68434188608080149E-014           1          11           5          65   0.0000000000000000        0.0000000000000000        0.0000000000000000       -154966584503.31342       -12983096352.040434        0.0000000000000000       5.37491077648110988E-016   101989794415.07495       -72807717365.521149        0.0000000000000000      T
          60           2           1  -1415.9104219347141       -1761.0325637881151        0.0000000000000000       -231.73264956838858       -301.13555532125315      -5.68434188608080149E-014           2          11           8          61   0.0000000000000000        0.0000000000000000        0.0000000000000000        183061978097.75110        65133443476.343491        0.0000000000000000       5.37491077648110988E-016   7307841975060.6172       -3665995938618.1240        0.0000000000000000      T
          61           2           2  -1425.3827500766492       -2206.9837292854208        0.0000000000000000        407.45641294692746       -930.76697579990901        0.0000000000000000                2          11          60          -1   0.0000000000000000        0.0000000000000000        0.0000000000000000        0.0000000000000000        0.0000000000000000        0.0000000000000000       5.37491077648110988E-016   7027702406997.1738       -2696830213388.3447        0.0000000000000000      T
          62           4           1   54.854095352511564        150.32417566530847        0.0000000000000000        611.01291743772128       -80.771619298707535      -1.42108547152020037E-014           4           7          18          66   0.0000000000000000        0.0000000000000000        0.0000000000000000       -10258320002.368896       -145318809622.73682        0.0000000000000000       5.37491077648110988E-016  -154935317262.69641       -145747568088.17694        0.0000000000000000      T
          63           7           1   40.295962969516331        194.70126948690643        0.0000000000000000        621.36119210407674        7.0365133045022930       1.77635683940025046E-015           7           8          33          67   0.0000000000000000        0.0000000000000000        0.0000000000000000        2022352697.3555560       -71892621144.082275        0.0000000000000000       5.37491077648110988E-016  -58240189553.519669        52307002770.950165        0.0000000000000000      T
          64          10           1   820.61522921419873       -497.34672824529923        0.0000000000000000       -27.965508213210732        608.00390922840131      -5.68434188608080149E-014          10          10          48          68   0.0000000000000000        0.0000000000000000        0.0000000000000000       -122760003337.45190       -2820566220.7410440        0.0000000000000000       5.37491077648110988E-016   114354487921.76321       -91332250616.183838        0.0000000000000000      T
          65           1           2   706.30269769648964        155.32442096853606        0.0000000000000000        67.657948883162646        912.10238248588371        0.0000000000000000                1          11          59          -1   0.0000000000000000        0.0000000000000000        0.0000000000000000        0.0000000000000000        0.0000000000000000        0.0000000000000000       5.37491077648110988E-016   196643152743.15921        38518426203.779167        0.0000000000000000      T
          66           4           2   706.30269769648964        155.32442096853606        0.0000000000000000        829.42208459903509        346.72545826737974      -5.68434188608080149E-014           4           7          62          -1   0.0000000000000000        0.0000000000000000        0.0000000000000000        0.0000000000000000        0.0000000000000000        0.0000000000000000       5.37491077648110988E-016  -175012914972.57849       -124948156900.23692        0.0000000000000000      T
          67           7           2   706.30269769648964        155.32442096853606        0.0000000000000000        841.00160168700893       -74.558454061654970      -2.84217094304040074E-014           7           8          63          -1   0.0000000000000000        0.0000000000000000        0.0000000000000000        0.0000000000000000        0.0000000000000000        0.0000000000000000       5.37491077648110988E-016  -23729892325.440563       -6113886414.5883923        0.0000000000000000      T
          68          10           2   706.30269769648964        155.32442096853606        0.0000000000000000       -168.95198087358412        836.34361387158992        0.0000000000000000               10          10          64          -1   0.0000000000000000        0.0000000000000000        0.0000000000000000        0.0000000000000000        0.0000000000000000        0.0000000000000000       5.37491077648110988E-016   153320096692.59146        22644156677.490841        0.0000000000000000      T
