           1   2378.6246261874257        2378.6246261874257        2378.6246261874257                0
           1   2961.9591195589951        2961.9591195589951        2961.9591195589951                0
           1   4129.2805094669511        4129.2805094669511        4129.2805094669511                0
           2   2378.6246261874257        3154.3753738125743        2378.6246261874257                0
           2   2961.9591195589951        2571.0408804410049        2961.9591195589951                0
           2   4129.2805094669511        1403.7194905330489        4129.2805094669511                0
           3   3154.3753738125743        3154.3753738125743        2378.6246261874257                0
           3   2571.0408804410049        2571.0408804410049        2961.9591195589951                0
           3   1403.7194905330489        1403.7194905330489        4129.2805094669511                0
           4   3154.3753738125743        2378.6246261874257        2378.6246261874257                0
           4   2571.0408804410049        2961.9591195589951        2961.9591195589951                0
           4   1403.7194905330489        4129.2805094669511        4129.2805094669511                0
           1           1           2  -1425.3827500776383       -2206.9837292861193        0.0000000000000000        756.01281613065748        302.02427345716831        0.0000000000000000                1          11          -1           2   0.0000000000000000        0.0000000000000000        0.0000000000000000        0.0000000000000000        0.0000000000000000        0.0000000000000000       5.37491077648110988E-016  -169650838723.08511        433421771859.51398        0.0000000000000000      T
           2           1           1  -794.30737208521975       -1966.7560329591158        0.0000000000000000        577.40767731212463        268.91815844266318        0.0000000000000000                1          11           1           3   0.0000000000000000        0.0000000000000000        0.0000000000000000       -60319637549.379395        134899239828.94644        0.0000000000000000       5.37491077648110988E-016  -194879222927.22498        326201083773.65381        0.0000000000000000      T
           3           1           1  -230.95488048256311       -1600.2174133384533        0.0000000000000000        517.64008340606836        442.60204061517641       2.84217094304040074E-014           1          11           2           4   0.0000000000000000        0.0000000000000000        0.0000000000000000       -167556575925.26291        174552070298.63812        0.0000000000000000       5.37491077648110988E-016  -181674606594.78119        46715995962.798096        0.0000000000000000      T
           4           1           1   206.56181819836183       -1090.7584923996806        0.0000000000000000        354.63955991434705        588.66630077493744       2.84217094304040074E-014           1          11           3           5   0.0000000000000000        0.0000000000000000        0.0000000000000000       -189919669947.33948        134093637930.86752        0.0000000000000000       5.37491077648110988E-016   86789382802.021225       -172966064963.83798        0.0000000000000000      T
           5           1           1   480.70919984047885       -475.59714879902435        0.0000000000000000        198.79391790567109        576.59354990336180        0.0000000000000000                1          11           4          59   0.0000000000000000        0.0000000000000000        0.0000000000000000       -133542849573.00697        39672963955.666840        0.0000000000000000       5.37491077648110988E-016   246885314993.83109       -76285940008.391663        0.0000000000000000      T
           6           2           2  -323.04400819254818       -1511.0424690182554        0.0000000000000000       -1095.8032477429599        367.96777513949934       5.68434188608080149E-014           2          11          -1           7   0.0000000000000000        0.0000000000000000        0.0000000000000000        0.0000000000000000        0.0000000000000000        0.0000000000000000       5.37491077648110988E-016  -5345227915951.3896        9613976207924.2734        0.0000000000000000      T
           7           2           1  -592.61727186924702       -1628.5498858141941        0.0000000000000000       -17.270707089268186       -318.58533815950364       5.68434188608080149E-014           2          11           6           8   0.0000000000000000        0.0000000000000000        0.0000000000000000        317934859155.61566       -533302488634.55603        0.0000000000000000       5.37491077648110988E-016  -5897333655724.4404        9277886927092.3320        0.0000000000000000      T
           8           2           1  -849.86924214121700       -1836.1091509044199        0.0000000000000000       -415.58962574597462       -68.826468159978489      -2.84217094304040074E-014           2          11           7          60   0.0000000000000000        0.0000000000000000        0.0000000000000000        38633284366.500275       -372605727737.10590        0.0000000000000000       5.37491077648110988E-016  -631790007858.37109       -2402637711645.5430        0.0000000000000000      T
           9           3           2   706.30269769742085        155.32442096946727        0.0000000000000000       -115.68240322683732       -1015.9938197506644      -5.68434188608080149E-014           3          11          -1          10   0.0000000000000000        0.0000000000000000        0.0000000000000000        0.0000000000000000        0.0000000000000000        0.0000000000000000       5.37491077648110988E-016   7299859789224.5234       -8228733016550.1729        0.0000000000000000      T
          10           3           1   343.16218396462921       -163.56839202708568        0.0000000000000000       -435.56673615650323       -146.46066256926869      -5.68434188608080149E-014           3          11           9          11   0.0000000000000000        0.0000000000000000        0.0000000000000000       -121084624537.30672        119017425135.04874        0.0000000000000000       5.37491077648110988E-016   6889995767943.8359       -8053640551629.9531        0.0000000000000000      T
          11           3           1  -19.518919186587453       -548.10490991392032        0.0000000000000000       -319.51550279917308       -508.45152262242402        0.0000000000000000                3          11          10          12   0.0000000000000000        0.0000000000000000        0.0000000000000000       -446405675766.18188        282582691179.05566        0.0000000000000000       5.37491077648110988E-016   679370144540.21423       -2761143229709.7764        0.0000000000000000      T
          12           3           1  -206.33434361689180       -1039.6317281616480        0.0000000000000000        65.139164608632683       -447.92325534472150       2.84217094304040074E-014           3          11          11          13   0.0000000000000000        0.0000000000000000        0.0000000000000000       -277736241716.50330        127988067925.96741        0.0000000000000000       5.37491077648110988E-016  -8398564431268.1855        1532210905433.2712        0.0000000000000000      T
          13           3           2  -323.04400819248940       -1511.0424690179063        0.0000000000000000       -851.61642265306500       -588.66813331064770        0.0000000000000000                3          11          12          -1   0.0000000000000000        0.0000000000000000        0.0000000000000000        0.0000000000000000        0.0000000000000000        0.0000000000000000       5.37491077648110988E-016  -10359601016142.600        2496345263881.3433        0.0000000000000000      T
          14           4           2  -1425.3827500776383       -2206.9837292861193        0.0000000000000000        203.70653275976312        836.22533483989480       5.68434188608080149E-014           4           7          -1          15   0.0000000000000000        0.0000000000000000        0.0000000000000000        0.0000000000000000        0.0000000000000000        0.0000000000000000       5.37491077648110988E-016   118654895502.08261       -28743073728.363079        0.0000000000000000      T
          15           4           1  -1260.9885787101935       -1551.3372740135692        0.0000000000000000        199.93869450186983        592.15945755289624        0.0000000000000000                4           7          14          16   0.0000000000000000        0.0000000000000000        0.0000000000000000        128216447994.71844       -42140783239.968147        0.0000000000000000       5.37491077648110988E-016   193457568886.63306       -111045962076.16441        0.0000000000000000      T
          16           4           1  -962.06343410872751       -951.31135118669602        0.0000000000000000        386.49663713948996        562.15396924678942        0.0000000000000000                4           7          15          17   0.0000000000000000        0.0000000000000000        0.0000000000000000        163121408139.64661       -123111528613.58508        0.0000000000000000       5.37491077648110988E-016   60550796938.519989       -173296507267.99063        0.0000000000000000      T
          17           4           1  -493.37324282566783       -470.35919388291984        0.0000000000000000        556.92076459374857        402.15890585189368        0.0000000000000000                4           7          16          18   0.0000000000000000        0.0000000000000000        0.0000000000000000        145783193974.02325       -192925207116.32202        0.0000000000000000       5.37491077648110988E-016  -185272808695.81696       -61992824780.944534        0.0000000000000000      T
          18           4           1   94.806533356904509       -135.38737693403976        0.0000000000000000        556.43020688241211        276.98233010360531        0.0000000000000000                4           7          17          62   0.0000000000000000        0.0000000000000000        0.0000000000000000        55115868125.118073       -111766014805.59613        0.0000000000000000       5.37491077648110988E-016  -54941101759.629578        63469362251.130180        0.0000000000000000      T
          19           5           2  -323.04400819254818       -1511.0424690182554        0.0000000000000000        324.24087088524487       -1002.4432174783466        0.0000000000000000                5           7          -1          20   0.0000000000000000        0.0000000000000000        0.0000000000000000        0.0000000000000000        0.0000000000000000        0.0000000000000000       5.37491077648110988E-016   6274076384918.0479       -5354086216390.9834        0.0000000000000000      T
          20           5           1  -457.90280852372189       -1775.4186186723482        0.0000000000000000       -348.69763758072446       -32.867571831700346        0.0000000000000000                5           7          19          21   0.0000000000000000        0.0000000000000000        0.0000000000000000        166855457539.07977       -176719498566.82721        0.0000000000000000       5.37491077648110988E-016   7701809787598.8936       -7361653748491.3711        0.0000000000000000      T
          21           5           1  -807.44202983700643       -1958.5162013025017        0.0000000000000000       -382.64438549572270       -208.50769204759177        0.0000000000000000                5           7          20          22   0.0000000000000000        0.0000000000000000        0.0000000000000000       -541532572956.92444        492542442369.75177        0.0000000000000000       5.37491077648110988E-016   7472377368990.6768       -8069167074507.2324        0.0000000000000000      T
          22           5           1  -1134.3883100547946       -2163.2463259733640        0.0000000000000000       -150.18132502960248       -296.58478188098013        0.0000000000000000                5           7          21          23   0.0000000000000000        0.0000000000000000        0.0000000000000000       -344610803364.09509        747186649947.86304        0.0000000000000000       5.37491077648110988E-016  -5836317324457.6445        9316250585069.0938        0.0000000000000000      T
          23           5           2  -1425.3827500766492       -2206.9837292854208        0.0000000000000000       -870.45247510479521        649.44423562275563      -5.68434188608080149E-014           5           7          22          -1   0.0000000000000000        0.0000000000000000        0.0000000000000000        0.0000000000000000        0.0000000000000000        0.0000000000000000       5.37491077648110988E-016  -4962582600591.0723        9816963580064.3965        0.0000000000000000      T
          24           6           2   706.30269769742085        155.32442096946727        0.0000000000000000       -415.86328144811847       -672.76350636700874        0.0000000000000000                6           7          -1          25   0.0000000000000000        0.0000000000000000        0.0000000000000000        0.0000000000000000        0.0000000000000000        0.0000000000000000       5.37491077648110988E-016  -4704916186424.4258        886863191781.54883        0.0000000000000000      T
          25           6           1   623.46388378595361       -344.50414209236317        0.0000000000000000       -26.910061024019285       -446.48233289471142      -5.68434188608080149E-014           6           7          24          26   0.0000000000000000        0.0000000000000000        0.0000000000000000        7320544526.5475540        26645335234.668945        0.0000000000000000       5.37491077648110988E-016  -4037694260409.9844        1012639931869.6631        0.0000000000000000      T
          26           6           1   426.90986101728936       -815.70117371101196        0.0000000000000000       -314.67498449619956       -454.38394609558310        0.0000000000000000                6           7          25          27   0.0000000000000000        0.0000000000000000        0.0000000000000000       -71491776725.326004        94168524738.955322        0.0000000000000000       5.37491077648110988E-016  -1878030516458.8359        871412322874.64136        0.0000000000000000      T
          27           6           1   90.196364217947121       -1204.8919467449916        0.0000000000000000       -314.19255969520259       -317.14529668084128      -1.42108547152020037E-014           6           7          26          28   0.0000000000000000        0.0000000000000000        0.0000000000000000       -74619707585.942993        122709722599.74551        0.0000000000000000       5.37491077648110988E-016  -901102538814.29797        713446004615.54333        0.0000000000000000      T
          28           6           2  -323.04400819248940       -1511.0424690179063        0.0000000000000000       -678.41638435232551       -363.05875310173519      -2.84217094304040074E-014           6           7          27          -1   0.0000000000000000        0.0000000000000000        0.0000000000000000        0.0000000000000000        0.0000000000000000        0.0000000000000000       5.37491077648110988E-016  -612659897982.01892        533659203541.09033        0.0000000000000000      T
          29           7           2  -1425.3827500776383       -2206.9837292861193        0.0000000000000000       -207.88434095919885        874.33425463557251        0.0000000000000000                7           8          -1          30   0.0000000000000000        0.0000000000000000        0.0000000000000000        0.0000000000000000        0.0000000000000000        0.0000000000000000       5.37491077648110988E-016  -3412696839083.0493        478973182625.16437        0.0000000000000000      T
          30           7           1  -1377.9900079610070       -1625.2490878592098        0.0000000000000000        159.39001514021550        505.20026379794251        0.0000000000000000                7           8          29          31   0.0000000000000000        0.0000000000000000        0.0000000000000000        88629012755.203506        11541548962.775364        0.0000000000000000       5.37491077648110988E-016  -3423656949639.9653        718990598298.94702        0.0000000000000000      T
          31           7           1  -1205.2172621079762       -1051.8317066044333        0.0000000000000000        230.82074430732177        570.32075821771616        0.0000000000000000                7           8          30          32   0.0000000000000000        0.0000000000000000        0.0000000000000000        187851751610.40717       -48124061305.678177        0.0000000000000000       5.37491077648110988E-016  -2090164952815.2742        686334382793.32056        0.0000000000000000      T
          32           7           1  -886.12451821519960       -550.87418545791525        0.0000000000000000        392.92347686791857        436.64141053507632        0.0000000000000000                7           8          31          33   0.0000000000000000        0.0000000000000000        0.0000000000000000        189520851037.97562       -136598758448.89429        0.0000000000000000       5.37491077648110988E-016  -779720540292.96411        305506738534.72577        0.0000000000000000      T
          33           7           1  -430.09896363895376       -174.89213890483376        0.0000000000000000        522.84024362807259        313.93230274077706       2.84217094304040074E-014           7           8          32          63   0.0000000000000000        0.0000000000000000        0.0000000000000000        76800417244.523926       -129311048264.75229        0.0000000000000000       5.37491077648110988E-016  -64976363116.137848       -32209884939.963272        0.0000000000000000      T
          34           8           2  -323.04400819254818       -1511.0424690182554        0.0000000000000000        403.33096126657495       -884.84996080046938        0.0000000000000000                8           8          -1          35   0.0000000000000000        0.0000000000000000        0.0000000000000000        0.0000000000000000        0.0000000000000000        0.0000000000000000       5.37491077648110988E-016   9145266617112.3281       -6112617974479.5791        0.0000000000000000      T
          35           8           1  -437.49566134591981       -1800.4993905730566        0.0000000000000000       -342.43810924408592       -80.801589416082976       5.68434188608080149E-014           8           8          34          36   0.0000000000000000        0.0000000000000000        0.0000000000000000       -388205017498.87598        176713886524.51837        0.0000000000000000       5.37491077648110988E-016   8495723046908.6914       -6955995451482.4180        0.0000000000000000      T
          36           8           1  -762.42598936979061       -1978.1528876945497        0.0000000000000000       -351.72446782195851       -193.27493756408239       2.84217094304040074E-014           8           8          35          37   0.0000000000000000        0.0000000000000000        0.0000000000000000       -269334156399.09106        222793476728.27927        0.0000000000000000       5.37491077648110988E-016   3185519918107.6021       -3750412607101.2095        0.0000000000000000      T
          37           8           1  -1095.2607789335966       -2157.2471803249523        0.0000000000000000       -223.95937223111105       -216.34202958327444      -2.84217094304040074E-014           8           8          36          38   0.0000000000000000        0.0000000000000000        0.0000000000000000       -113813130632.78886        775423573716.28882        0.0000000000000000       5.37491077648110988E-016  -4605053616806.1113        9989219728757.9570        0.0000000000000000      T
          38           8           2  -1425.3827500766492       -2206.9837292854208        0.0000000000000000       -741.30832537417314        372.15053112456746        0.0000000000000000                8           8          37          -1   0.0000000000000000        0.0000000000000000        0.0000000000000000        0.0000000000000000        0.0000000000000000        0.0000000000000000       5.37491077648110988E-016  -3214341244750.3477        10519886423450.436        0.0000000000000000      T
          39           9           2   706.30269769742017        155.32442096946733        0.0000000000000000        355.34037261660535       -802.06095007543502        0.0000000000000000                9           8          -1          40   0.0000000000000000        0.0000000000000000        0.0000000000000000        0.0000000000000000        0.0000000000000000        0.0000000000000000       5.37491077648110988E-016   4441666598586.9834       -744285489965.85767        0.0000000000000000      T
          40           9           1   689.53676748583086       -352.28745520564348        0.0000000000000000       -183.03951356686488       -431.72226335780624       5.68434188608080149E-014           9           8          39          41   0.0000000000000000        0.0000000000000000        0.0000000000000000       -123113325262.10251       -40553088119.388931        0.0000000000000000       5.37491077648110988E-016   4901098330699.6377       -1306925675499.9854        0.0000000000000000      T
          41           9           1   488.66562075334042       -845.49116542274965        0.0000000000000000       -276.09354918138479       -473.49675566999088        0.0000000000000000                9           8          40          42   0.0000000000000000        0.0000000000000000        0.0000000000000000       -263105414316.28156        71597815762.224121        0.0000000000000000       5.37491077648110988E-016   3729995997761.4263       -1864721109545.6475        0.0000000000000000      T
          42           9           1   127.44889883449599       -1231.4901821954857        0.0000000000000000       -398.84989566160095       -311.89889493175679       2.84217094304040074E-014           9           8          41          43   0.0000000000000000        0.0000000000000000        0.0000000000000000       -225138467889.81665        204341150026.78683        0.0000000000000000       5.37491077648110988E-016   1485174165706.5430       -1160954907981.0725        0.0000000000000000      T
          43           9           2  -323.04400819248968       -1511.0424690179061        0.0000000000000000       -563.63575500970194       -275.56157538845150       2.84217094304040074E-014           9           8          42          -1   0.0000000000000000        0.0000000000000000        0.0000000000000000        0.0000000000000000        0.0000000000000000        0.0000000000000000       5.37491077648110988E-016  -44039355787.603600        85832564985.043701        0.0000000000000000      T
          44          10           2  -1425.3827500776383       -2206.9837292861193        0.0000000000000000        784.08332061412648        215.56426058936052      -1.42108547152020037E-014          10          10          -1          45   0.0000000000000000        0.0000000000000000        0.0000000000000000        0.0000000000000000        0.0000000000000000        0.0000000000000000       5.37491077648110988E-016  -206132552191.58475        519632299173.60669        0.0000000000000000      T
          45          10           1  -764.33080932982182       -2014.3113624546854        0.0000000000000000        604.67706805500382        246.24482545218643       1.42108547152020037E-014          10          10          44          46   0.0000000000000000        0.0000000000000000        0.0000000000000000       -59509308720.591530        113585942347.62883        0.0000000000000000       5.37491077648110988E-016  -431025940611.52246        696961617145.21875        0.0000000000000000      T
          46          10           1  -182.11542031496214       -1657.7479308379079        0.0000000000000000        527.01039645388653        447.16383294652820      -2.84217094304040074E-014          10          10          45          47   0.0000000000000000        0.0000000000000000        0.0000000000000000       -103118262256.82393        104906560315.86632        0.0000000000000000       5.37491077648110988E-016  -675423020585.58276        740375383047.99072        0.0000000000000000      T
          47          10           1   263.88805921404452       -1140.2901676997583        0.0000000000000000        371.93795176104902        587.16342702648171        0.0000000000000000               10          10          46          48   0.0000000000000000        0.0000000000000000        0.0000000000000000       -126044965705.67038        74781206790.147430        0.0000000000000000       5.37491077648110988E-016  -172898064574.51971        106644529442.52011        0.0000000000000000      T
          48          10           1   554.92792801477844       -519.67328087497742        0.0000000000000000        196.36784149113967        618.40640883633625        0.0000000000000000               10          10          47          64   0.0000000000000000        0.0000000000000000        0.0000000000000000       -110289618655.05927        37748364245.323021        0.0000000000000000       5.37491077648110988E-016   38720753287.293610       -72279655795.784760        0.0000000000000000      T
          49          11           2  -323.04400819254818       -1511.0424690182554        0.0000000000000000       -837.59149903550133        81.303182263138439      -5.68434188608080149E-014          11          10          -1          50   0.0000000000000000        0.0000000000000000        0.0000000000000000        0.0000000000000000        0.0000000000000000        0.0000000000000000       5.37491077648110988E-016  -5466751445279.3887        9545398296327.6973        0.0000000000000000      T
          50          11           1  -612.91225182813037       -1649.8317083141014        0.0000000000000000       -149.16867271466688       -195.78766064788556       7.10542735760100186E-015          11          10          49          51   0.0000000000000000        0.0000000000000000        0.0000000000000000        512073203812.04755       -857814769972.96448        0.0000000000000000       5.37491077648110988E-016  -5946762502754.5059        9252055885811.7773        0.0000000000000000      T
          51          11           1  -926.99017632781363       -1797.3425989331884        0.0000000000000000       -377.57231451162818       -157.05292941639442        0.0000000000000000               11          10          50          52   0.0000000000000000        0.0000000000000000        0.0000000000000000        113585114150.54913       -200996030035.99228        0.0000000000000000       5.37491077648110988E-016   4065724841562.1006       -6138413536945.3379        0.0000000000000000      T
          52          11           1  -1182.7290098220130       -2003.4175675085187        0.0000000000000000       -49.992343220467745       -236.75819926978789      -3.55271367880050093E-014          11          10          51          53   0.0000000000000000        0.0000000000000000        0.0000000000000000       -227416211937.63617        48823423553.153030        0.0000000000000000       5.37491077648110988E-016  -8358903672585.2832        4868618954479.5576        0.0000000000000000      T
          53          11           2  -1425.3827500766492       -2206.9837292854208        0.0000000000000000       -917.63603385300712       -124.83766456115215       7.10542735760100186E-015          11          10          52          -1   0.0000000000000000        0.0000000000000000        0.0000000000000000        0.0000000000000000        0.0000000000000000        0.0000000000000000       5.37491077648110988E-016  -4260365938221.2681        684075012592.97388        0.0000000000000000      T
          54          12           2   706.30269769742063        155.32442096946738        0.0000000000000000       -611.93416490594200       -449.05705246133647       2.84217094304040074E-014          12          10          -1          55   0.0000000000000000        0.0000000000000000        0.0000000000000000        0.0000000000000000        0.0000000000000000        0.0000000000000000       5.37491077648110988E-016   264094708639.54587       -545997738799.04333        0.0000000000000000      T
          55          12           1   293.66065302133984       -152.47050830951443        0.0000000000000000       -331.56632822407539       -295.64654497440819       2.84217094304040074E-014          12          10          54          56   0.0000000000000000        0.0000000000000000        0.0000000000000000        67330279752.693527       -96086952457.092621        0.0000000000000000       5.37491077648110988E-016   8060323310.5653858       -260540185035.26593        0.0000000000000000      T
          56          12           1  -42.460086919287221       -541.94570096384086        0.0000000000000000       -308.08887604787975       -460.16713344095524      -2.84217094304040074E-014          12          10          55          57   0.0000000000000000        0.0000000000000000        0.0000000000000000        66131521591.701813       -71770831382.218567        0.0000000000000000       5.37491077648110988E-016  -1134917018427.4399        335386695734.35205        0.0000000000000000      T
          57          12           1  -239.78303431502903       -1010.9121284166638        0.0000000000000000       -36.409229593512606       -439.00978158321925        0.0000000000000000               12          10          56          58   0.0000000000000000        0.0000000000000000        0.0000000000000000       -21261570034.387604       -12546424280.421997        0.0000000000000000       5.37491077648110988E-016  -3463547121707.0039        781897048404.81250        0.0000000000000000      T
          58          12           2  -323.04400819248940       -1511.0424690179063        0.0000000000000000       -388.02596939767665       -691.08404438836442        0.0000000000000000               12          10          57          -1   0.0000000000000000        0.0000000000000000        0.0000000000000000        0.0000000000000000        0.0000000000000000        0.0000000000000000       5.37491077648110988E-016  -4284490198440.4844        768569447127.13184        0.0000000000000000      T
          59           1           2   706.30269769648964        155.32442096853606        0.0000000000000000        349.40740695735150        843.20823971626464       5.68434188608080149E-014           1          11           5          -1   0.0000000000000000        0.0000000000000000        0.0000000000000000        0.0000000000000000        0.0000000000000000        0.0000000000000000       5.37491077648110988E-016   116660980068.17746       -33688314572.713936        0.0000000000000000      T
          60           2           1  -1224.7903034878677       -1894.4317776263133        0.0000000000000000       -216.88988478269584       -203.75446463693930       8.52651282912120223E-014           2          11           8          61   0.0000000000000000        0.0000000000000000        0.0000000000000000       -684222400959.15308        831110136024.51587        0.0000000000000000       5.37491077648110988E-016  -8297235450176.4980        948577769313.55164        0.0000000000000000      T
          61           2           2  -1425.3827500766492       -2206.9837292854208        0.0000000000000000       -443.39135892953800       -228.77940843526699       2.84217094304040074E-014           2          11          60          -1   0.0000000000000000        0.0000000000000000        0.0000000000000000        0.0000000000000000        0.0000000000000000        0.0000000000000000       5.37491077648110988E-016  -9485635141502.3105        5569804840593.2881        0.0000000000000000      T
          62           4           2   706.30269769648964        155.32442096853606        0.0000000000000000        816.38622944307599        366.96261828805319        0.0000000000000000                4           7          18          -1   0.0000000000000000        0.0000000000000000        0.0000000000000000        0.0000000000000000        0.0000000000000000        0.0000000000000000       5.37491077648110988E-016  -36962827395.973824        70301040986.847076        0.0000000000000000      T
          63           7           1   113.82085810178503        64.097143004594358        0.0000000000000000        515.55167757074651        152.54336388934450      -2.84217094304040074E-014           7           8          33          65   0.0000000000000000        0.0000000000000000        0.0000000000000000        24359938145.076782       -80576617265.310440        0.0000000000000000       5.37491077648110988E-016  -65287883091.554596        51221062870.079811        0.0000000000000000      T
          64          10           2   706.30269769648964        155.32442096853606        0.0000000000000000        169.83459772172765        826.05470363305596        0.0000000000000000               10          10          48          -1   0.0000000000000000        0.0000000000000000        0.0000000000000000        0.0000000000000000        0.0000000000000000        0.0000000000000000       5.37491077648110988E-016   163284326174.46872       -33117766127.819534        0.0000000000000000      T
          65           7           2   706.30269769648964        155.32442096853606        0.0000000000000000        824.15803009527144        66.543921321953832      -2.84217094304040074E-014           7           8          63          -1   0.0000000000000000        0.0000000000000000        0.0000000000000000        0.0000000000000000        0.0000000000000000        0.0000000000000000       5.37491077648110988E-016  -24739992261.734035        105780904161.70000        0.0000000000000000      T
