           0           0
   0.0000000000000000        85.089865122803701     
  1.00000000000000002E-002   85.089865122803701     
  1.00000000000000002E-002   1.9731562179406210     
  2.00000000000000004E-002   1.9731562179406210     
  2.00000000000000004E-002   2.6892713932454599     
  2.99999999999999989E-002   2.6892713932454599     
  2.99999999999999989E-002   3.7156868786352741     
  4.00000000000000008E-002   3.7156868786352741     
  4.00000000000000008E-002   1.1192788526520969     
  5.00000000000000028E-002   1.1192788526520969     
  5.00000000000000028E-002   1.6531040448906107     
  5.99999999999999978E-002   1.6531040448906107     
  5.99999999999999978E-002  0.71078014027996583     
  7.00000000000000067E-002  0.71078014027996583     
  7.00000000000000067E-002  0.50455095699100705     
  8.00000000000000017E-002  0.50455095699100705     
  8.00000000000000017E-002  0.27914045018223438     
  8.99999999999999967E-002  0.27914045018223438     
  8.99999999999999967E-002  0.30932467789145879     
  0.10000000000000001       0.30932467789145879     
  0.10000000000000001       0.44503624413543630     
  0.11000000000000000       0.44503624413543630     
  0.11000000000000000       0.13515591849158798     
  0.12000000000000000       0.13515591849158798     
  0.12000000000000000       0.44026333682177282     
  0.13000000000000000       0.44026333682177282     
  0.13000000000000000        0.0000000000000000     
  0.14000000000000001        0.0000000000000000     
  0.14000000000000001       9.49493758646029334E-002
  0.14999999999999999       9.49493758646029334E-002
  0.14999999999999999        0.0000000000000000     
  0.16000000000000000        0.0000000000000000     
  0.16000000000000000        0.0000000000000000     
  0.17000000000000001        0.0000000000000000     
  0.17000000000000001        0.0000000000000000     
  0.17999999999999999        0.0000000000000000     
  0.17999999999999999        0.0000000000000000     
  0.19000000000000000        0.0000000000000000     
  0.19000000000000000        0.0000000000000000     
  0.20000000000000001        0.0000000000000000     
  0.20000000000000001        0.0000000000000000     
  0.20999999999999999        0.0000000000000000     
  0.20999999999999999        0.0000000000000000     
  0.22000000000000000        0.0000000000000000     
  0.22000000000000000        0.0000000000000000     
  0.23000000000000001        0.0000000000000000     
  0.23000000000000001        0.0000000000000000     
  0.23999999999999999        0.0000000000000000     
  0.23999999999999999        0.0000000000000000     
  0.25000000000000000        0.0000000000000000     
  0.25000000000000000        0.0000000000000000     
  0.26000000000000001        0.0000000000000000     
  0.26000000000000001        0.0000000000000000     
  0.27000000000000002        0.0000000000000000     
  0.27000000000000002        0.0000000000000000     
  0.28000000000000003        0.0000000000000000     
  0.28000000000000003        0.0000000000000000     
  0.28999999999999998        0.0000000000000000     
  0.28999999999999998        0.0000000000000000     
  0.29999999999999999        0.0000000000000000     
  0.29999999999999999        0.0000000000000000     
  0.31000000000000000        0.0000000000000000     
  0.31000000000000000        0.0000000000000000     
  0.32000000000000001        0.0000000000000000     
  0.32000000000000001        0.0000000000000000     
  0.33000000000000002        0.0000000000000000     
  0.33000000000000002        0.0000000000000000     
  0.34000000000000002        0.0000000000000000     
  0.34000000000000002        0.0000000000000000     
  0.34999999999999998        0.0000000000000000     
  0.34999999999999998        0.0000000000000000     
  0.35999999999999999        0.0000000000000000     
  0.35999999999999999        0.0000000000000000     
  0.37000000000000000        0.0000000000000000     
  0.37000000000000000        0.0000000000000000     
  0.38000000000000000        0.0000000000000000     
  0.38000000000000000        0.0000000000000000     
  0.39000000000000001        0.0000000000000000     
  0.39000000000000001        0.0000000000000000     
  0.40000000000000002        0.0000000000000000     
  0.40000000000000002        0.0000000000000000     
  0.40999999999999998        0.0000000000000000     
  0.40999999999999998        0.0000000000000000     
  0.41999999999999998        0.0000000000000000     
  0.41999999999999998        0.0000000000000000     
  0.42999999999999999        0.0000000000000000     
  0.42999999999999999        0.0000000000000000     
  0.44000000000000000        0.0000000000000000     
  0.44000000000000000        0.0000000000000000     
  0.45000000000000001        0.0000000000000000     
  0.45000000000000001        0.0000000000000000     
  0.46000000000000002        0.0000000000000000     
  0.46000000000000002        0.0000000000000000     
  0.46999999999999997        0.0000000000000000     
  0.46999999999999997        0.0000000000000000     
  0.47999999999999998        0.0000000000000000     
  0.47999999999999998        0.0000000000000000     
  0.48999999999999999        0.0000000000000000     
  0.48999999999999999        0.0000000000000000     
  0.50000000000000000        0.0000000000000000     
  0.50000000000000000        0.0000000000000000     
  0.51000000000000001        0.0000000000000000     
  0.51000000000000001        0.0000000000000000     
  0.52000000000000002        0.0000000000000000     
  0.52000000000000002        0.0000000000000000     
  0.53000000000000003        0.0000000000000000     
  0.53000000000000003        0.0000000000000000     
  0.54000000000000004        0.0000000000000000     
  0.54000000000000004        0.0000000000000000     
  0.55000000000000004        0.0000000000000000     
  0.55000000000000004        0.0000000000000000     
  0.56000000000000005        0.0000000000000000     
  0.56000000000000005        0.0000000000000000     
  0.56999999999999995        0.0000000000000000     
  0.56999999999999995        0.0000000000000000     
  0.57999999999999996        0.0000000000000000     
  0.57999999999999996        0.0000000000000000     
  0.58999999999999997        0.0000000000000000     
  0.58999999999999997        0.0000000000000000     
  0.59999999999999998        0.0000000000000000     
  0.59999999999999998        0.0000000000000000     
  0.60999999999999999        0.0000000000000000     
  0.60999999999999999        0.0000000000000000     
  0.62000000000000000        0.0000000000000000     
  0.62000000000000000        0.0000000000000000     
  0.63000000000000000        0.0000000000000000     
  0.63000000000000000        0.0000000000000000     
  0.64000000000000001        0.0000000000000000     
  0.64000000000000001        0.0000000000000000     
  0.65000000000000002        0.0000000000000000     
  0.65000000000000002        0.0000000000000000     
  0.66000000000000003        0.0000000000000000     
  0.66000000000000003        0.0000000000000000     
  0.67000000000000004        0.0000000000000000     
  0.67000000000000004        0.0000000000000000     
  0.68000000000000005        0.0000000000000000     
  0.68000000000000005        0.0000000000000000     
  0.68999999999999995        0.0000000000000000     
  0.68999999999999995        0.0000000000000000     
  0.69999999999999996        0.0000000000000000     
  0.69999999999999996        0.0000000000000000     
  0.70999999999999996        0.0000000000000000     
  0.70999999999999996        0.0000000000000000     
  0.71999999999999997        0.0000000000000000     
  0.71999999999999997        0.0000000000000000     
  0.72999999999999998        0.0000000000000000     
  0.72999999999999998        0.0000000000000000     
  0.73999999999999999        0.0000000000000000     
  0.73999999999999999        0.0000000000000000     
  0.75000000000000000        0.0000000000000000     
  0.75000000000000000        0.0000000000000000     
  0.76000000000000001        0.0000000000000000     
  0.76000000000000001        0.0000000000000000     
  0.77000000000000002        0.0000000000000000     
  0.77000000000000002        0.0000000000000000     
  0.78000000000000003        0.0000000000000000     
  0.78000000000000003        0.0000000000000000     
  0.79000000000000004        0.0000000000000000     
  0.79000000000000004        0.0000000000000000     
  0.80000000000000004        0.0000000000000000     
  0.80000000000000004        0.0000000000000000     
  0.81000000000000005        0.0000000000000000     
  0.81000000000000005       0.32677694731374796     
  0.81999999999999995       0.32677694731374796     
  0.81999999999999995        0.0000000000000000     
  0.82999999999999996        0.0000000000000000     
  0.82999999999999996        0.0000000000000000     
  0.83999999999999997        0.0000000000000000     
  0.83999999999999997        0.0000000000000000     
  0.84999999999999998        0.0000000000000000     
  0.84999999999999998        0.0000000000000000     
  0.85999999999999999        0.0000000000000000     
  0.85999999999999999        0.0000000000000000     
  0.87000000000000000        0.0000000000000000     
  0.87000000000000000        0.0000000000000000     
  0.88000000000000000        0.0000000000000000     
  0.88000000000000000        0.0000000000000000     
  0.89000000000000001        0.0000000000000000     
  0.89000000000000001        0.0000000000000000     
  0.90000000000000002        0.0000000000000000     
  0.90000000000000002        0.0000000000000000     
  0.91000000000000003        0.0000000000000000     
  0.91000000000000003        0.0000000000000000     
  0.92000000000000004        0.0000000000000000     
  0.92000000000000004        0.0000000000000000     
  0.93000000000000005        0.0000000000000000     
  0.93000000000000005        0.0000000000000000     
  0.93999999999999995        0.0000000000000000     
  0.93999999999999995        0.0000000000000000     
  0.94999999999999996        0.0000000000000000     
  0.94999999999999996        0.0000000000000000     
  0.95999999999999996        0.0000000000000000     
  0.95999999999999996        0.0000000000000000     
  0.96999999999999997        0.0000000000000000     
  0.96999999999999997        0.0000000000000000     
  0.97999999999999998        0.0000000000000000     
  0.97999999999999998        0.0000000000000000     
  0.98999999999999999        0.0000000000000000     
  0.98999999999999999       0.51365944186039258     
   1.0000000000000000       0.51365944186039258     
   1.0000000               0
